1 1 1 1 1 1 1 1 1 1 1 1 1 1 1 1 1 1 1 1 1 1 1 1 1 1 1 1 1 1 1 1 1 1 1 2 2 2 2 1 1 2 2 2 2 2 2 2 1 1 2 1 1 2 2 2 2 2 2 2 2 1 1 2 2 2 2 2 2 2 2 2 2 2 2 2 3 3 3 3 
1 1 1 1 1 1 1 1 1 1 1 1 1 1 1 1 1 1 1 1 1 1 1 1 1 1 1 1 1 1 1 1 1 1 1 2 2 2 2 1 1 2 2 2 2 2 2 2 2 2 2 1 1 2 2 2 2 2 2 2 2 1 1 2 2 2 2 2 2 2 2 2 2 2 2 2 3 3 3 3 
1 1 1 1 1 1 1 1 1 1 1 1 1 1 1 1 1 1 1 1 1 1 1 1 1 1 1 1 1 1 1 1 1 1 1 2 2 2 2 2 2 2 2 2 2 2 2 2 1 1 2 2 2 2 2 2 2 2 2 2 2 2 2 2 2 2 2 2 2 2 2 2 2 2 2 3 3 3 3 3 
1 1 1 1 1 1 1 1 1 1 1 1 1 1 1 1 1 1 1 1 1 1 1 1 1 1 1 1 1 1 1 1 1 1 1 2 2 2 2 2 2 2 2 2 2 2 2 2 1 1 2 2 2 2 2 2 2 2 2 2 2 2 2 2 2 2 2 2 2 2 2 2 2 2 2 3 3 3 3 3 
1 1 1 1 1 1 1 1 1 1 1 1 1 1 1 1 1 1 1 1 1 1 1 1 1 1 1 1 1 1 1 1 1 1 1 2 2 2 2 2 2 2 2 2 1 1 1 2 2 2 2 2 2 2 2 2 2 2 2 2 2 2 2 2 2 2 2 2 2 2 2 2 2 3 3 3 3 3 4 3 
1 1 1 1 1 1 1 1 1 1 1 1 1 1 1 1 1 1 1 1 1 1 1 1 1 1 1 1 1 1 1 1 1 1 1 2 2 2 2 2 2 2 2 2 2 1 1 2 2 2 2 2 2 2 2 2 2 2 2 2 2 2 2 2 2 2 2 2 2 2 2 2 2 2 2 3 3 3 4 3 
1 1 1 1 1 1 1 1 1 1 1 1 1 1 1 1 1 1 1 1 1 1 1 1 1 1 1 1 1 1 1 1 2 1 1 2 2 2 2 2 2 2 2 2 2 2 2 2 2 2 2 2 2 2 2 2 2 2 2 2 2 2 2 2 2 2 2 2 2 2 2 2 2 2 2 3 3 3 3 3 
1 1 1 1 1 1 1 1 1 1 1 1 1 1 1 1 1 1 1 1 1 1 1 1 1 1 1 1 1 1 1 1 1 1 1 2 2 2 2 2 2 2 2 2 2 1 1 2 2 2 2 2 2 2 2 2 2 2 2 2 2 2 2 2 2 2 2 2 2 2 2 2 2 2 3 3 3 3 3 4 
1 1 1 1 1 1 1 1 1 1 1 1 1 1 1 1 1 1 1 1 1 1 1 1 1 1 1 1 1 1 1 1 1 1 1 2 2 2 2 2 2 2 2 2 2 1 1 2 2 2 2 2 2 2 2 2 2 2 2 2 2 2 2 2 2 2 2 2 2 2 2 2 2 3 3 3 3 3 4 4 
1 1 1 1 1 1 1 1 1 1 1 1 1 1 1 1 2 2 2 2 2 2 1 1 1 1 1 1 1 1 1 1 1 1 1 1 2 2 2 2 2 1 1 2 2 2 2 2 2 2 2 2 2 2 2 2 2 2 2 2 2 2 2 2 2 2 2 2 2 2 2 2 2 3 3 3 3 3 4 3 
1 1 1 1 1 1 1 1 1 1 1 1 1 1 1 2 2 2 2 2 2 3 2 2 2 2 2 1 1 1 1 1 1 1 1 1 2 2 2 2 2 1 1 2 2 2 2 2 2 2 2 2 2 2 2 2 2 2 2 2 2 2 2 2 2 2 2 2 2 2 2 2 2 3 3 3 3 3 4 3 
1 1 1 1 1 1 1 1 1 1 1 1 1 1 1 2 2 2 2 2 2 3 2 2 2 2 3 3 3 2 2 2 1 1 1 1 1 1 2 2 1 2 1 1 2 2 2 2 2 2 2 2 2 2 2 2 2 2 2 2 2 2 2 2 2 2 2 2 2 2 2 2 2 3 3 3 3 3 4 3 
1 1 1 1 1 1 1 1 1 1 1 1 1 1 1 2 2 2 2 2 2 3 2 2 2 2 3 3 4 3 3 3 3 3 2 2 2 2 2 1 1 2 1 1 2 2 2 2 2 2 2 2 2 2 2 2 2 2 2 2 2 2 2 2 2 2 2 2 2 2 2 2 2 3 3 3 3 3 4 3 
1 1 1 1 1 1 1 1 1 1 1 1 1 1 1 2 2 2 2 2 3 2 2 2 2 2 2 2 3 3 3 3 3 3 3 3 3 3 3 2 2 2 2 2 2 2 2 2 2 2 2 2 2 2 2 2 2 2 2 2 2 2 2 2 2 2 2 2 2 2 2 2 2 3 3 3 3 3 4 3 
1 1 1 1 1 1 1 1 1 1 1 1 1 1 1 2 2 2 2 2 2 2 2 2 2 2 2 2 3 3 3 3 3 3 3 3 3 4 4 4 4 3 3 3 3 2 2 2 2 2 2 2 2 2 2 2 2 1 1 2 2 2 2 2 2 2 2 2 2 2 2 2 2 3 3 3 3 3 3 3 
1 1 1 1 1 1 1 1 1 1 1 1 1 1 2 2 3 3 3 2 3 3 2 2 2 2 2 2 2 2 2 3 3 3 3 3 4 4 4 5 5 5 4 4 4 4 3 3 3 3 2 2 2 2 2 2 2 1 1 2 2 2 2 2 2 2 2 2 2 2 2 2 2 3 3 3 3 3 3 3 
1 1 1 1 1 1 1 1 1 1 1 1 1 1 2 2 2 3 3 3 3 3 2 2 2 2 2 3 2 2 2 3 3 3 3 4 4 6 6 6 5 5 4 4 4 4 4 4 4 4 3 3 3 3 2 2 2 2 2 2 1 1 2 2 2 2 2 2 2 2 2 2 2 2 3 3 3 3 3 3 
1 1 1 1 1 1 1 1 1 1 1 1 1 1 2 2 2 2 2 3 3 2 2 3 3 2 2 3 2 2 3 3 3 3 4 10 57 123 83 45 52 10 4 5 4 4 4 4 4 4 4 4 4 4 4 4 3 3 2 2 1 1 2 2 2 2 2 2 2 2 2 2 2 2 2 3 3 3 4 3 
1 1 1 1 1 1 1 1 1 1 1 1 1 2 2 2 2 2 2 3 2 2 2 3 3 3 3 3 3 3 3 3 4 4 8 102 225 237 162 166 224 110 11 5 4 4 4 4 4 4 4 4 4 4 4 4 4 4 3 3 2 2 2 2 1 1 2 1 1 2 2 2 2 2 2 3 3 3 3 3 
1 1 1 1 1 1 1 1 1 1 1 1 1 2 2 2 2 2 3 3 2 2 3 2 2 3 3 4 3 3 3 3 4 4 50 219 183 73 36 87 218 230 67 5 5 4 4 4 4 4 4 4 4 4 4 4 4 4 4 4 3 3 3 2 1 1 2 1 1 1 2 2 2 2 2 3 3 3 3 3 
1 1 1 1 1 1 1 1 1 1 1 1 1 2 2 2 2 2 3 3 3 3 3 2 2 3 3 4 3 3 3 3 3 4 83 177 41 3 2 5 105 230 95 7 5 4 4 4 4 4 4 4 4 4 4 3 4 4 4 4 3 3 3 2 1 2 2 1 1 1 2 2 2 2 2 2 3 3 3 3 
1 1 1 1 1 1 1 1 1 1 1 1 1 2 2 2 2 2 3 3 3 3 3 3 3 3 3 4 3 4 3 3 3 4 43 66 4 2 2 2 28 125 58 6 4 4 4 4 4 4 4 4 5 4 4 3 3 4 4 3 3 2 3 2 1 1 1 1 1 2 2 2 2 2 2 2 2 3 3 3 
1 1 1 1 1 1 1 1 1 1 1 1 2 2 2 2 2 2 3 2 2 3 3 3 3 3 4 4 3 3 3 3 3 4 105 163 15 2 2 2 43 202 151 10 4 4 4 4 4 4 4 4 6 5 3 3 4 4 3 3 3 2 3 2 1 1 1 1 1 1 2 2 2 2 2 2 2 2 3 3 
1 1 1 1 1 1 1 1 1 1 1 1 2 2 2 2 2 3 3 2 2 4 4 4 3 3 4 3 3 3 3 3 3 4 68 220 101 9 2 12 139 246 117 6 5 4 4 4 4 4 4 4 6 4 3 3 4 3 3 3 3 3 2 1 1 1 1 1 1 1 1 1 2 2 2 2 2 2 2 3 
1 1 1 1 1 1 1 1 1 1 1 1 2 2 2 2 2 3 3 4 11 7 5 4 3 3 4 3 3 3 3 3 4 4 14 130 219 152 64 127 234 185 35 5 5 4 4 4 4 4 4 3 3 4 3 3 3 3 3 3 3 3 2 1 1 1 1 1 1 1 1 1 1 1 2 2 2 2 2 2 
1 1 1 1 1 1 1 1 1 1 1 1 2 2 2 2 3 3 3 16 71 66 22 6 14 13 7 4 4 3 3 3 4 4 5 16 92 173 118 94 120 36 5 5 5 5 5 4 4 4 4 4 4 3 3 3 3 3 3 3 3 3 2 1 1 1 1 1 1 1 1 1 1 1 1 2 2 2 2 2 
1 1 1 1 1 1 1 1 1 1 1 2 3 3 3 3 3 3 4 30 90 88 31 44 81 79 59 14 4 5 8 7 4 4 4 5 6 15 16 7 6 5 5 4 4 5 5 4 4 4 4 4 4 3 3 3 3 3 3 3 3 2 1 1 1 1 1 1 1 1 1 1 1 1 1 1 1 2 2 2 
1 1 1 1 1 1 1 1 1 1 1 2 3 3 3 3 3 4 5 46 94 88 69 91 93 74 32 8 25 61 73 69 48 16 5 6 6 5 5 5 5 5 5 4 4 5 5 4 4 4 4 3 3 3 3 3 3 2 2 2 3 2 1 1 1 1 1 1 1 1 1 1 1 1 1 1 1 2 2 2 
1 1 1 1 1 1 1 1 1 1 1 3 3 3 3 3 3 4 7 62 95 95 94 94 67 17 5 21 79 93 87 86 93 71 18 37 58 41 9 5 6 6 5 5 5 5 4 4 4 4 4 4 3 3 3 3 3 2 2 2 2 2 1 1 1 1 1 1 1 1 1 1 1 1 1 1 2 2 2 1 
1 1 1 1 1 1 1 1 1 1 2 6 5 5 5 5 4 5 12 75 95 93 90 94 65 9 7 51 92 83 30 25 79 93 47 20 83 88 30 13 56 58 33 6 5 7 6 4 5 4 4 4 4 4 3 3 3 3 2 2 2 2 1 1 1 1 1 1 1 1 1 1 1 1 1 1 2 2 2 1 
1 1 1 1 1 1 1 1 1 1 4 8 8 8 7 7 7 6 21 85 93 59 48 92 84 21 16 71 92 63 6 6 65 93 61 7 58 93 62 60 93 87 37 14 44 65 61 40 14 4 3 3 2 3 3 3 3 3 3 3 3 2 1 1 1 1 1 1 1 1 1 1 1 1 1 1 1 2 2 1 
1 1 1 1 1 1 1 1 1 1 4 6 7 7 7 9 9 9 30 83 84 27 22 85 93 45 9 66 93 56 6 12 74 93 49 4 29 88 91 92 86 39 12 61 91 89 87 89 67 15 3 1 1 2 4 3 3 3 2 2 3 1 1 1 1 1 1 1 1 1 1 1 1 1 1 1 1 1 1 1 
1 1 1 1 1 1 1 1 1 1 4 5 5 5 5 7 7 8 11 25 30 13 12 64 86 68 12 46 91 82 43 53 89 87 29 4 11 73 93 85 38 8 30 89 89 44 28 72 91 46 4 1 1 2 4 3 3 3 2 2 2 1 1 1 1 1 1 1 1 1 1 1 1 1 1 1 1 1 1 1 
1 1 1 1 1 1 1 1 1 2 5 5 5 5 6 6 7 6 6 6 6 7 7 15 26 32 12 16 60 87 91 91 88 55 9 5 11 74 93 55 8 7 48 92 74 13 5 51 92 62 6 3 2 3 4 4 3 3 2 2 2 1 1 1 1 1 1 1 1 1 1 1 1 1 1 1 1 1 1 1 
1 1 1 1 1 1 1 1 1 3 7 7 6 6 6 6 7 6 5 6 6 6 6 7 7 6 7 7 12 29 45 47 35 11 6 7 20 84 91 38 8 8 50 90 69 10 8 63 93 58 6 4 4 4 4 3 3 3 2 2 3 2 1 1 1 1 1 1 1 1 1 1 1 1 1 1 1 1 1 1 
1 1 1 1 1 1 1 1 1 6 10 9 8 8 7 8 9 8 7 7 6 6 5 6 6 6 6 6 6 5 6 6 6 6 6 7 22 65 74 25 10 10 35 84 85 44 43 86 90 37 5 5 4 4 4 3 3 3 3 3 2 1 1 1 1 1 1 1 1 1 1 1 1 1 1 1 1 1 1 1 
1 1 1 1 1 1 1 1 1 9 12 11 10 10 11 11 11 9 9 13 10 6 6 7 6 6 7 6 6 5 5 5 5 4 5 7 7 10 17 13 11 11 15 54 87 91 92 92 66 14 5 5 4 4 4 3 3 3 3 3 2 1 1 1 1 1 1 1 1 1 1 1 1 1 1 1 1 1 1 1 
1 1 1 1 1 1 1 1 2 8 10 10 9 11 12 13 14 13 13 15 11 7 7 7 7 7 8 6 6 6 5 5 5 4 5 6 5 7 9 10 11 12 12 15 33 48 54 46 19 9 7 6 6 5 4 3 3 3 3 3 2 1 1 1 1 1 1 1 1 1 1 1 1 1 1 1 1 1 1 1 
1 1 1 1 1 1 1 1 2 8 9 9 8 9 11 11 12 13 13 14 12 10 11 9 8 8 7 7 7 7 6 6 5 5 5 6 6 8 9 10 11 12 11 11 12 13 14 12 11 11 10 10 8 7 6 5 4 4 3 4 2 0 1 1 1 1 1 1 1 1 1 1 1 1 1 1 1 1 1 1 
1 1 1 1 1 1 1 1 3 6 7 7 7 8 10 10 9 9 9 11 10 10 11 10 9 9 9 8 7 8 6 6 5 5 6 7 7 8 11 11 11 12 11 12 12 11 13 12 10 11 10 10 8 7 7 6 5 4 4 3 1 0 1 1 1 1 1 1 1 1 1 1 1 1 1 1 1 1 1 1 
1 1 1 1 1 1 1 1 3 5 5 5 6 7 8 8 7 8 8 9 8 8 9 9 8 9 9 9 7 9 8 8 7 7 7 7 8 9 11 12 12 12 11 12 13 13 14 13 11 11 9 7 6 6 6 5 5 4 4 3 0 0 1 1 1 1 1 1 1 1 1 1 1 1 1 1 1 1 1 1 
1 1 1 1 1 1 1 1 4 4 5 5 5 7 6 6 5 6 6 7 7 7 8 7 7 7 8 8 9 11 7 7 8 8 8 9 10 12 13 13 12 12 12 12 13 13 13 11 11 10 8 7 6 6 6 5 4 4 4 3 0 1 1 1 1 1 1 1 1 1 1 1 1 1 1 1 1 1 1 1 
1 1 1 1 1 1 1 1 4 5 4 4 4 5 5 4 4 4 4 6 6 6 7 6 6 6 7 7 7 7 6 6 7 7 7 8 9 12 13 12 14 14 11 6 8 14 12 11 11 10 8 7 5 5 5 5 4 4 4 2 0 1 1 1 1 1 1 1 1 1 1 1 1 1 1 1 1 1 1 1 
1 1 1 1 1 1 1 2 4 5 4 4 4 5 5 4 4 4 5 7 6 5 6 6 5 5 6 5 5 5 6 5 5 6 7 8 10 12 13 13 14 8 2 1 5 15 14 11 9 8 7 6 5 5 4 4 4 4 4 2 1 1 1 1 1 1 1 1 1 1 1 1 1 1 1 1 1 1 1 1 
1 1 1 1 1 1 1 4 6 5 5 5 5 5 5 4 4 4 5 5 3 5 4 3 4 4 5 4 4 4 4 4 5 6 6 7 9 12 13 14 12 3 2 5 7 8 14 11 10 11 8 7 6 5 4 4 3 4 3 1 0 1 1 1 1 0 0 1 1 1 1 1 1 1 1 1 1 1 1 1 
1 1 1 1 1 1 1 4 4 5 5 5 6 6 6 5 5 5 5 3 1 3 3 1 2 4 4 4 4 3 4 4 4 5 5 6 8 11 12 13 11 3 7 4 6 3 10 10 8 11 8 6 6 6 5 5 4 4 4 1 0 1 1 1 1 0 0 1 1 1 1 1 1 1 1 1 1 1 1 1 
1 1 1 1 1 1 1 4 3 4 4 4 4 5 5 5 6 6 6 5 2 3 5 2 2 4 4 4 3 3 4 4 3 4 5 5 8 10 11 14 12 7 4 6 3 3 10 10 8 6 6 5 5 5 5 5 5 5 4 1 1 1 1 1 1 1 1 1 1 1 1 1 1 1 1 1 1 1 1 1 
1 1 1 1 1 1 1 3 3 4 4 4 4 4 4 4 4 4 5 5 3 2 5 7 3 5 4 4 4 3 3 3 3 4 5 5 7 9 10 14 11 10 6 6 9 9 10 9 7 6 6 6 5 5 5 5 5 5 3 1 1 1 1 1 1 1 1 1 1 1 1 1 1 1 1 1 1 1 1 1 
1 1 1 1 1 1 2 3 3 4 4 4 4 4 4 4 4 4 4 4 4 2 5 8 5 5 4 4 4 4 4 4 4 5 5 5 7 9 10 10 10 11 10 10 10 10 9 8 7 6 6 6 5 5 5 5 5 4 2 1 1 1 1 1 1 1 1 1 1 1 1 1 1 1 1 1 1 1 1 1 
1 1 1 1 1 1 2 3 3 4 4 4 4 4 4 3 4 4 4 4 4 5 3 4 4 4 4 4 4 4 4 5 14 6 5 7 9 10 10 10 9 10 10 10 10 10 9 8 7 6 5 5 4 4 4 5 5 4 2 1 1 1 1 1 1 1 1 1 1 1 1 1 1 1 1 1 1 1 1 1 
1 1 1 1 1 1 2 3 3 4 3 3 4 4 3 3 4 4 4 4 4 4 3 4 4 3 3 3 3 3 3 4 13 5 5 8 10 11 12 12 11 10 10 10 11 10 10 9 8 6 5 5 4 4 4 4 4 4 1 1 1 1 1 1 1 1 1 1 1 1 1 1 1 1 1 1 1 1 1 2 
1 1 1 1 1 1 2 3 3 3 3 3 3 3 3 3 4 4 4 4 4 3 3 3 3 3 3 3 3 3 3 3 4 5 5 6 8 9 10 11 12 11 12 12 12 11 10 9 8 7 6 5 4 4 4 3 3 3 1 1 1 1 1 1 1 1 1 1 1 1 1 1 1 1 1 1 1 1 1 3 
1 1 1 1 1 1 3 3 3 3 3 3 4 3 3 3 4 4 4 4 3 3 3 3 3 3 3 3 3 3 3 3 4 4 5 7 8 8 9 9 10 9 10 11 11 11 11 10 9 8 7 6 5 4 4 3 4 2 1 1 1 1 1 1 1 1 1 1 1 1 1 1 1 1 1 1 1 1 2 4 
1 1 1 1 1 1 2 3 3 3 4 3 4 3 3 3 4 4 4 4 3 2 3 3 3 3 3 3 2 2 2 3 3 3 6 7 7 7 7 8 8 9 9 9 10 9 10 10 9 9 8 6 6 5 5 4 4 2 1 1 1 1 1 1 1 1 1 1 1 1 1 1 1 1 1 1 1 1 2 5 
1 1 1 1 1 1 2 3 3 3 3 3 3 3 3 3 4 4 4 4 3 2 3 3 3 3 3 2 2 2 2 3 3 4 6 7 7 7 8 8 8 9 9 9 10 9 9 9 9 9 8 7 7 6 5 4 4 2 1 1 1 1 1 1 1 1 1 1 1 1 1 1 1 1 1 1 1 1 4 6 
1 1 1 1 1 2 3 3 3 3 3 3 3 3 3 3 3 3 4 4 3 2 3 3 3 2 2 2 2 2 2 3 3 4 5 7 8 8 8 8 8 9 9 9 10 9 9 9 9 8 8 7 7 6 5 4 4 2 1 1 1 1 1 1 1 1 1 1 1 1 1 1 1 1 1 1 1 3 5 7 
1 1 1 1 1 2 3 3 3 3 3 3 3 3 4 3 3 3 4 4 3 3 2 3 3 2 2 2 2 2 2 3 3 4 6 7 8 8 8 8 8 9 9 11 13 9 9 9 9 8 8 8 7 7 5 5 5 1 1 1 1 1 1 1 1 1 1 1 1 1 1 1 1 1 1 1 2 4 6 8 
1 1 1 1 1 2 3 3 3 3 3 3 3 3 3 4 3 3 4 5 3 3 3 3 3 3 2 2 3 3 2 3 4 4 6 8 8 9 9 9 9 9 10 10 10 9 9 9 8 8 8 7 7 7 6 6 4 1 1 1 1 1 1 1 1 1 1 1 1 1 1 1 1 1 1 1 3 5 7 9 
1 1 1 1 1 3 3 3 2 3 3 3 3 3 3 4 4 4 4 4 3 3 3 3 2 2 2 2 3 3 3 4 4 5 7 9 8 9 9 8 9 9 11 10 10 11 11 9 8 8 8 8 8 8 7 7 4 1 1 1 1 1 1 1 1 1 1 1 1 1 1 1 1 1 1 2 4 6 7 10 
1 1 1 1 1 2 2 2 2 2 3 3 2 3 3 3 3 3 3 3 3 3 3 3 2 2 3 2 2 3 4 4 4 6 9 10 8 9 8 9 12 9 10 9 9 10 10 9 9 8 8 8 8 8 8 8 4 1 1 1 1 1 1 1 1 1 1 1 1 1 1 1 1 1 2 3 5 7 8 11 
