1 1 1 1 1 1 1 1 1 1 1 1 1 1 1 1 1 1 1 1 1 1 1 1 1 1 1 1 1 1 1 1 1 1 1 1 1 1 1 1 1 1 1 1 1 1 1 1 1 1 1 1 1 1 1 1 1 1 1 1 1 1 1 2 1 1 1 1 2 2 2 2 2 2 2 2 2 2 2 1 1 2 2 2 2 2 2 2 2 2 2 2 2 2 2 2 1 1 2 2 2 2 2 2 2 2 2 2 2 2 2 2 2 2 2 2 2 2 2 2 2 2 2 2 2 2 2 2 2 2 2 2 2 2 2 2 2 2 2 2 2 2 2 2 2 2 2 2 2 2 2 3 3 3 3 3 3 4 4 3 
1 1 1 1 1 1 1 1 1 1 1 1 1 1 1 1 1 1 1 1 1 1 1 1 1 1 1 1 1 1 1 1 1 1 1 1 1 1 1 1 1 1 1 1 1 1 1 1 1 1 1 1 1 1 1 1 1 1 1 1 1 1 1 2 1 1 1 1 2 2 2 2 2 2 2 2 2 2 2 1 1 2 2 2 2 2 2 2 2 2 2 2 2 2 2 2 2 2 2 2 2 2 1 1 2 2 2 2 2 2 2 2 2 2 2 2 2 2 2 2 2 2 1 1 2 2 2 2 2 2 2 2 2 2 2 2 2 2 2 2 2 2 2 2 2 2 2 2 2 2 3 3 3 3 3 3 3 4 4 3 
1 1 1 1 1 1 1 1 1 1 1 1 1 1 1 1 1 1 1 1 1 1 1 1 1 1 1 1 1 1 1 1 1 1 1 1 1 1 1 1 1 1 1 1 1 1 1 1 1 1 1 1 1 1 1 1 1 1 1 1 1 1 1 2 2 2 2 2 2 2 2 2 2 2 2 2 2 2 2 2 2 2 2 2 2 2 2 2 2 2 2 2 2 2 2 2 2 2 2 2 2 2 1 1 2 2 2 2 2 2 2 2 2 2 2 2 2 2 2 2 2 2 1 1 2 2 2 2 2 2 2 2 2 2 2 2 2 2 2 2 2 2 2 2 2 2 2 2 2 2 3 3 3 3 3 3 3 4 4 3 
1 1 1 1 1 1 1 1 1 1 1 1 1 1 1 1 1 1 1 1 1 1 1 1 1 1 1 1 1 1 1 1 1 1 1 1 1 1 1 1 1 1 1 1 1 1 1 1 1 1 1 1 1 1 1 1 1 1 1 1 1 1 1 2 2 2 2 2 2 2 2 2 2 2 2 2 2 2 2 2 2 2 2 2 2 2 2 2 2 2 2 2 2 2 2 2 2 2 2 2 2 2 2 2 2 2 2 2 2 2 2 2 2 2 2 2 2 2 2 2 2 2 2 2 2 2 2 2 2 2 2 2 2 2 2 2 2 2 2 2 2 2 2 2 2 2 2 2 2 3 3 3 3 3 3 3 3 4 4 3 
1 1 1 1 1 1 1 1 1 1 1 1 1 1 1 1 1 1 1 1 1 1 1 1 1 1 1 1 1 1 1 1 1 1 1 1 1 1 1 1 1 1 1 1 1 1 1 1 1 1 1 1 1 1 1 1 1 1 1 1 1 1 1 1 1 1 1 2 2 2 2 2 2 2 2 2 2 2 2 2 2 2 2 2 2 2 2 2 2 2 2 2 2 2 2 2 2 2 2 2 2 2 2 2 2 2 2 2 2 2 2 2 2 2 2 2 2 2 2 2 2 2 2 2 2 2 2 2 2 2 2 2 2 2 2 2 2 2 2 2 2 2 2 2 2 2 2 2 3 3 3 3 3 3 3 3 3 4 4 3 
1 1 1 1 1 1 1 1 1 1 1 1 1 1 1 1 1 1 1 1 1 1 1 1 1 1 1 1 1 1 1 1 1 1 1 1 1 1 1 1 1 1 1 1 1 1 1 1 1 1 1 1 1 1 1 1 1 1 1 1 1 1 1 1 1 1 1 1 2 2 2 2 2 2 2 2 2 2 2 2 2 2 2 2 2 2 2 2 2 2 2 2 2 2 2 2 1 1 2 2 2 2 2 2 2 2 2 2 2 2 2 2 2 2 2 2 2 2 2 2 2 2 2 2 2 2 2 2 2 2 2 2 2 2 2 2 2 2 2 2 2 2 2 2 2 2 2 2 3 3 3 3 3 3 3 3 3 4 4 3 
1 1 1 1 1 1 1 1 1 1 1 1 1 1 1 1 1 1 1 1 1 1 1 1 1 1 1 1 1 1 1 1 1 1 1 1 1 1 1 1 1 1 1 1 1 1 1 1 1 1 1 1 1 1 1 1 1 1 1 1 1 1 1 1 1 1 1 1 2 2 2 2 2 2 2 2 2 2 2 2 2 2 2 2 2 2 2 2 2 2 2 2 2 2 2 2 1 1 2 2 2 2 2 2 2 2 2 2 2 2 2 2 2 2 2 2 2 2 2 2 2 2 2 2 2 2 2 2 2 2 2 2 2 2 2 2 2 2 2 2 2 2 2 2 2 2 3 3 3 3 3 3 3 3 3 4 4 4 4 3 
1 1 1 1 1 1 1 1 1 1 1 1 1 1 1 1 1 1 1 1 1 1 1 1 1 1 1 1 1 1 1 1 1 1 1 1 1 1 1 1 1 1 1 1 1 1 1 1 1 1 1 1 1 1 1 1 1 1 1 1 1 1 1 1 1 1 1 1 2 2 2 2 2 2 2 2 2 2 2 2 2 2 2 2 2 2 2 2 2 2 2 2 2 2 2 2 2 2 2 2 2 2 2 2 2 2 2 2 2 2 2 2 2 2 2 2 2 2 2 2 2 2 2 2 2 2 2 2 2 2 2 2 2 2 2 2 2 2 2 2 2 2 2 2 2 3 3 3 3 3 3 3 3 3 3 4 4 4 4 3 
1 1 1 1 1 1 1 1 1 1 1 1 1 1 1 1 1 1 1 1 1 1 1 1 1 1 1 1 1 1 1 1 1 1 1 1 1 1 1 1 1 1 1 1 1 1 1 1 1 1 1 1 1 1 1 1 1 1 1 1 1 1 1 2 2 1 1 1 1 2 2 2 2 2 2 2 2 2 2 2 2 2 2 2 2 2 2 2 2 1 2 2 2 2 2 2 2 2 2 2 2 2 2 2 2 2 2 2 2 2 2 2 2 2 2 2 2 2 2 2 2 2 2 2 2 2 2 2 2 2 2 2 2 2 2 2 2 2 2 2 2 2 2 2 2 3 3 3 3 3 3 3 3 3 4 4 4 4 4 4 
1 1 1 1 1 1 1 1 1 1 1 1 1 1 1 1 1 1 1 1 1 1 1 1 1 1 1 1 1 1 1 1 1 1 1 1 1 1 1 1 1 1 1 1 1 1 1 1 1 1 1 1 1 1 1 1 1 1 1 1 1 1 2 2 2 1 1 1 1 2 2 2 2 2 2 2 2 2 2 2 2 2 2 2 2 2 2 2 2 2 1 1 2 2 2 2 2 2 2 2 2 2 2 2 2 2 2 2 2 2 2 2 2 2 2 2 2 2 2 2 2 2 2 2 2 2 2 2 2 2 2 2 2 2 2 2 2 2 2 2 2 2 2 2 2 3 3 3 3 3 3 3 3 3 4 4 4 4 4 4 
1 1 1 1 1 1 1 1 1 1 1 1 1 1 1 1 1 1 1 1 1 1 1 1 1 1 1 1 1 1 1 1 1 1 1 1 1 1 1 1 1 1 1 1 1 1 1 1 1 1 1 1 1 1 1 1 1 1 1 1 1 1 2 2 2 1 1 1 1 2 2 2 2 2 2 2 2 2 2 2 2 2 2 2 2 2 2 2 2 2 1 1 2 2 2 2 2 2 2 2 2 2 2 2 2 2 2 2 2 2 2 2 2 2 2 2 2 2 2 2 2 2 2 2 2 2 2 2 2 2 2 2 2 2 2 2 2 2 2 2 2 2 2 3 3 2 2 2 3 3 3 3 3 3 4 4 4 4 4 3 
1 1 1 1 1 1 1 1 1 1 1 1 1 1 1 1 1 1 1 1 1 1 1 1 1 1 1 1 1 1 1 1 1 1 1 1 1 1 1 1 1 1 1 1 1 1 1 1 1 1 1 1 1 1 1 1 1 1 1 1 1 1 1 2 2 2 2 2 2 2 2 2 2 2 2 2 2 2 2 2 2 2 2 2 2 2 2 2 2 2 2 2 2 2 2 2 2 2 2 2 2 2 2 2 2 2 2 2 2 2 2 2 2 2 2 2 2 2 2 2 2 2 2 2 2 2 2 2 2 2 2 2 2 2 2 2 2 2 2 2 2 2 2 3 3 2 2 2 3 3 3 3 3 3 4 4 4 4 4 3 
1 1 1 1 1 1 1 1 1 1 1 1 1 1 1 1 1 1 1 1 1 1 1 1 1 1 1 1 1 1 1 1 1 1 1 1 1 1 1 1 1 1 1 1 1 1 1 1 1 1 1 1 1 1 1 1 1 1 1 1 1 1 1 2 2 2 2 2 2 2 2 2 2 2 2 2 2 2 2 2 2 2 2 2 2 2 2 2 2 2 2 2 2 2 2 2 2 2 2 2 2 2 2 2 2 2 2 2 2 2 2 2 2 2 2 2 2 2 2 2 2 2 2 2 2 2 2 2 2 2 2 2 2 2 2 2 2 2 2 2 2 2 2 2 2 2 3 3 3 3 3 3 3 3 3 3 4 4 4 3 
1 1 1 1 1 1 1 1 1 1 1 1 1 1 1 1 1 1 1 1 1 1 1 1 1 1 1 1 1 1 1 1 1 1 1 1 1 1 1 1 1 1 1 1 1 1 1 1 1 1 1 1 1 1 1 1 1 1 1 1 1 1 1 2 2 2 1 1 1 2 2 2 2 2 2 2 2 2 2 2 2 2 2 2 2 2 2 2 2 2 2 2 2 2 2 2 2 2 2 2 2 2 2 2 2 2 2 2 2 2 2 2 2 2 2 2 2 2 2 2 2 2 2 2 2 2 2 2 2 2 2 2 2 2 2 2 2 2 2 2 2 2 2 2 2 2 3 3 3 3 3 3 3 3 3 3 4 4 4 4 
1 1 1 1 1 1 1 1 1 1 1 1 1 1 1 1 1 1 1 1 1 1 1 1 1 1 1 1 1 1 1 1 1 1 1 1 1 1 1 1 1 1 1 1 1 1 1 1 1 1 1 1 1 1 1 1 1 1 1 1 1 1 1 2 1 1 1 1 1 2 2 2 2 2 2 2 2 2 2 2 2 2 2 2 2 2 2 2 2 2 2 1 1 2 2 2 2 2 2 2 2 2 2 2 2 2 2 2 2 2 2 2 2 2 2 2 2 2 2 2 2 2 2 2 2 2 2 2 2 2 2 2 2 2 2 2 2 2 2 2 2 2 2 2 2 3 3 3 3 3 3 3 3 3 3 3 4 4 4 4 
1 1 1 1 1 1 1 1 1 1 1 1 1 1 1 1 1 1 1 1 1 1 1 1 1 1 1 1 1 1 2 1 1 1 1 1 1 1 1 1 1 1 1 1 1 1 1 1 1 1 1 1 1 1 1 1 1 1 1 1 1 1 1 1 1 1 1 1 1 2 2 2 2 2 2 2 2 2 2 2 2 2 2 2 2 2 2 2 2 2 2 1 1 2 2 2 2 2 2 2 2 2 2 2 2 2 2 2 2 2 2 2 2 2 2 2 2 2 2 2 2 2 2 2 2 2 2 2 2 2 2 2 2 2 2 2 2 2 2 2 2 2 2 2 2 3 3 3 3 3 3 4 3 3 3 4 4 4 4 4 
1 1 1 1 1 1 1 1 1 1 1 1 1 1 1 1 1 1 1 1 1 1 1 1 1 1 1 1 1 1 3 2 1 2 1 1 1 1 1 1 1 1 1 1 1 1 1 1 1 1 1 1 1 1 1 1 1 1 1 1 1 1 1 1 2 2 2 2 2 2 2 2 2 2 2 2 2 2 2 2 2 2 2 2 2 2 2 2 2 2 2 2 2 2 2 2 2 2 2 2 2 2 2 2 2 2 2 2 2 2 2 2 2 2 2 2 2 2 2 2 2 2 2 2 2 2 2 2 2 2 2 2 2 2 2 2 2 2 2 2 2 2 2 2 3 3 3 3 3 3 3 3 3 3 3 4 4 4 4 4 
1 1 1 1 1 1 1 1 1 1 1 1 1 1 1 1 1 1 1 1 1 1 1 1 1 1 1 1 1 1 2 2 2 2 2 2 2 2 2 2 1 1 1 1 1 1 1 1 1 1 1 1 1 1 1 1 1 1 1 1 1 1 1 1 2 2 2 2 2 2 2 2 2 2 2 2 2 2 2 2 2 2 2 2 2 2 2 2 2 2 2 2 2 2 2 2 2 2 2 2 2 2 2 2 2 2 2 2 2 2 2 2 2 2 2 2 2 2 2 2 2 2 2 2 2 2 2 2 2 2 2 2 2 2 2 2 2 2 2 2 2 2 2 2 3 3 3 3 3 3 3 3 3 3 3 4 4 4 4 4 
1 1 1 1 1 1 1 1 1 1 1 1 1 1 1 1 1 1 1 1 1 1 1 1 1 1 1 1 1 2 2 2 2 3 2 2 3 3 3 3 3 2 2 2 2 2 1 1 1 3 2 1 1 1 1 1 1 1 1 1 1 1 1 1 1 1 2 2 1 1 2 2 2 2 2 2 2 2 2 2 2 2 2 2 2 2 2 2 2 2 2 2 2 2 2 2 2 2 2 2 2 2 2 2 2 2 2 2 2 2 2 2 2 2 2 2 2 2 2 2 2 2 2 2 2 2 2 2 2 2 2 2 2 2 2 2 2 2 2 2 2 2 2 2 3 3 3 3 3 3 3 3 3 3 3 4 4 4 4 3 
1 1 1 1 1 1 1 1 1 1 1 1 1 1 1 1 1 1 1 1 1 1 1 1 1 1 1 1 1 2 2 2 3 3 2 2 3 3 3 3 3 3 3 3 3 2 2 2 2 2 1 1 1 1 1 1 1 1 2 1 1 1 1 1 1 1 2 2 1 1 2 2 2 2 2 2 2 2 2 2 2 2 2 1 1 2 2 2 2 2 2 2 2 2 2 2 2 2 2 2 2 2 2 2 2 2 2 2 2 2 2 2 2 2 2 2 2 2 2 2 2 2 2 2 2 2 2 2 2 2 2 2 2 2 2 2 2 2 2 2 2 2 2 2 3 3 3 3 3 3 3 3 3 3 3 4 4 4 4 3 
1 1 1 1 1 1 1 1 1 1 1 1 1 1 1 1 1 1 1 1 1 1 1 1 1 1 1 1 1 2 2 2 2 2 2 2 2 3 3 3 3 3 3 3 2 2 2 2 3 3 2 2 2 2 1 1 1 1 1 1 1 1 2 1 1 1 2 1 1 2 2 2 2 2 2 2 2 2 2 2 2 2 2 2 2 2 2 2 2 2 2 2 2 2 2 2 2 2 2 2 2 2 2 2 2 2 2 2 2 2 2 2 2 2 2 2 2 2 2 2 2 2 2 2 2 2 2 2 2 2 2 2 2 2 2 2 2 2 2 2 2 2 2 3 3 3 3 3 3 3 3 3 3 3 4 4 4 4 4 3 
1 1 1 1 1 1 1 1 1 1 1 1 1 1 1 1 1 1 1 1 1 1 1 1 1 1 1 1 1 2 2 2 2 2 2 2 2 2 3 2 2 3 3 3 2 2 2 3 2 2 2 3 3 3 3 3 3 2 2 2 2 2 1 1 1 2 2 1 1 2 2 2 2 2 2 2 2 2 2 2 2 2 2 2 2 2 2 2 2 2 2 2 2 2 2 2 2 2 2 2 2 2 2 2 2 2 2 2 2 2 2 2 2 2 2 2 2 2 2 2 2 2 2 2 2 2 2 2 2 2 2 2 2 2 2 2 2 2 2 2 2 2 3 3 3 3 3 3 3 3 3 3 3 3 4 4 4 4 4 3 
1 1 1 1 1 1 1 1 1 1 1 1 1 1 1 1 1 1 1 1 1 1 1 1 1 1 1 1 2 2 2 2 2 2 2 2 2 2 3 2 2 3 3 3 2 2 2 2 2 2 2 3 3 3 3 3 4 3 3 3 3 3 2 2 2 1 1 1 1 1 2 2 2 2 2 2 2 2 2 2 2 2 2 2 2 2 2 2 2 2 2 2 2 2 2 2 2 2 2 2 2 2 2 2 2 2 2 2 2 2 2 2 2 2 2 2 2 2 2 2 2 2 2 2 2 2 2 2 2 2 2 2 2 2 2 2 2 2 2 2 2 2 2 2 3 3 3 3 3 3 3 3 3 4 4 4 4 4 4 4 
1 1 1 1 1 1 1 1 1 1 1 1 1 1 1 1 1 1 1 1 1 1 1 1 1 1 1 1 1 2 2 2 2 2 2 2 2 3 3 2 2 3 3 3 3 2 2 2 2 2 3 3 3 3 3 3 4 4 4 3 4 4 4 3 3 3 2 2 1 1 2 2 1 1 2 2 2 2 2 2 1 2 2 2 2 1 1 2 2 2 2 2 2 2 2 2 2 2 2 2 2 2 2 2 2 2 2 2 2 2 2 2 2 2 2 2 2 2 2 2 2 2 2 2 2 2 2 2 2 2 2 2 2 2 2 2 2 2 2 2 2 2 2 2 3 3 3 3 3 3 3 3 4 3 3 4 4 4 4 4 
1 1 1 1 1 1 1 1 1 1 1 1 1 1 1 1 1 1 1 1 1 1 1 1 1 1 1 1 2 2 2 2 2 2 2 2 2 3 3 3 3 3 3 3 2 2 2 2 2 2 3 3 3 3 3 3 4 6 4 3 4 4 4 4 4 4 4 3 2 2 2 2 2 2 2 2 2 2 2 1 1 2 2 2 2 1 1 2 2 2 2 2 2 2 2 2 2 2 2 2 2 2 2 2 2 2 2 2 2 2 2 2 2 2 2 2 2 2 2 2 2 2 2 2 2 2 2 2 2 2 2 2 2 2 2 2 2 2 2 2 2 2 2 2 3 3 3 3 3 3 3 3 4 3 3 4 4 4 4 4 
1 1 1 1 1 1 1 1 1 1 1 1 1 1 1 1 1 1 1 1 1 1 1 1 1 1 1 1 2 2 2 2 2 2 2 3 3 3 3 3 3 3 3 3 2 2 2 2 2 2 3 3 3 3 3 3 4 4 3 3 3 4 4 3 4 4 3 3 3 3 3 3 3 3 3 3 2 2 2 1 1 2 2 2 2 2 2 2 2 2 2 2 2 2 2 2 2 2 2 2 2 2 2 2 2 2 2 2 2 2 2 2 2 2 2 2 2 2 2 2 2 2 2 2 2 2 2 2 2 2 2 2 2 2 2 2 2 2 2 2 2 2 2 2 3 3 3 3 3 3 3 3 4 3 3 4 4 4 4 3 
1 1 1 1 1 1 1 1 1 1 1 1 1 1 1 1 1 1 1 1 1 1 1 1 1 1 1 1 2 2 2 2 2 2 2 3 3 3 3 3 3 3 3 2 2 2 2 2 2 3 3 2 2 3 3 3 4 3 3 3 3 4 5 3 4 3 3 3 3 4 3 3 3 4 4 4 3 3 3 3 3 2 2 2 2 2 2 2 2 2 2 2 2 2 2 2 2 2 2 2 2 2 2 2 2 2 2 2 2 2 2 2 2 2 2 2 2 2 2 2 2 2 2 2 2 2 2 2 2 2 2 2 2 2 2 2 2 2 2 2 2 2 2 2 3 3 3 3 3 3 3 3 4 4 4 4 4 4 4 3 
1 1 1 1 1 1 1 1 1 1 1 1 1 1 1 1 1 1 1 1 1 1 1 1 1 1 1 1 2 2 2 2 2 2 3 3 3 2 3 3 3 3 3 2 2 2 2 2 2 3 3 2 2 2 2 3 4 3 3 3 3 3 3 4 4 3 3 3 3 3 3 3 4 4 4 4 4 4 4 4 4 3 3 3 3 2 2 2 2 2 2 2 2 2 2 2 2 2 2 2 2 2 2 2 2 2 2 2 2 2 2 2 2 2 2 2 2 2 2 2 2 2 2 2 2 2 2 2 2 2 2 2 2 2 2 2 2 2 2 2 2 2 2 2 2 3 3 3 3 3 3 3 4 4 4 4 4 4 4 4 
1 1 1 1 1 1 1 1 1 1 1 1 1 1 1 1 1 1 1 1 1 1 1 1 1 1 1 2 2 2 2 3 3 3 3 3 3 3 3 2 3 3 3 2 2 2 2 2 2 3 3 2 2 2 2 3 3 3 3 3 3 3 3 3 3 3 3 3 3 3 3 3 4 4 4 4 4 4 4 6 5 4 4 4 4 4 4 3 3 3 2 2 2 2 2 2 2 2 2 2 2 2 2 2 2 2 2 2 2 2 2 2 2 2 2 2 2 2 2 2 2 2 2 2 2 2 2 2 2 2 2 2 2 2 2 2 2 2 2 2 2 2 2 2 2 3 3 3 3 3 3 3 4 4 4 4 4 4 4 3 
1 1 1 1 1 1 1 1 1 1 1 1 1 1 1 1 1 1 1 1 1 1 1 1 1 1 1 2 2 2 3 3 3 3 3 3 3 3 3 2 3 3 3 3 3 2 2 2 2 3 3 2 2 2 2 3 3 3 3 3 3 3 3 3 3 3 3 3 3 3 3 3 4 4 4 4 4 4 5 6 5 4 4 4 4 4 4 4 4 4 4 4 3 3 3 2 2 2 2 2 2 2 2 2 2 2 2 2 2 2 2 2 2 2 1 1 2 2 2 2 2 2 2 2 2 2 2 2 2 2 2 2 2 2 2 2 2 2 2 2 2 2 2 2 2 3 3 3 3 3 3 3 4 4 3 3 4 4 4 3 
1 1 1 1 1 1 1 1 1 1 1 1 1 1 1 1 1 1 1 1 1 1 1 1 1 1 1 2 2 3 3 3 3 3 3 3 3 3 3 2 3 4 3 3 3 3 2 2 3 3 3 2 2 3 3 3 3 2 2 2 3 3 3 3 3 3 3 3 3 4 4 4 4 4 4 4 5 5 7 6 5 5 6 4 4 4 4 4 4 4 4 4 4 4 4 4 4 4 3 2 2 2 2 2 2 2 2 2 2 2 2 2 2 2 1 1 2 2 2 2 2 2 2 2 2 2 2 2 2 2 2 2 2 2 2 2 2 2 2 2 2 2 2 2 2 3 3 3 3 3 3 3 3 4 3 3 4 4 4 3 
1 1 1 1 1 1 1 1 1 1 1 1 1 1 1 1 1 1 1 1 1 1 1 1 1 1 2 2 2 3 3 3 3 3 3 3 3 3 3 3 4 4 3 3 3 2 2 2 3 3 3 3 3 3 3 3 3 2 2 2 3 3 3 3 3 3 3 3 4 4 4 4 5 5 5 5 5 5 6 6 5 6 8 5 5 4 4 4 4 4 4 4 4 4 4 4 5 4 4 4 3 3 3 2 2 2 2 2 2 2 2 2 2 2 2 2 2 2 2 2 2 2 2 2 2 2 2 2 2 2 2 2 2 2 2 2 2 2 2 2 2 2 2 2 2 3 3 3 3 3 3 3 3 4 4 3 4 4 4 3 
1 1 1 1 1 1 1 1 1 1 1 1 1 1 1 1 1 1 1 1 1 1 1 1 1 1 2 2 2 2 3 3 3 3 3 3 3 3 3 3 3 3 3 3 3 2 2 2 3 3 3 3 3 3 3 3 3 2 2 3 3 3 3 3 3 3 3 4 4 4 4 4 5 5 5 6 6 6 6 6 5 5 5 5 5 4 4 5 4 4 4 5 5 5 5 4 5 4 4 4 4 4 4 4 4 3 3 3 2 2 2 2 2 2 2 2 2 2 2 2 2 2 2 2 2 2 2 2 2 2 2 2 2 2 2 2 2 2 2 2 2 2 2 2 2 2 3 3 3 3 3 3 4 4 4 4 4 4 4 3 
1 1 1 1 1 1 1 1 1 1 1 1 1 1 1 1 1 1 1 1 1 1 1 1 1 1 2 2 2 2 3 2 2 3 3 3 3 3 3 3 3 3 3 3 3 3 3 3 3 3 2 2 3 3 3 3 3 2 2 3 3 3 3 3 3 3 3 4 4 4 4 5 5 6 8 13 10 8 8 5 6 5 5 5 5 5 5 5 5 5 5 5 4 4 4 4 4 4 4 4 4 4 4 4 4 4 4 4 4 4 3 3 2 2 2 2 2 2 2 2 1 1 2 2 2 2 2 2 2 2 2 2 2 2 2 2 2 2 2 2 2 2 2 2 2 2 3 3 3 3 3 3 3 3 4 4 4 4 4 3 
1 1 1 1 1 1 1 1 1 1 1 1 1 1 1 1 1 1 1 1 1 1 1 1 1 1 2 2 2 2 2 2 2 3 3 2 3 3 3 3 4 3 3 3 3 3 3 3 3 3 2 2 3 3 4 3 3 3 3 3 3 3 3 3 3 4 4 4 4 4 6 8 24 70 129 146 85 22 32 45 23 6 5 4 5 5 5 5 5 4 4 5 4 4 4 4 4 4 4 4 4 4 4 4 4 4 4 4 5 5 5 4 4 4 3 3 2 2 2 2 1 1 2 2 2 2 2 2 2 2 2 2 2 2 2 2 2 2 2 2 2 2 2 2 2 2 2 3 3 3 3 3 3 3 4 4 4 4 4 3 
1 1 1 1 1 1 1 1 1 1 1 1 1 1 1 1 1 1 1 1 1 1 1 1 1 2 2 2 2 2 2 2 3 3 3 2 3 3 3 4 3 3 2 2 3 3 3 3 3 3 3 3 3 3 4 3 3 3 3 3 3 3 3 4 4 4 4 4 4 5 12 74 173 232 251 251 160 48 93 202 173 73 12 5 5 5 5 5 4 4 4 5 4 4 4 4 4 4 4 4 4 4 4 4 4 4 4 5 5 4 4 4 4 5 4 4 3 3 3 2 2 2 2 2 2 2 2 2 2 2 2 2 2 2 2 2 2 2 2 2 2 2 2 2 2 2 2 2 2 3 3 3 3 4 4 4 4 4 4 3 
1 1 1 1 1 1 1 1 1 1 1 1 1 1 1 1 1 1 1 1 1 1 1 1 1 2 2 2 2 2 2 2 3 3 3 3 3 3 3 3 3 2 2 2 3 3 3 3 3 3 3 3 3 4 4 4 3 3 3 3 3 3 3 4 4 4 4 4 5 10 88 216 253 254 253 250 193 107 188 251 253 224 101 14 6 5 5 5 4 4 4 5 4 4 4 4 4 4 4 4 4 4 4 4 4 4 4 4 4 4 4 4 4 5 4 4 4 4 4 3 3 3 3 2 3 2 2 2 2 2 2 2 2 2 2 2 2 2 2 2 2 2 2 2 2 2 2 2 2 3 3 3 3 3 3 3 3 4 4 3 
1 1 1 1 1 1 1 1 1 1 1 1 1 1 1 1 1 1 1 1 1 1 1 1 1 2 3 2 2 2 2 2 2 2 2 3 3 3 3 3 3 2 2 3 3 3 3 3 3 3 3 3 3 4 4 4 3 3 3 3 3 3 3 4 4 4 5 5 5 61 211 254 253 239 200 151 118 103 201 249 254 254 224 82 9 6 5 5 5 5 5 4 4 4 4 4 4 4 4 5 5 4 4 4 4 4 4 4 4 4 4 4 4 4 4 4 4 4 4 4 4 3 3 3 4 3 3 2 1 1 2 2 2 2 2 1 2 2 2 2 2 2 2 2 2 2 2 2 2 3 3 3 3 3 3 3 3 3 3 3 
1 1 1 1 1 1 1 1 1 1 1 1 1 1 1 1 1 1 1 1 1 1 1 1 1 2 3 2 2 2 2 2 2 2 2 3 3 3 3 3 3 2 2 3 3 3 2 2 3 3 3 3 3 4 5 4 3 3 4 3 3 3 4 4 4 4 5 5 17 158 252 252 211 102 34 11 7 12 63 163 244 255 252 190 36 7 5 5 5 5 5 4 4 4 4 4 4 4 4 5 5 4 4 5 4 4 4 4 4 4 4 4 4 5 4 4 4 4 4 4 4 3 3 3 4 3 3 2 1 1 2 2 2 2 2 1 2 2 2 2 2 2 2 2 2 2 2 2 3 3 3 3 3 3 3 3 3 3 3 3 
1 1 1 1 1 1 1 1 1 1 1 1 1 1 1 1 1 1 1 1 1 1 1 1 1 2 2 2 2 2 2 2 2 2 2 3 3 3 3 3 3 3 3 3 3 3 2 2 3 3 3 3 4 4 5 4 3 4 4 3 3 3 4 4 4 4 5 4 54 225 253 210 77 14 4 3 3 3 4 35 190 253 254 239 96 12 6 5 5 5 5 4 4 4 4 4 4 4 5 5 5 4 4 5 4 4 4 4 5 4 4 4 4 5 5 5 4 4 4 4 3 3 3 3 4 4 3 2 1 2 2 2 2 2 2 2 2 2 1 2 2 2 2 2 2 2 2 2 2 3 3 3 3 3 3 3 3 3 3 3 
1 1 1 1 1 1 1 1 1 1 1 1 1 1 1 1 1 1 1 1 1 1 1 1 1 2 2 2 2 2 2 2 2 2 2 3 3 3 3 3 3 3 3 3 3 3 3 3 3 3 3 3 3 4 4 4 3 4 4 4 3 3 4 3 3 4 5 4 86 226 223 104 10 3 3 3 3 3 3 5 84 232 253 224 89 15 5 5 5 5 5 4 4 4 4 4 4 4 4 4 4 4 5 5 4 4 5 5 5 4 4 4 4 4 4 4 4 4 4 4 3 3 3 3 3 3 3 2 1 2 2 2 2 2 2 2 2 2 1 2 2 2 2 2 2 2 2 2 2 2 3 3 3 3 3 3 3 3 3 3 
1 1 1 1 1 1 1 1 1 1 1 1 1 1 1 1 1 1 1 1 1 1 1 1 2 3 2 2 2 2 2 2 2 2 2 3 3 3 3 3 3 3 3 3 3 3 3 3 3 3 3 3 3 4 4 4 3 4 4 4 3 4 4 3 3 4 4 4 41 105 105 25 2 2 2 2 3 3 3 3 18 166 218 157 42 9 5 5 5 5 5 4 4 4 4 4 4 4 4 4 4 4 4 5 4 4 5 5 5 4 3 4 4 4 4 4 4 4 4 4 4 4 3 3 3 3 3 2 1 2 2 2 2 2 1 1 2 2 2 2 2 2 2 2 2 2 2 2 2 2 3 3 3 3 3 3 3 3 3 3 
1 1 1 1 1 1 1 1 1 1 1 1 1 1 1 1 1 1 1 1 1 1 1 1 2 3 2 2 2 2 2 2 2 2 2 3 3 3 3 3 3 3 3 3 3 3 3 3 3 3 3 3 3 4 4 4 3 4 4 4 3 4 4 3 3 4 4 4 20 42 54 9 2 2 2 2 2 3 3 3 4 75 104 71 25 8 5 4 4 5 5 4 4 5 4 4 4 4 4 4 4 4 5 5 5 6 4 4 5 4 4 4 3 4 4 4 4 4 4 3 4 3 3 3 3 3 3 1 1 2 2 2 2 2 1 1 2 2 2 2 2 2 2 2 2 2 2 2 2 2 2 2 2 3 3 3 3 3 3 3 
1 1 1 1 1 1 1 1 1 1 1 1 1 1 1 1 1 1 1 1 1 1 1 1 2 2 2 2 2 2 2 3 2 2 2 3 3 3 3 3 3 3 3 4 4 3 3 3 3 3 3 3 4 4 4 4 4 4 4 4 3 4 3 3 3 4 4 5 84 156 120 12 2 2 2 2 2 2 2 2 3 67 153 163 119 26 4 4 4 5 5 4 4 5 4 4 4 4 4 4 5 5 5 5 6 7 4 4 4 4 4 4 4 4 4 4 4 4 4 3 3 3 2 3 3 3 2 1 1 2 1 1 1 1 1 1 2 2 2 2 2 2 2 2 2 2 2 2 2 2 2 2 2 3 3 3 3 3 3 3 
1 1 1 1 1 1 1 1 1 1 1 1 1 1 1 1 1 1 1 1 1 1 1 1 3 2 2 2 2 2 2 3 2 2 2 3 3 3 3 3 3 3 4 4 4 4 4 3 3 3 3 4 5 4 4 4 4 4 4 4 4 4 3 3 3 4 4 5 116 239 203 40 2 2 2 2 2 2 2 2 9 134 242 248 199 32 4 4 4 5 4 4 4 4 4 4 4 4 4 4 4 4 5 4 6 7 7 4 4 4 4 4 4 4 4 4 4 4 4 3 3 3 2 3 3 3 2 1 1 1 1 1 1 1 1 1 2 2 2 2 2 2 2 2 2 2 2 2 2 2 2 2 2 2 3 3 3 3 3 3 
1 1 1 1 1 1 1 1 1 1 1 1 1 1 1 1 1 1 1 1 1 1 1 2 2 3 2 2 2 2 2 2 2 3 3 3 3 3 3 2 2 3 4 4 4 4 4 3 3 3 3 4 4 4 4 4 4 3 4 4 4 4 3 3 3 4 4 4 84 240 244 114 9 2 2 2 2 2 2 3 48 209 254 252 183 22 5 5 5 5 4 4 4 4 4 4 4 4 4 4 4 4 5 5 9 8 5 4 3 3 4 4 4 4 4 4 4 3 4 3 3 3 3 3 3 3 2 1 1 1 1 1 1 1 1 1 1 1 1 2 2 2 2 2 2 2 2 2 2 2 2 2 2 2 3 3 3 3 3 3 
1 1 1 1 1 1 1 1 1 1 1 1 1 1 1 1 1 1 1 1 1 1 1 2 2 2 2 3 2 2 3 2 2 3 3 3 3 3 2 2 2 4 4 4 5 5 4 3 3 3 3 4 4 4 3 3 4 3 4 4 4 4 4 3 4 4 4 4 35 202 254 220 74 6 2 2 2 2 2 13 146 251 254 245 112 9 5 5 5 5 5 5 5 4 4 4 4 4 4 4 4 4 4 5 8 5 4 4 3 3 4 4 4 4 4 3 3 3 3 3 3 3 3 3 3 2 1 1 1 1 1 1 1 1 1 1 1 1 1 2 1 1 1 2 2 2 2 2 2 2 2 2 2 2 2 2 3 3 3 3 
1 1 1 1 1 1 1 1 1 1 1 1 1 1 1 1 1 1 1 1 1 1 1 2 2 2 2 3 3 2 3 2 2 3 3 3 3 3 2 2 3 4 5 5 5 5 4 4 3 3 3 4 5 4 3 3 3 3 3 3 3 4 4 4 4 4 4 5 10 106 237 252 205 85 17 6 3 4 26 97 227 254 253 200 42 5 5 6 6 4 4 4 5 4 4 4 4 4 4 4 4 4 3 3 4 4 4 4 3 3 4 4 4 4 4 3 3 3 3 3 3 3 3 3 3 2 1 1 1 1 1 1 1 1 1 1 1 1 1 2 1 1 1 2 2 2 2 2 2 2 2 2 2 2 2 2 3 3 3 3 
1 1 1 1 1 1 1 1 1 1 1 1 1 1 1 1 1 1 1 1 1 1 1 2 2 2 2 2 2 2 3 3 3 3 3 3 3 3 3 3 3 4 4 5 4 4 4 4 3 3 3 4 5 4 3 3 4 4 3 3 4 3 3 4 4 4 4 5 6 23 139 239 252 230 166 107 43 55 160 235 253 253 227 97 10 5 5 5 5 4 4 4 5 4 4 4 4 4 4 5 4 4 4 4 4 4 4 4 4 3 3 4 4 4 3 3 3 3 3 3 3 3 3 3 3 2 1 1 1 1 1 1 1 1 1 1 1 1 1 1 1 1 2 2 2 2 2 2 2 2 2 2 2 2 2 2 2 3 3 2 
1 1 1 1 1 1 1 1 1 1 1 1 1 1 1 1 1 1 1 1 1 1 2 2 2 2 3 2 2 2 3 3 3 3 3 3 3 4 4 26 45 26 17 12 5 5 5 4 4 4 4 4 5 4 3 4 4 4 3 3 4 3 3 4 4 4 4 5 5 6 26 122 223 251 253 227 116 66 176 249 248 206 92 15 6 6 7 5 5 5 5 5 5 5 4 4 4 4 4 6 6 4 4 4 4 4 4 4 3 3 3 4 4 3 3 3 3 3 3 3 3 3 3 3 3 2 1 1 1 1 1 1 1 1 1 1 1 1 1 1 1 1 1 1 1 1 2 2 2 2 2 2 2 2 2 2 2 3 3 2 
1 1 1 1 1 1 1 1 1 1 1 1 1 1 1 1 1 1 1 1 1 1 2 3 3 3 3 2 2 3 3 3 3 3 3 3 4 4 5 52 92 86 82 64 16 5 5 4 5 5 5 5 5 4 4 5 4 4 3 3 4 3 3 4 4 4 5 5 5 5 6 14 70 157 213 228 157 43 88 168 124 53 10 6 5 5 5 5 5 5 5 5 5 5 4 4 5 5 5 5 5 4 4 4 4 4 3 3 3 3 3 3 3 3 3 3 3 3 3 3 3 3 3 3 2 1 1 1 1 1 1 1 1 1 1 1 1 1 1 1 1 1 1 1 1 1 1 1 2 2 2 2 2 2 2 2 2 2 3 2 
1 1 1 1 1 1 1 1 1 1 1 1 1 1 1 1 1 1 1 1 1 1 2 3 3 3 3 3 3 3 3 3 3 3 3 3 4 4 12 71 94 93 94 80 19 5 6 26 53 53 42 23 17 8 4 5 5 4 3 3 4 3 3 4 4 4 4 4 5 5 5 5 7 18 44 67 54 18 14 18 10 6 6 5 5 5 5 5 5 5 5 5 5 5 5 4 4 4 4 4 4 4 4 4 4 4 3 3 3 4 3 3 3 3 3 3 3 3 3 3 3 3 3 3 2 1 1 1 1 1 1 1 1 1 1 1 1 1 1 1 1 1 1 1 1 1 1 1 2 2 2 2 2 2 2 2 2 2 3 2 
1 1 1 1 1 1 1 1 1 1 1 1 1 1 1 1 1 1 1 1 1 1 2 3 3 3 3 3 3 3 3 3 3 4 4 4 4 5 17 83 94 94 94 74 14 9 39 83 97 95 92 86 81 51 10 5 4 4 4 4 4 4 4 4 4 4 4 4 5 5 5 5 5 5 6 9 5 5 5 5 6 6 5 5 5 5 5 5 5 5 5 5 5 5 5 4 4 4 4 4 4 4 4 4 4 4 4 4 3 4 3 3 3 3 3 3 3 3 3 3 3 3 3 3 2 1 1 1 1 1 1 1 1 1 1 1 1 1 1 1 1 1 1 1 1 1 1 1 2 2 2 1 2 2 2 2 2 2 2 2 
1 1 1 1 1 1 1 1 1 1 1 1 1 1 1 1 1 1 1 1 1 1 3 3 3 3 4 3 3 4 4 3 3 4 4 4 5 5 27 88 95 95 94 59 20 55 88 95 96 95 95 93 76 36 7 5 5 6 12 19 24 22 18 13 5 4 4 4 5 5 5 5 5 5 6 10 6 5 5 5 5 5 5 5 5 5 4 4 5 5 5 5 5 5 5 4 4 4 4 4 4 4 4 4 4 4 3 3 3 3 4 3 3 3 3 3 3 3 3 3 3 3 3 2 2 1 1 1 1 1 1 1 1 1 1 1 1 1 1 1 1 1 1 1 1 1 1 1 1 2 2 1 2 2 2 2 2 2 2 2 
1 1 1 1 1 1 1 1 1 1 1 1 1 1 1 1 1 1 1 1 1 2 3 3 3 3 4 3 3 4 4 3 4 4 4 5 5 5 47 93 96 95 93 64 69 93 95 95 95 94 87 58 20 6 6 5 13 43 75 86 88 87 85 74 50 21 6 5 5 5 5 5 4 5 5 5 5 5 5 5 5 5 5 5 5 5 4 4 5 5 5 5 5 5 5 4 4 4 4 4 4 4 4 4 4 4 3 3 3 3 4 3 3 3 2 2 3 3 3 3 3 3 3 2 1 1 1 1 1 1 1 1 1 1 1 1 1 1 1 1 1 1 1 1 1 1 1 1 1 1 1 2 2 2 2 2 2 2 2 2 
1 1 1 1 1 1 1 1 1 1 1 1 1 1 1 1 1 1 1 1 1 2 4 3 3 4 4 3 3 4 3 3 4 4 4 5 5 7 56 95 95 95 95 92 94 95 95 95 93 78 38 10 5 5 7 17 63 91 95 95 95 96 96 95 94 81 38 8 5 5 13 17 10 6 6 4 5 5 5 5 5 5 5 5 5 5 5 5 5 5 5 5 5 5 5 5 4 4 4 4 4 4 4 3 3 4 4 3 3 3 4 3 3 3 2 2 3 2 2 3 3 3 3 2 1 1 1 1 1 1 1 1 1 1 1 1 1 1 1 1 1 1 1 1 1 1 1 1 1 1 1 2 2 2 2 2 2 2 2 2 
1 1 1 1 1 1 1 1 1 1 1 1 1 1 1 1 1 1 1 1 1 3 4 3 4 4 4 4 4 4 3 3 4 4 5 5 6 14 74 95 96 96 96 95 95 95 95 94 67 24 8 5 4 4 11 55 92 94 94 95 94 94 94 95 95 95 86 40 7 11 54 82 66 53 43 15 4 5 5 5 5 5 5 5 5 5 5 5 5 5 5 5 5 5 5 5 5 5 5 5 4 4 5 4 3 4 4 4 4 4 4 3 3 3 3 3 2 2 2 3 3 3 3 2 1 1 1 1 1 1 1 1 1 1 1 1 1 1 1 1 1 1 1 1 1 1 1 1 1 1 2 2 2 2 2 2 2 2 2 2 
1 1 1 1 1 1 1 1 1 1 1 1 1 1 1 1 1 1 1 1 1 4 5 4 4 4 4 4 4 4 4 4 4 4 5 6 6 19 83 94 96 96 96 95 95 95 95 93 55 10 6 5 5 6 29 84 93 94 94 91 65 45 61 86 95 94 95 80 25 10 25 82 95 93 92 52 7 5 5 6 14 17 9 5 5 5 5 5 5 5 5 5 5 4 4 5 5 5 5 5 5 4 6 4 4 4 4 4 4 4 3 3 3 3 3 3 2 2 3 2 2 3 2 2 1 1 1 1 1 1 1 1 1 1 1 1 1 1 1 1 1 1 1 1 1 1 1 1 1 1 2 2 2 2 2 2 2 2 2 1 
1 1 1 1 1 1 1 1 1 1 1 1 1 1 1 1 1 1 1 1 2 6 6 6 6 5 5 5 5 5 5 5 5 5 5 6 6 30 88 95 96 95 95 94 93 94 95 94 76 19 5 5 6 8 54 92 94 94 93 61 13 5 10 40 89 95 95 93 46 6 7 54 94 94 94 78 18 6 6 23 72 81 62 51 34 10 6 5 5 5 6 5 5 4 4 5 5 5 5 4 4 5 5 4 4 4 4 4 4 3 3 3 3 3 3 3 3 3 3 2 2 3 2 2 1 1 1 1 1 1 1 1 1 1 1 1 1 1 1 1 1 1 1 1 1 1 1 1 1 1 2 2 2 2 2 2 2 2 2 1 
1 1 1 1 1 1 1 1 1 1 1 1 1 1 1 1 1 1 1 1 3 9 8 7 7 7 7 7 6 6 6 6 5 5 6 6 6 48 93 95 96 95 92 73 73 93 95 95 89 37 6 5 14 21 74 93 93 94 83 25 4 4 4 16 79 95 94 94 66 10 4 26 86 95 93 89 40 7 18 70 95 97 97 94 72 18 5 5 5 12 17 17 14 7 5 5 5 5 4 4 4 4 4 4 4 4 4 4 4 3 3 3 3 3 3 3 3 3 3 3 3 3 2 1 1 1 1 1 1 1 1 1 1 1 1 1 1 1 1 1 1 1 1 1 1 1 1 1 1 1 2 2 2 2 2 2 2 2 2 2 
1 1 1 1 1 1 1 1 1 1 1 1 1 1 1 1 1 1 1 1 4 9 9 8 9 9 8 8 7 7 7 8 7 7 7 6 8 57 94 95 95 91 60 21 32 87 95 95 93 59 9 5 18 43 84 89 92 94 74 13 4 4 4 13 75 94 94 93 73 12 4 9 66 95 94 92 63 24 66 94 96 96 96 79 30 7 6 17 45 68 81 80 74 56 37 15 6 5 5 4 4 4 3 3 3 4 3 4 4 4 4 3 3 3 3 3 3 3 3 3 3 3 2 1 1 1 1 1 1 1 1 1 1 1 1 1 1 1 1 1 1 1 1 1 1 1 1 1 1 1 1 1 1 2 2 2 2 2 2 2 
1 1 1 1 1 1 1 1 1 1 1 1 1 1 1 1 1 1 1 1 5 8 8 8 9 10 9 8 8 9 10 10 9 8 8 8 16 76 94 95 94 80 23 7 18 79 94 95 94 79 21 5 6 24 82 88 92 93 59 8 5 4 4 16 80 94 94 93 68 10 4 5 38 90 95 94 85 75 93 95 95 95 79 30 7 6 27 70 90 92 93 93 92 91 88 73 34 7 4 4 4 3 1 1 1 2 3 4 4 4 4 3 3 3 3 3 3 3 3 3 3 3 2 1 1 1 1 1 1 1 1 1 1 1 1 1 1 1 1 1 1 1 1 1 1 1 1 1 1 1 1 1 1 2 2 2 2 2 2 1 
1 1 1 1 1 1 1 1 1 1 1 1 1 1 1 1 1 1 1 1 5 6 5 6 7 8 8 7 7 9 10 11 10 10 10 9 23 84 93 94 93 71 16 7 9 58 94 96 95 91 43 6 5 18 82 93 94 93 55 7 5 5 5 28 86 94 93 92 49 5 4 5 17 76 94 94 93 92 94 95 94 79 31 7 6 20 74 94 94 93 92 91 92 92 93 92 81 35 6 4 4 2 1 1 1 1 2 4 4 4 3 3 3 3 3 3 2 2 2 4 3 3 2 1 1 1 1 1 1 1 1 1 1 1 1 1 1 1 1 1 1 1 1 1 1 1 1 1 1 1 1 1 1 1 1 1 2 2 2 1 
1 1 1 1 1 1 1 1 1 1 1 1 1 1 1 1 1 1 1 2 5 6 5 5 5 5 5 6 6 8 9 9 9 10 11 9 18 45 65 77 80 50 11 8 8 46 92 95 95 93 66 11 6 12 68 94 94 93 74 18 5 5 9 57 93 94 93 89 38 4 4 5 7 49 92 94 93 93 94 94 78 31 7 6 9 53 92 95 94 92 82 69 71 83 92 92 92 78 24 4 4 2 1 1 1 1 2 4 4 4 3 3 3 3 3 3 2 2 2 3 3 2 2 1 1 1 1 1 1 1 1 1 1 1 1 1 1 1 1 1 1 1 1 1 1 1 1 1 1 1 1 1 1 1 1 1 1 2 2 2 
1 1 1 1 1 1 1 1 1 1 1 1 1 1 1 1 1 1 1 3 5 5 5 5 5 5 5 5 5 6 7 7 7 8 9 8 8 10 15 19 23 19 10 9 8 24 82 93 94 93 83 26 7 7 46 91 94 94 91 65 33 24 49 86 93 93 92 78 19 4 4 6 6 25 84 93 93 94 94 77 30 8 6 6 18 79 95 95 93 80 32 12 13 35 82 93 93 90 45 6 4 2 1 1 1 1 2 4 4 4 3 3 3 3 3 3 3 2 2 2 3 2 2 1 1 1 1 1 1 1 1 1 1 1 1 1 1 1 1 1 1 1 1 1 1 1 1 1 1 1 1 1 1 1 1 1 1 2 2 2 
1 1 1 1 1 1 1 1 1 1 1 1 1 1 1 1 1 1 1 4 6 5 5 5 5 5 5 5 6 6 7 7 7 7 7 6 6 7 8 7 7 8 9 8 8 12 37 51 68 78 81 44 9 7 19 70 93 94 93 93 87 85 91 93 92 92 89 50 7 4 5 6 6 18 82 93 93 94 79 30 7 7 7 7 37 89 95 95 91 50 8 5 4 8 58 93 93 91 69 11 4 3 2 1 1 1 3 4 4 4 4 4 4 3 3 3 3 3 2 2 3 2 1 1 1 1 1 1 1 1 1 1 1 1 1 1 1 1 1 1 1 1 1 1 1 1 1 1 1 1 1 1 1 1 1 1 1 1 2 2 
1 1 1 1 1 1 1 1 1 1 1 1 1 1 1 1 1 1 1 5 6 6 5 6 5 5 5 6 6 7 7 7 7 7 7 6 6 7 7 6 7 8 8 7 7 8 9 12 16 20 28 25 9 8 9 28 70 91 94 94 93 93 93 92 93 90 65 15 5 5 5 6 6 27 86 93 93 93 52 9 7 7 7 7 51 91 94 94 85 32 6 6 5 6 50 92 93 92 74 14 4 4 4 3 3 3 4 4 4 4 4 4 3 3 3 3 3 3 2 3 3 3 2 1 1 1 1 1 1 1 1 1 1 1 1 1 1 1 1 1 1 1 1 1 1 1 1 1 1 1 1 1 1 1 1 1 1 1 1 2 
1 1 1 1 1 1 1 1 1 1 1 1 1 1 1 1 1 1 2 6 6 6 6 6 5 6 5 6 6 6 7 7 7 7 7 5 6 7 7 6 6 7 7 7 7 7 8 9 8 8 7 7 8 8 8 9 19 49 75 86 92 92 92 91 82 56 18 4 5 6 6 6 6 47 92 94 94 92 44 8 7 8 8 8 52 88 90 96 80 20 6 6 5 7 54 93 94 92 74 14 5 5 5 4 4 4 4 4 4 4 4 4 3 3 3 3 3 2 2 3 3 3 2 1 1 1 1 1 1 1 1 1 1 1 1 1 1 1 1 1 1 1 1 1 1 1 1 1 1 1 1 1 1 1 1 1 1 1 1 2 
1 1 1 1 1 1 1 1 1 1 1 1 1 1 1 1 1 1 2 7 7 7 7 7 7 7 6 6 7 6 6 7 7 8 7 5 5 6 6 6 7 6 6 6 6 6 8 8 8 7 6 7 7 7 7 8 9 12 18 32 45 46 46 44 27 11 6 5 6 7 8 7 8 55 93 94 94 84 28 8 8 8 9 10 53 91 89 95 80 18 6 6 6 15 74 94 94 91 69 12 5 5 5 5 4 4 4 4 4 4 4 3 3 3 3 3 3 2 2 3 3 4 3 1 1 1 1 1 1 1 1 1 1 1 1 1 1 1 1 1 1 1 1 1 1 1 1 1 1 1 1 1 1 1 1 1 1 1 1 1 
1 1 1 1 1 1 1 1 1 1 1 1 1 1 1 1 1 1 4 8 8 8 8 8 8 7 7 7 7 6 7 8 8 9 7 6 6 7 7 6 7 7 6 5 5 6 7 7 7 8 6 7 7 7 7 7 8 8 7 7 8 8 8 10 8 7 7 6 7 8 9 7 16 74 93 95 95 79 19 9 10 9 9 10 47 90 86 94 85 29 8 7 7 30 86 95 95 90 49 7 5 5 5 5 4 4 4 4 4 4 4 3 3 3 3 3 3 3 3 3 3 3 1 1 1 1 1 1 1 1 1 1 1 1 1 1 1 1 1 1 1 1 1 1 1 1 1 1 1 1 1 1 1 1 1 1 1 1 1 1 
1 1 1 1 1 1 1 1 1 1 1 1 1 1 1 1 1 1 7 11 10 10 10 9 9 8 8 8 8 8 8 8 9 11 8 6 7 8 7 6 6 6 6 6 5 5 6 7 6 6 6 8 6 7 7 6 7 6 5 6 7 6 6 8 6 6 6 7 7 8 8 7 16 63 77 86 91 67 16 10 11 10 10 10 25 79 83 93 94 70 33 21 29 70 94 95 93 84 33 5 5 5 5 5 4 4 5 4 4 4 4 3 3 3 3 3 3 3 3 3 3 2 1 1 1 1 1 1 1 1 1 1 1 1 1 1 1 1 1 1 1 1 1 1 1 1 1 1 1 1 1 1 1 1 1 1 1 1 1 1 
1 1 1 1 1 1 1 1 1 1 1 1 1 1 1 1 1 1 10 13 12 12 11 11 10 9 9 9 9 9 9 10 11 10 8 7 8 8 7 8 7 7 6 6 5 6 7 7 6 5 5 8 7 7 7 6 7 6 5 6 6 5 5 7 5 5 5 6 6 7 8 8 9 14 19 32 46 32 13 12 11 11 12 11 13 55 86 93 96 95 87 83 86 95 96 95 90 67 14 6 5 5 5 5 4 4 5 5 4 4 4 3 3 3 3 3 3 3 3 3 3 2 1 1 1 1 1 1 1 1 1 1 1 1 1 1 1 1 1 1 1 1 1 1 1 1 1 1 1 1 1 1 1 1 1 1 1 1 1 1 
1 1 1 1 1 1 1 1 1 1 1 1 1 1 1 1 1 3 12 14 13 13 12 11 11 10 11 11 11 11 10 12 11 11 9 8 9 8 11 23 9 7 6 6 6 7 8 7 6 5 6 7 7 7 6 7 7 5 5 6 6 5 5 6 5 5 4 5 6 7 7 7 7 7 8 8 12 13 12 12 12 12 12 12 12 20 59 87 93 95 95 95 96 96 94 92 78 31 7 6 6 5 5 5 4 4 5 4 4 4 4 3 3 3 3 3 3 3 3 3 3 1 1 1 1 1 1 1 1 1 1 1 1 1 1 1 1 1 1 1 1 1 1 1 1 1 1 1 1 1 1 1 1 1 1 1 1 1 1 1 
1 1 1 1 1 1 1 1 1 1 1 1 1 1 1 1 1 4 10 11 11 11 11 10 10 11 12 13 13 13 13 14 14 13 10 11 12 10 19 25 8 8 7 6 7 7 8 7 7 6 7 8 8 7 6 8 7 5 5 6 6 5 5 6 5 5 4 5 5 7 7 6 6 7 7 8 10 11 11 11 11 12 12 12 12 12 19 48 74 86 91 91 92 91 88 73 37 10 8 7 7 6 5 5 5 5 5 4 4 4 3 3 4 4 4 3 3 3 3 3 2 1 1 1 1 1 1 1 1 1 1 1 1 1 1 1 1 1 1 1 1 1 1 1 1 1 1 1 1 1 1 1 1 1 1 1 1 1 1 1 
1 1 1 1 1 1 1 1 1 1 1 1 1 1 1 1 1 5 9 10 10 10 10 9 9 10 11 12 13 14 14 14 15 13 13 15 15 12 15 13 11 9 7 7 7 7 8 8 7 6 8 8 9 7 6 7 7 6 6 7 6 5 5 6 5 5 5 5 6 6 7 6 5 6 7 8 9 10 10 11 11 12 13 11 13 13 12 16 22 37 47 51 56 61 46 22 12 10 10 8 8 7 6 6 6 5 5 5 5 4 4 3 3 4 3 3 3 3 3 3 2 1 1 1 1 1 1 1 1 1 1 1 1 1 1 1 1 1 1 1 1 1 1 1 1 1 1 1 1 1 1 1 1 1 1 1 1 1 1 1 
1 1 1 1 1 1 1 1 1 1 1 1 1 1 1 1 1 7 9 10 10 10 10 9 9 9 11 11 12 13 13 13 15 14 15 17 16 14 17 15 14 10 8 9 10 8 8 8 7 7 8 8 8 7 7 8 7 7 7 7 6 5 6 6 5 5 5 5 5 6 7 6 6 7 7 9 10 9 9 10 10 11 12 11 12 12 11 13 13 15 14 14 16 18 13 12 11 11 12 10 9 9 10 10 8 6 6 6 6 5 5 4 4 4 4 3 3 4 4 3 2 1 1 1 1 1 1 1 1 1 1 1 1 1 1 1 1 1 1 1 1 1 1 1 1 1 1 1 1 1 1 1 1 1 1 1 1 1 1 1 
1 1 1 1 1 1 1 1 1 1 1 1 1 1 1 1 1 8 9 9 10 11 9 8 8 9 10 10 11 12 11 12 13 12 14 17 13 12 17 14 14 11 9 13 14 10 9 9 8 8 8 8 8 7 7 8 7 7 7 7 7 6 6 6 5 5 5 5 5 7 7 7 6 7 8 10 10 10 10 11 11 12 13 12 10 11 11 12 12 14 13 13 15 15 11 12 12 11 13 12 11 10 11 11 9 7 7 7 7 6 6 4 4 5 4 4 4 4 4 5 3 1 1 1 1 1 1 1 1 1 1 1 1 1 1 1 1 1 1 1 1 1 1 1 1 1 1 1 1 1 1 1 1 1 1 1 1 1 1 1 
1 1 1 1 1 1 1 1 1 1 1 1 1 1 1 1 2 7 8 8 9 10 9 8 7 9 9 10 11 10 11 11 12 10 11 12 10 11 13 12 12 10 10 12 12 12 11 10 9 9 10 8 8 7 7 8 7 7 7 7 6 6 7 6 5 5 6 6 7 7 7 7 7 8 8 10 10 11 11 11 11 12 13 12 11 11 11 11 12 13 12 12 13 14 12 12 11 12 12 12 11 10 12 11 9 8 8 9 7 6 6 5 5 5 4 4 4 4 4 3 1 0 1 1 1 1 1 1 1 1 1 1 1 1 1 1 1 1 1 1 1 1 1 1 1 1 1 1 1 1 1 1 1 1 1 1 1 1 1 1 
1 1 1 1 1 1 1 1 1 1 1 1 1 1 1 1 4 7 7 7 8 9 8 7 7 8 8 11 11 10 10 10 10 9 10 11 9 10 12 12 10 10 11 11 12 12 11 10 8 10 10 10 10 9 9 8 7 8 8 8 6 6 7 6 5 5 6 6 7 7 8 7 8 8 8 10 12 11 12 11 11 12 13 13 12 11 13 13 13 13 10 12 13 14 12 11 10 12 11 11 10 9 11 11 9 8 8 8 7 8 7 6 6 5 5 4 4 4 4 3 1 0 1 1 1 1 1 1 1 1 1 1 1 1 1 1 1 1 1 1 1 1 1 1 1 1 1 1 1 1 1 1 1 1 1 1 1 1 1 1 
1 1 1 1 1 1 1 1 1 1 1 1 1 1 1 1 5 5 6 6 7 7 6 7 7 8 9 10 9 10 10 9 8 7 9 9 8 9 10 10 9 9 9 10 11 12 10 9 8 10 10 10 10 10 10 9 7 9 10 8 7 8 8 7 6 6 6 6 7 7 8 8 8 8 8 10 12 11 12 12 12 12 13 13 12 12 13 13 14 13 12 13 14 15 14 12 9 11 11 10 9 8 8 8 7 8 7 7 6 7 6 6 6 6 5 5 5 5 4 3 1 0 1 1 1 1 1 1 1 1 1 1 1 1 1 1 1 1 1 1 1 1 1 1 1 1 1 1 1 1 1 1 1 1 1 1 1 1 1 1 
1 1 1 1 1 1 1 1 1 1 1 1 1 1 1 1 4 5 5 5 6 5 6 6 6 7 7 8 7 9 9 8 8 7 8 9 8 9 9 10 9 8 8 8 9 10 9 8 8 9 9 9 9 10 10 8 7 9 10 8 8 10 9 7 7 7 7 7 7 7 8 7 8 9 9 11 12 12 11 13 13 12 12 12 11 11 13 13 14 13 13 14 14 15 15 13 11 12 12 10 10 8 8 7 7 6 6 6 6 7 5 5 5 6 5 5 5 5 4 2 0 0 1 1 1 1 1 1 1 1 1 1 1 1 1 1 1 1 1 1 1 1 1 1 1 1 1 1 1 1 1 1 1 1 1 1 1 1 1 1 
1 1 1 1 1 1 1 1 1 1 1 1 1 1 1 2 4 4 5 5 5 5 6 5 6 6 6 7 7 7 7 7 7 6 8 8 7 8 9 10 8 7 7 8 9 8 8 8 7 9 9 8 8 9 10 8 7 9 10 8 8 10 8 8 8 8 8 8 9 10 9 8 10 10 11 13 12 13 13 13 13 12 12 13 12 12 13 13 15 13 13 14 14 14 13 12 11 12 12 10 10 8 8 7 7 6 6 6 7 7 5 5 4 4 4 4 5 5 4 2 1 1 1 1 1 1 1 1 1 1 1 1 1 1 1 1 1 1 1 1 1 1 1 1 1 1 1 1 1 1 1 1 1 1 1 1 1 1 1 1 
1 1 1 1 1 1 1 1 1 1 1 1 1 1 1 3 5 5 5 5 5 5 5 5 5 6 8 7 6 7 6 6 5 6 6 6 6 7 8 8 7 7 7 8 9 7 7 7 7 8 7 7 8 9 9 7 8 20 12 6 7 9 7 7 9 9 8 8 9 10 9 10 11 11 14 14 13 15 12 12 13 13 13 12 12 13 13 14 15 12 14 14 13 13 12 10 11 11 10 9 9 8 8 8 7 6 6 6 7 6 5 5 4 4 4 4 5 4 4 2 0 1 1 1 1 1 1 1 1 1 1 1 1 1 1 1 1 1 1 1 1 1 1 1 1 1 1 1 1 1 1 1 1 1 1 1 1 1 1 1 
1 1 1 1 1 1 1 1 1 1 1 1 1 1 1 3 4 5 5 5 5 5 5 4 5 6 9 6 5 6 5 5 4 5 5 5 5 6 7 7 6 7 7 8 7 7 7 6 7 7 7 7 8 9 8 7 8 15 11 5 7 8 7 7 8 9 8 8 8 9 9 9 10 11 14 14 15 17 13 12 14 14 14 12 13 14 13 9 12 12 14 14 12 12 11 11 14 15 10 9 8 8 7 7 6 6 6 6 5 5 6 5 5 4 4 4 5 4 3 1 0 1 1 1 1 1 1 1 1 1 1 1 1 1 1 1 1 1 1 1 1 1 1 1 1 1 1 1 1 1 1 1 1 1 1 1 1 1 1 1 
1 1 1 1 1 1 1 1 1 1 1 1 1 1 1 4 5 5 5 5 5 5 4 4 5 5 5 5 5 5 5 4 4 5 4 4 5 5 6 6 6 6 6 7 7 7 6 6 7 7 7 6 7 8 7 6 7 8 7 6 7 7 7 7 7 7 8 8 8 8 7 9 9 11 13 12 13 14 12 13 16 15 15 13 13 11 5 2 8 14 15 14 12 12 11 10 12 14 10 8 8 8 7 6 5 5 5 5 5 6 6 5 4 4 4 4 5 4 3 1 1 1 1 1 1 1 1 1 1 1 1 1 1 1 1 1 1 1 1 1 1 1 1 1 1 1 1 1 1 1 1 1 1 1 1 1 1 1 1 1 
1 1 1 1 1 1 1 1 1 1 1 1 1 1 2 5 4 5 5 5 4 4 4 4 5 5 5 5 5 5 5 4 4 5 4 4 5 5 6 6 6 5 5 7 7 6 6 5 7 6 6 5 7 7 6 5 6 7 6 6 7 6 6 6 6 6 6 7 7 8 8 12 10 11 12 12 12 12 12 14 16 15 15 11 6 3 2 2 4 16 16 16 13 12 11 10 9 9 8 8 8 8 7 6 5 5 5 5 5 5 4 4 4 4 4 5 5 4 3 1 1 1 1 1 1 1 1 1 1 1 1 1 1 1 1 1 1 1 1 1 1 1 1 1 1 1 1 1 1 1 1 1 1 1 1 1 1 1 1 1 
1 1 1 1 1 1 1 1 1 1 1 1 1 1 2 5 5 5 5 5 4 4 4 5 5 5 5 5 5 5 5 4 4 4 4 4 5 6 8 8 8 6 5 6 6 6 7 6 6 5 5 5 7 6 5 5 5 6 5 6 6 6 6 6 6 6 6 7 8 8 8 11 11 12 13 12 14 14 12 14 15 14 8 3 1 1 1 2 4 14 18 16 15 14 11 10 10 9 7 8 7 7 7 6 6 5 5 5 5 4 4 4 4 4 4 4 4 4 3 1 1 1 1 1 1 1 1 1 1 1 1 1 1 1 1 1 1 1 1 1 1 1 1 1 1 1 1 1 1 1 1 1 1 1 1 1 1 1 1 1 
1 1 1 1 1 1 1 1 1 1 1 1 1 1 3 6 5 5 5 5 4 4 5 5 5 5 5 5 5 5 4 4 4 4 4 4 5 8 11 7 5 7 5 6 7 6 7 8 5 5 5 5 6 5 4 4 5 5 5 5 6 5 5 5 6 6 6 7 8 7 7 8 10 12 13 12 16 18 13 14 15 10 2 2 1 1 2 3 3 7 14 15 15 15 12 12 11 10 8 8 7 7 7 7 6 5 5 5 4 4 4 4 4 4 4 4 4 3 2 1 1 1 1 1 1 1 1 1 1 1 1 1 1 1 1 1 1 1 1 1 1 1 1 1 1 1 1 1 1 1 1 1 1 1 1 1 1 1 1 1 
1 1 1 1 1 1 1 1 1 1 1 1 1 1 4 8 6 6 6 5 5 5 5 5 5 5 5 5 5 5 4 4 4 4 4 4 5 6 4 3 2 5 6 7 4 3 2 3 5 5 4 5 5 5 4 4 5 5 4 5 5 4 4 5 5 5 7 7 7 6 7 8 9 11 13 13 13 14 14 15 13 7 1 2 1 1 7 13 7 3 7 15 15 13 11 12 11 10 10 10 9 8 8 7 6 6 5 5 4 4 4 4 3 4 4 5 4 3 1 1 1 1 1 1 1 1 1 1 1 1 1 1 1 1 1 1 1 1 1 1 1 1 1 1 1 1 1 1 1 1 1 1 1 1 1 1 1 1 1 1 
1 1 1 1 1 1 1 1 1 1 1 1 1 1 6 7 5 6 6 6 6 6 5 6 6 6 6 6 6 6 5 4 5 5 4 5 5 5 3 1 1 3 6 4 2 1 1 2 4 4 4 4 5 4 4 4 5 4 4 4 4 4 4 4 5 5 6 7 6 6 7 7 9 11 12 12 13 13 15 15 12 6 1 2 6 3 3 11 13 5 3 10 14 12 11 11 10 8 19 18 8 8 7 7 6 6 6 6 4 5 5 5 4 4 4 4 4 3 1 0 1 1 1 1 1 1 1 1 1 1 1 0 0 1 1 1 1 1 1 1 1 1 1 1 1 1 1 1 1 1 1 1 1 1 1 1 1 1 1 1 
1 1 1 1 1 1 1 1 1 1 1 1 1 1 7 6 4 5 5 5 5 5 5 6 7 7 7 7 6 6 5 5 5 5 5 5 5 5 4 1 1 2 3 2 3 2 1 2 3 4 4 5 4 4 4 4 4 4 4 4 4 4 4 4 4 5 6 5 6 6 6 6 8 12 11 11 13 12 13 14 11 8 2 3 11 8 2 4 9 5 3 5 13 12 9 9 8 7 12 12 7 6 7 7 6 7 6 6 5 5 5 5 5 5 5 4 5 3 0 0 1 1 1 1 1 1 1 1 1 1 1 0 0 1 1 1 1 1 1 1 1 1 1 1 1 1 1 1 1 1 1 1 1 1 1 1 1 1 1 1 
1 1 1 1 1 1 1 1 1 1 1 1 1 2 5 5 4 4 4 4 5 4 4 5 6 6 6 7 7 7 6 6 7 6 6 6 5 6 5 2 1 2 2 5 6 4 1 1 2 4 4 5 5 4 4 4 4 3 3 4 4 4 4 4 4 5 5 5 5 5 6 6 8 11 11 11 12 11 13 15 11 11 4 3 8 11 7 2 2 2 2 4 12 11 9 9 8 7 7 7 6 6 6 6 6 6 6 6 5 5 5 6 5 5 5 5 5 3 1 1 1 1 1 1 1 1 1 1 1 1 1 1 1 1 1 1 1 1 1 1 1 1 1 1 1 1 1 1 1 1 1 1 1 1 1 1 1 1 1 1 
1 1 1 1 1 1 1 1 1 1 1 1 1 2 5 4 4 4 4 4 4 4 4 4 5 5 5 5 6 6 6 6 7 7 6 7 7 7 6 4 2 2 2 8 6 4 3 2 2 3 5 5 4 4 4 4 4 3 3 4 4 4 4 4 4 4 5 5 5 5 5 6 8 11 11 11 11 12 17 16 12 12 9 4 3 4 8 5 1 1 2 6 12 11 10 9 8 7 6 7 6 5 6 5 5 5 5 5 5 5 5 5 5 5 5 5 5 2 1 1 1 1 1 1 1 1 1 1 1 1 1 1 1 1 1 1 1 1 1 1 1 1 1 1 1 1 1 1 1 1 1 1 1 1 1 1 1 1 1 1 
1 1 1 1 1 1 1 1 1 1 1 1 1 3 4 4 3 4 4 4 4 4 4 4 4 4 4 5 5 4 4 5 5 5 6 6 7 6 6 6 2 2 4 5 6 5 4 2 2 2 5 5 4 4 4 4 4 3 3 4 4 4 4 4 3 4 5 5 5 5 5 6 8 9 10 10 11 11 17 15 12 10 10 6 2 2 7 9 6 3 5 11 12 11 11 9 8 7 6 6 6 6 6 5 5 5 5 5 5 5 5 5 5 5 5 5 5 2 1 1 1 1 1 1 1 1 1 1 1 1 1 1 1 1 1 1 1 1 1 1 1 1 1 1 1 1 1 1 1 1 1 1 1 1 1 1 1 1 1 1 
1 1 1 1 1 1 1 1 1 1 1 1 1 3 4 4 4 4 4 4 4 4 4 4 4 4 4 5 4 4 4 4 4 4 4 5 5 5 6 6 3 2 2 3 6 6 9 3 2 3 6 6 5 4 4 4 4 4 4 4 4 3 3 4 3 4 5 5 5 5 5 6 7 8 9 10 10 11 17 15 11 10 10 10 5 2 4 10 11 9 11 12 11 10 11 8 6 7 7 7 7 7 7 6 5 5 5 5 5 5 5 5 5 5 5 5 4 1 1 1 1 1 1 1 1 1 1 1 1 1 1 1 1 1 1 1 1 1 1 1 1 1 1 1 1 1 1 1 1 1 1 1 1 1 1 1 1 1 1 1 
1 1 1 1 1 1 1 1 1 1 1 1 2 3 4 4 4 4 4 4 4 4 4 4 4 4 4 4 4 4 4 4 4 4 4 4 4 4 4 5 5 2 2 3 7 8 17 7 6 6 8 6 5 5 5 5 4 4 4 4 4 3 3 4 4 4 5 5 5 5 5 6 8 8 9 10 10 10 12 11 11 10 11 12 12 10 8 10 10 9 10 11 10 10 9 8 7 7 6 6 6 7 7 6 5 5 5 5 5 5 5 5 5 5 5 5 3 1 1 1 1 1 1 1 1 1 1 1 1 1 1 1 1 1 1 1 1 1 1 1 1 1 1 1 1 1 1 1 1 1 1 1 1 1 1 1 1 1 1 1 
1 1 1 1 1 1 1 1 1 1 1 1 2 4 4 4 4 4 4 4 4 4 4 4 4 4 4 4 4 4 4 4 4 4 4 4 4 4 4 4 5 4 2 2 5 8 8 6 6 5 5 5 5 5 5 5 5 5 5 4 4 4 4 4 4 5 5 5 5 5 5 6 8 9 10 10 10 11 10 10 10 11 11 11 11 11 11 11 10 10 10 10 9 9 9 8 7 7 6 5 6 7 6 5 5 5 5 5 5 5 5 5 5 5 5 5 3 1 1 1 1 1 1 1 1 1 1 1 1 1 1 1 1 1 1 1 1 1 1 1 1 1 1 1 1 1 1 1 1 1 1 1 1 1 1 1 1 1 1 1 
1 1 1 1 1 1 1 1 1 1 1 1 2 3 3 3 4 4 4 4 4 4 4 4 4 4 4 4 4 4 4 4 4 4 4 4 4 4 4 4 4 5 4 4 4 5 6 5 4 4 4 4 4 4 5 5 5 5 6 5 5 4 5 5 6 5 6 5 5 5 5 8 8 8 10 9 10 11 10 9 10 11 12 11 10 10 10 11 11 10 10 10 9 10 9 8 7 7 6 5 6 6 6 5 5 5 5 5 5 5 5 5 5 5 5 4 2 1 1 1 1 1 1 1 1 1 1 1 1 1 1 1 1 1 1 1 1 1 1 1 1 1 1 1 1 1 1 1 1 1 1 1 1 1 1 1 1 1 1 2 
1 1 1 1 1 1 1 1 1 1 1 1 2 3 3 3 4 4 4 4 4 4 4 4 4 4 4 4 5 4 4 4 4 4 4 4 4 4 4 4 4 5 8 5 3 4 4 4 4 4 4 4 4 4 4 4 4 4 5 4 5 4 5 10 18 7 7 6 6 6 6 10 9 9 11 9 10 11 10 9 9 10 11 10 10 10 10 11 11 11 11 10 9 10 9 8 7 7 6 6 6 6 6 5 5 5 4 4 5 5 5 5 5 5 5 4 2 1 1 1 1 1 1 1 1 1 1 1 1 1 1 1 1 1 1 1 1 1 1 1 1 1 1 1 1 1 1 1 1 1 1 1 1 1 1 1 1 1 1 2 
1 1 1 1 1 1 1 1 1 1 1 1 3 3 3 3 4 4 4 4 4 4 4 4 4 4 4 5 5 3 4 4 4 4 4 4 4 4 4 4 4 5 5 4 3 4 4 4 4 4 4 4 4 4 4 3 3 4 4 4 4 4 5 10 42 10 6 6 6 7 8 12 11 11 12 11 12 11 11 10 10 11 10 9 10 10 10 11 11 11 11 11 9 9 9 8 8 7 6 5 6 5 5 5 5 4 4 4 5 5 5 5 5 5 5 4 1 1 1 1 1 1 1 1 1 1 1 1 1 1 1 1 1 1 1 1 1 1 1 1 1 1 1 1 1 1 1 1 1 1 1 1 1 1 1 1 1 1 2 3 
1 1 1 1 1 1 1 1 1 1 1 1 3 4 3 3 4 4 4 4 4 4 4 4 4 4 4 4 3 3 4 4 4 4 4 4 4 4 4 4 4 4 4 3 3 4 4 4 4 4 4 3 3 3 4 3 3 3 3 3 3 4 4 8 17 6 5 5 6 6 8 12 11 12 12 13 14 13 13 11 11 11 11 10 11 10 11 11 11 11 11 11 11 10 9 9 9 8 6 5 6 6 5 5 5 4 4 4 4 4 4 4 5 4 4 3 1 1 1 1 1 1 1 1 1 1 1 1 1 1 1 1 1 1 1 1 1 1 1 1 1 1 1 1 1 1 1 1 1 1 1 1 1 1 1 1 1 1 2 3 
1 1 1 1 1 1 1 1 1 1 1 1 3 3 3 3 4 4 4 4 3 3 4 4 4 4 4 4 3 3 4 4 4 4 4 4 4 4 4 4 4 4 4 3 3 4 4 4 4 4 3 3 3 3 4 3 3 3 3 3 3 3 4 4 4 5 5 5 5 6 7 10 9 10 11 12 13 14 13 13 13 13 12 11 13 12 12 12 11 12 11 9 9 10 9 9 9 8 7 6 6 5 5 5 5 4 4 4 4 4 4 4 4 4 4 3 1 1 1 1 1 1 1 1 1 1 1 1 1 1 1 1 1 1 1 1 1 1 1 1 1 1 1 1 1 1 1 1 1 1 1 1 1 1 1 1 1 2 3 4 
1 1 1 1 1 1 1 1 1 1 1 2 3 3 3 3 3 3 4 3 3 3 4 4 4 4 4 3 3 4 4 4 4 4 4 4 4 4 4 4 4 4 4 3 3 3 3 3 3 3 3 3 3 3 3 3 3 3 3 3 3 3 3 4 4 5 5 5 5 5 7 8 9 9 9 10 10 11 11 12 13 13 11 12 13 12 14 13 12 13 12 11 11 11 9 9 9 8 7 6 6 5 5 5 5 4 4 4 4 4 4 3 4 4 4 3 1 1 1 1 1 1 1 1 1 1 1 1 1 1 1 1 1 1 1 1 1 1 1 1 1 1 1 1 1 1 1 1 1 1 1 1 1 1 1 1 1 2 3 4 
1 1 1 1 1 1 1 1 1 1 1 2 4 3 3 3 3 3 4 3 3 4 3 3 4 4 4 3 3 3 4 4 4 4 4 4 4 4 4 4 4 4 3 3 3 3 3 3 3 3 3 3 3 3 3 3 3 3 3 3 3 3 3 4 4 5 5 5 5 5 7 8 8 8 9 10 10 9 10 11 11 11 11 12 12 11 13 13 13 13 13 12 12 11 10 9 9 9 7 7 7 6 5 5 5 5 4 4 5 4 3 3 4 4 3 2 1 1 1 1 1 1 1 1 1 1 1 1 1 1 1 1 1 1 1 1 1 1 1 1 1 1 1 1 1 1 1 1 1 1 1 1 1 1 1 1 2 3 4 5 
1 1 1 1 1 1 1 1 1 1 1 3 3 3 3 3 3 3 4 4 4 4 3 3 5 5 4 3 3 3 4 4 4 4 4 4 4 4 4 4 4 4 3 3 3 3 3 4 4 3 3 3 3 3 3 3 3 3 3 3 3 3 3 4 4 5 5 5 5 6 8 8 8 9 9 9 10 9 10 10 10 10 9 10 10 11 12 11 12 11 12 11 12 12 11 10 10 10 8 8 7 7 6 6 6 5 5 4 4 4 4 4 4 4 3 1 1 1 1 1 1 1 1 1 1 1 1 1 1 1 1 1 1 1 1 1 1 1 1 1 1 1 1 1 1 1 1 1 1 1 1 1 1 1 1 1 2 3 4 5 
1 1 1 1 1 1 1 1 1 1 1 3 3 3 3 3 3 3 3 4 4 4 3 3 6 4 3 3 3 3 4 4 4 4 4 4 4 4 4 4 4 3 3 3 3 3 3 3 4 3 3 3 3 3 3 3 3 3 3 3 3 3 3 4 4 4 4 5 6 8 8 8 8 8 8 8 9 8 9 9 9 10 9 9 9 10 10 10 11 10 10 10 11 11 11 11 10 10 9 9 8 7 6 6 6 5 5 5 5 4 4 4 5 4 3 1 1 1 1 1 1 1 1 1 1 1 1 1 1 1 1 1 1 1 1 1 1 1 1 1 1 1 1 1 1 1 1 1 1 1 1 1 1 1 1 1 2 3 5 6 
1 1 1 1 1 1 1 1 1 1 2 2 2 3 3 3 3 3 3 4 4 4 4 4 4 4 3 3 3 3 4 4 4 4 4 4 4 4 4 4 4 3 3 3 3 3 3 3 4 3 3 3 3 3 3 3 3 3 3 2 2 3 3 4 4 3 3 5 8 8 8 8 8 8 8 7 8 8 8 8 9 9 9 9 10 10 9 10 11 10 9 10 11 11 11 10 9 9 9 9 8 7 7 7 7 6 5 6 5 5 5 5 5 4 3 1 1 1 1 1 1 1 1 1 1 1 1 1 1 1 1 1 1 1 1 1 1 1 1 1 1 1 1 1 1 1 1 1 1 1 1 1 1 1 1 2 3 4 5 6 
1 1 1 1 1 1 1 1 1 1 2 2 3 3 3 3 3 3 3 4 4 4 4 4 4 3 3 3 3 3 4 4 4 4 4 4 4 4 4 4 4 3 2 3 3 3 3 3 4 4 3 3 3 3 3 3 3 2 2 2 2 3 3 4 4 3 4 7 7 7 8 7 8 8 7 7 7 8 8 8 8 9 9 9 10 9 9 10 11 10 9 10 11 10 10 9 9 9 9 9 8 7 7 7 7 7 6 6 5 5 5 5 5 5 3 1 1 1 1 1 1 1 1 1 1 1 1 1 1 1 1 1 1 1 1 1 1 1 1 1 1 1 1 1 1 1 1 1 1 1 1 1 1 1 1 2 3 5 6 7 
1 1 1 1 1 1 1 1 1 1 2 3 3 3 3 3 3 3 3 3 3 4 4 4 4 3 3 3 3 3 4 4 4 4 4 4 5 4 4 4 4 3 2 3 3 3 3 3 4 3 3 3 3 3 3 3 3 2 2 2 2 3 3 3 4 4 4 5 6 7 8 8 8 8 7 8 8 8 8 8 9 9 9 9 10 9 9 10 10 9 9 9 10 9 9 9 9 9 9 9 8 8 7 7 7 7 6 6 5 5 5 5 5 4 2 1 1 1 1 1 1 1 1 1 1 1 1 1 1 1 1 1 1 1 1 1 1 1 1 1 1 1 1 1 1 1 1 1 1 1 1 1 1 1 2 3 4 6 7 7 
1 1 1 1 1 1 1 1 1 1 2 3 3 3 3 3 3 3 3 3 3 4 3 3 4 3 3 3 3 4 4 4 4 4 4 4 4 4 4 4 4 3 2 3 3 3 3 3 4 3 3 3 3 3 2 2 2 2 2 2 2 3 3 3 3 4 5 5 5 6 7 8 8 8 8 9 9 8 8 8 9 9 9 9 9 9 9 10 10 10 9 10 9 9 10 11 9 9 9 9 9 8 7 7 7 7 6 5 5 5 5 4 4 4 2 1 1 1 1 1 1 1 1 1 1 1 1 1 1 1 1 1 1 1 1 1 1 1 1 1 1 1 1 1 1 1 1 1 1 1 1 1 1 2 2 4 5 6 7 7 
1 1 1 1 1 1 1 1 1 1 3 3 3 3 3 3 3 3 3 3 4 3 3 3 4 4 4 4 4 4 4 3 3 3 4 4 4 4 4 4 4 3 3 3 3 3 3 3 3 3 3 3 3 2 2 2 2 2 2 2 3 3 3 3 3 4 4 5 6 7 8 8 8 8 8 9 9 8 8 8 8 9 9 9 10 9 10 10 10 10 10 10 9 9 10 10 9 9 9 9 9 8 7 7 7 7 6 5 5 5 5 4 4 4 2 1 1 1 1 1 1 1 1 1 1 1 1 1 1 1 1 1 1 1 1 1 1 1 1 1 1 1 1 1 1 1 1 1 1 1 1 1 2 2 3 5 6 6 7 8 
1 1 1 1 1 1 1 1 1 2 3 3 3 3 3 3 3 3 3 4 4 3 3 3 4 4 4 4 4 4 4 3 3 3 4 4 4 4 4 4 4 3 3 3 3 3 3 3 3 2 2 2 3 2 2 3 3 2 2 2 3 3 3 3 4 4 4 5 6 8 8 8 8 8 8 9 9 8 8 8 8 9 9 9 10 9 10 11 11 9 10 10 9 10 9 9 9 9 9 8 8 8 8 8 7 7 7 6 5 5 5 5 6 4 1 1 1 1 1 1 1 1 1 1 1 1 1 1 1 1 1 1 1 1 1 1 1 1 1 1 1 1 1 1 1 1 1 1 1 1 1 1 2 2 4 5 6 7 8 8 
1 1 1 1 1 1 1 1 1 2 3 3 3 3 3 3 3 4 3 3 4 4 4 4 4 3 3 4 4 4 4 4 4 4 4 4 4 4 4 4 4 3 3 3 3 2 3 4 3 2 2 2 3 3 3 3 3 2 2 2 2 3 3 4 4 4 5 5 7 8 7 8 8 9 9 9 9 9 9 8 8 10 10 9 10 10 11 18 17 9 9 9 9 10 9 9 9 9 9 8 9 8 8 8 7 7 7 7 5 5 5 5 6 3 1 1 1 1 1 1 1 1 1 1 1 1 1 1 1 1 1 1 1 1 1 1 1 1 1 1 1 1 1 1 1 1 1 1 1 1 1 1 2 3 4 5 6 7 8 9 
1 1 1 1 1 1 1 1 1 2 3 3 3 3 3 3 3 3 3 3 4 3 3 4 4 3 3 4 4 4 4 4 4 3 3 4 4 4 5 4 4 3 3 3 3 3 3 4 3 3 3 3 3 3 3 3 3 3 3 3 2 3 4 4 4 4 4 5 7 8 8 8 9 9 9 9 9 9 9 9 9 9 9 10 11 11 11 14 14 9 10 9 9 10 9 9 9 9 9 8 8 8 8 8 8 8 7 7 6 6 6 6 5 3 1 1 1 1 1 1 1 1 1 1 1 1 1 1 1 1 1 1 1 1 1 1 1 1 1 1 1 1 1 1 1 1 1 1 1 1 1 2 2 4 5 6 7 8 9 10 
1 1 1 1 1 1 1 1 1 2 3 3 3 3 3 3 3 3 3 4 4 3 3 4 4 3 3 4 4 4 4 4 4 3 3 4 4 5 6 4 3 3 3 4 3 3 3 3 3 3 3 3 3 3 3 3 3 3 3 3 3 3 4 4 4 4 5 5 6 8 9 9 9 9 9 9 9 9 9 9 9 9 9 10 11 11 10 9 10 10 10 10 10 10 9 9 8 9 9 9 8 8 8 7 8 8 7 7 7 7 7 6 5 2 1 1 1 1 1 1 1 1 1 1 1 1 1 1 1 1 1 1 1 1 1 1 1 1 1 1 1 1 1 1 1 1 1 1 1 1 2 2 3 4 5 6 7 8 9 10 
1 1 1 1 1 1 1 1 1 3 3 3 3 3 3 3 3 3 3 4 4 3 3 4 3 3 3 3 4 4 4 4 4 4 4 4 4 5 6 4 3 3 3 4 3 3 3 3 3 3 3 3 3 2 3 3 3 3 3 3 3 3 4 4 4 6 5 5 7 8 9 9 9 9 9 10 10 10 10 9 9 9 9 11 11 11 10 10 10 11 10 10 11 10 9 8 8 9 9 9 9 8 8 7 8 8 8 8 7 7 7 6 6 2 1 1 1 1 1 1 1 1 1 1 1 1 1 1 1 1 1 1 1 1 1 1 1 1 1 1 1 1 1 1 1 1 1 1 1 2 2 3 4 5 6 6 7 8 10 10 
1 1 1 1 1 1 1 1 2 3 3 3 3 3 3 3 3 3 3 4 4 4 4 4 3 3 3 3 4 4 4 4 4 4 4 4 4 5 4 4 4 3 4 4 3 3 3 3 3 3 2 2 3 3 3 3 3 3 3 4 4 4 4 4 5 6 5 6 7 9 10 9 9 9 9 9 9 9 8 9 9 9 9 11 12 11 11 11 10 11 12 12 11 11 10 9 8 9 9 9 9 9 8 8 8 9 8 8 8 7 7 7 5 1 1 1 1 1 1 1 1 1 1 1 1 1 1 1 1 1 1 1 1 1 1 1 1 1 1 1 1 1 1 1 1 1 1 1 2 2 2 3 4 5 6 7 8 9 10 11 
1 1 1 1 1 1 1 1 2 3 3 3 3 3 3 3 2 2 3 4 4 4 4 4 3 3 4 4 4 4 4 4 4 4 4 4 4 4 4 4 4 4 4 4 3 3 3 3 3 2 2 2 3 3 3 3 3 3 4 4 4 4 4 5 5 6 5 7 9 10 9 9 8 8 9 9 9 9 8 9 9 10 9 11 11 10 9 10 10 13 14 12 11 10 10 9 9 9 8 9 9 9 9 8 9 9 9 8 8 7 8 8 5 1 1 1 1 1 1 1 1 1 1 1 1 1 1 1 1 1 1 1 1 1 1 1 1 1 1 1 1 1 1 1 1 1 1 1 2 2 3 4 5 6 7 8 8 10 11 12 
1 1 1 1 1 1 1 1 2 3 3 3 3 2 2 3 2 2 3 3 3 3 4 3 3 3 3 4 4 4 4 4 4 4 4 4 4 4 4 4 4 4 4 4 3 3 4 3 3 2 2 3 3 3 3 3 3 3 3 4 4 5 5 5 5 5 6 10 9 10 10 9 8 9 9 8 10 9 8 12 15 10 10 11 10 9 9 9 9 10 10 11 10 9 10 9 9 9 8 9 9 8 8 9 9 9 8 9 8 7 9 8 4 1 1 1 1 1 1 1 1 1 1 1 1 1 1 1 1 1 1 1 1 1 1 1 1 1 1 1 1 1 1 1 1 1 1 2 2 3 3 4 5 6 7 8 9 10 11 12 
1 1 1 1 1 1 1 1 2 2 2 2 2 2 2 2 2 2 2 3 2 3 3 3 2 2 2 3 3 3 3 3 3 3 3 3 3 4 3 3 3 4 3 3 3 3 3 3 2 2 4 6 4 3 3 2 2 2 3 3 4 5 4 4 4 5 8 9 8 13 12 8 9 11 10 9 8 8 8 15 21 8 9 10 10 10 10 10 9 9 9 10 10 9 10 9 9 9 8 9 8 8 8 8 8 8 7 9 8 8 9 8 3 1 1 1 1 1 1 1 1 1 1 1 1 1 1 1 1 1 1 1 1 1 1 1 1 1 1 1 1 1 1 1 1 1 1 2 2 3 3 4 5 6 7 8 9 10 11 12 
