16 16 16 16 16 16 16 16 16 16 16 16 16 16 16 16 16 16 16 16 16 16 16 16 16 16 16 16 16 16 16 16 16 16 16 16 16 16 16 16 16 16 16 16 16 16 16 16 16 16 16 16 16 18 49 133 170 172 173 173 173 173 174 175 175 175 175 174 172 173 174 174 173 173 172 174 174 174 172 171 172 171 170 170 171 171 171 171 169 168 169 170 169 168 169 170 169 168 168 167 167 168 167 167 166 166 166 165 164 163 165 164 163 163 162 163 162 162 162 161 159 159 161 161 160 158 156 155 154 154 155 154 152 116 42 17 16 16 16 16 16 16 16 16 16 16 16 16 16 16 16 16 16 16 16 16 16 16 16 16 
16 16 16 16 16 16 16 16 16 16 16 16 16 16 16 16 16 16 16 16 16 16 16 16 16 16 16 16 16 16 16 16 16 16 16 16 16 16 16 16 16 16 16 16 16 16 16 16 16 16 16 16 17 33 95 157 171 172 172 172 173 174 174 175 175 175 174 174 173 174 174 173 173 173 173 174 174 173 171 171 171 171 172 171 171 171 171 170 169 169 169 169 169 169 169 169 169 168 168 167 167 167 166 166 165 166 166 165 164 165 165 164 163 163 163 163 162 162 161 160 159 160 161 161 159 158 157 155 154 155 155 153 153 138 82 29 17 16 16 16 16 16 16 16 16 16 16 16 16 16 16 16 16 16 16 16 16 16 16 16 
16 16 16 16 16 16 16 16 16 16 16 16 16 16 16 16 16 16 16 16 16 16 16 16 16 16 16 16 16 16 16 16 16 16 16 16 16 16 16 16 16 16 16 16 16 16 16 16 16 16 16 17 33 95 155 171 172 173 173 173 174 174 174 174 174 174 173 173 173 174 173 172 174 174 173 173 173 172 172 173 172 173 173 171 171 172 172 171 170 170 169 169 169 169 168 169 168 168 168 168 168 168 167 166 166 167 167 165 165 165 164 165 164 163 163 163 162 161 160 160 160 160 160 160 159 159 158 156 155 155 154 153 153 152 137 82 29 17 16 16 16 16 16 16 16 16 16 16 16 16 16 16 16 16 16 16 16 16 16 16 
16 16 16 16 16 16 16 16 16 16 16 16 16 16 16 16 16 16 16 16 16 16 16 16 16 16 16 16 16 16 16 16 16 16 16 16 16 16 16 16 16 16 16 16 16 16 16 16 16 16 17 34 96 156 173 173 174 174 173 174 174 173 174 174 174 174 173 172 173 173 173 173 174 174 172 172 172 173 174 174 173 173 172 171 172 173 171 171 171 170 170 170 170 169 168 167 168 169 169 169 169 169 168 167 167 167 166 165 165 164 165 165 164 163 163 164 162 162 162 162 161 160 160 160 159 159 159 157 156 156 155 155 155 154 153 136 81 29 17 16 16 16 16 16 16 16 16 16 16 16 16 16 16 16 16 16 16 16 16 16 
16 16 16 16 16 16 16 16 16 16 16 16 16 16 16 16 16 16 16 16 16 16 16 16 16 16 16 16 16 16 16 16 16 16 16 16 16 16 16 16 16 16 16 16 16 16 16 16 16 17 34 97 157 173 175 175 175 174 174 175 174 173 174 174 176 175 174 173 174 174 173 173 173 174 172 172 173 173 173 174 173 172 172 172 172 172 171 170 170 171 170 171 170 169 168 169 170 169 169 168 169 169 167 167 167 166 165 166 166 165 164 164 163 163 163 163 162 162 162 162 160 160 161 161 160 160 159 157 157 157 157 156 154 154 153 152 137 82 30 17 16 16 16 16 16 16 16 16 16 16 16 16 16 16 16 16 16 16 16 16 
16 16 16 16 16 16 16 16 16 16 16 16 16 16 16 16 16 16 16 16 16 16 16 16 16 16 16 16 16 16 16 16 16 16 16 16 16 16 16 16 16 16 16 16 16 16 16 16 17 33 96 158 173 174 175 175 174 174 175 175 174 173 174 175 175 174 174 174 175 175 174 173 173 174 173 173 173 173 173 174 173 172 171 171 170 171 170 169 170 171 171 171 170 169 169 170 168 168 168 168 168 168 168 167 167 166 167 167 166 165 164 164 164 164 164 163 163 162 162 162 160 159 161 161 160 160 158 158 158 158 157 155 154 154 154 154 153 138 82 30 17 16 16 16 16 16 16 16 16 16 16 16 16 16 16 16 16 16 16 16 
16 16 16 16 16 16 16 16 16 16 16 16 16 16 16 16 16 16 16 16 16 16 16 16 16 16 16 16 16 16 16 16 16 16 16 16 16 16 16 16 16 16 16 16 16 16 16 17 34 96 157 173 174 174 174 174 173 172 174 176 175 174 174 175 175 174 175 175 175 173 174 174 173 174 174 173 173 173 174 174 171 171 171 170 170 170 171 170 171 171 171 169 169 169 169 169 169 168 168 168 169 169 168 166 166 166 167 166 164 164 164 164 164 165 164 164 163 162 162 161 160 161 161 161 159 157 157 157 157 157 157 155 155 155 155 155 154 152 136 82 30 17 16 16 16 16 16 16 16 16 16 16 16 16 16 16 16 16 16 16 
16 16 16 16 16 16 16 16 16 16 16 16 16 16 16 16 16 16 16 16 16 16 16 16 16 16 16 16 16 16 16 16 16 16 16 16 16 16 16 16 16 16 16 16 16 16 17 34 97 157 172 174 175 175 174 174 174 173 175 175 174 174 174 174 174 175 176 175 173 172 174 174 175 175 174 173 173 173 174 173 171 171 172 171 171 171 171 172 171 171 170 170 170 169 168 169 169 168 168 168 169 169 168 166 166 166 166 164 164 165 165 165 163 164 164 163 163 163 162 161 162 162 161 159 157 157 157 157 157 158 156 155 155 154 155 155 154 152 152 137 81 29 17 16 16 16 16 16 16 16 16 16 16 16 16 16 16 16 16 16 
16 16 16 16 16 16 16 16 16 16 16 16 16 16 16 16 16 16 16 16 16 16 16 16 16 16 16 16 16 16 16 16 16 16 16 16 16 16 16 16 16 16 16 16 16 17 34 96 157 173 174 175 176 176 175 175 175 176 176 174 173 173 174 174 175 176 176 175 173 173 174 175 175 175 174 173 173 173 173 172 172 172 172 171 172 172 172 172 171 170 171 171 170 170 169 168 167 167 167 167 169 169 167 166 167 166 165 163 165 166 165 165 163 164 164 163 162 162 161 162 162 162 160 159 159 160 159 158 158 157 155 155 155 155 154 154 154 154 154 151 136 82 29 17 16 16 16 16 16 16 16 16 16 16 16 16 16 16 16 16 
16 16 16 16 16 16 16 16 16 16 16 16 16 16 16 16 16 16 16 16 16 16 16 16 16 16 16 16 16 16 16 16 16 16 16 16 16 16 16 16 16 16 16 16 17 34 96 157 174 174 175 177 176 175 174 174 176 176 175 174 173 173 175 176 175 174 174 174 174 174 175 175 174 174 173 173 173 172 171 171 172 172 172 172 172 172 173 171 169 171 171 172 171 170 168 167 167 168 168 168 170 169 167 166 167 166 165 163 165 166 165 165 164 164 164 163 162 162 162 162 162 160 159 160 160 160 159 159 158 156 157 156 155 154 154 154 154 154 154 153 152 136 81 29 17 16 16 16 16 16 16 16 16 16 16 16 16 16 16 16 
16 16 16 16 16 16 16 16 16 16 16 16 16 16 16 16 16 16 16 16 16 16 16 16 16 16 16 16 16 16 16 16 16 16 16 16 16 16 16 16 16 16 16 17 34 96 157 174 175 175 176 176 175 175 175 175 176 175 174 174 173 175 176 176 175 174 174 175 174 174 174 175 174 174 173 173 173 172 171 171 172 172 172 171 172 173 172 170 171 171 171 171 171 170 168 168 168 169 169 169 170 168 167 166 167 166 165 163 164 165 165 164 163 163 164 163 162 163 163 161 161 160 161 160 160 159 158 158 157 157 157 156 155 155 155 155 155 154 154 153 152 150 135 81 29 17 16 16 16 16 16 16 16 16 16 16 16 16 16 16 
16 16 16 16 16 16 16 16 16 16 16 16 16 16 16 16 16 16 16 16 16 16 16 16 16 16 16 16 16 16 16 16 16 16 16 16 16 16 16 16 16 16 17 34 96 156 174 176 176 175 175 176 175 176 176 176 176 174 175 175 175 176 175 175 174 174 175 175 174 173 173 174 174 173 174 173 172 172 172 172 172 173 173 171 172 173 171 171 171 172 171 171 171 169 168 168 169 169 168 169 168 168 168 166 166 167 166 164 164 165 165 164 164 164 163 163 161 163 162 161 161 161 162 160 159 158 157 158 158 158 157 156 156 156 156 155 154 154 154 153 152 151 150 135 81 29 17 16 16 16 16 16 16 16 16 16 16 16 16 16 
16 16 16 16 16 16 16 16 16 16 16 16 16 16 16 16 16 16 16 16 16 16 16 16 16 16 16 16 16 16 16 16 16 16 16 16 16 16 16 16 16 17 33 96 157 172 174 176 175 175 175 176 176 176 177 176 175 175 175 175 174 174 174 174 175 176 175 174 174 173 173 175 174 173 174 173 173 173 173 172 172 173 173 172 173 173 171 172 172 171 170 169 169 169 168 166 167 168 169 169 169 169 166 166 167 167 165 164 165 165 164 164 164 163 164 162 161 162 162 163 162 161 161 160 159 157 158 159 158 158 157 156 156 156 156 154 155 155 155 153 151 150 151 150 134 80 29 17 16 16 16 16 16 16 16 16 16 16 16 16 
16 16 16 16 16 16 16 16 16 16 16 16 16 16 16 16 16 16 16 16 16 16 16 16 16 16 16 16 16 16 16 16 16 16 16 16 16 16 16 16 17 34 96 158 174 173 174 176 176 175 176 176 175 175 176 176 176 175 175 174 174 173 175 176 176 176 175 175 175 174 174 174 174 175 174 174 175 174 173 173 172 172 174 173 173 173 172 172 171 170 169 168 169 169 168 166 168 169 169 169 168 167 166 166 166 166 165 166 166 165 164 163 163 164 164 162 161 162 162 162 161 161 161 161 158 158 160 159 158 158 157 156 157 157 156 155 156 155 153 153 153 151 151 151 149 133 80 29 17 16 16 16 16 16 16 16 16 16 16 16 
16 16 16 16 16 16 16 16 16 16 16 16 16 16 16 16 16 16 16 16 16 16 16 16 16 16 16 16 16 16 16 16 16 16 16 16 16 16 16 17 34 96 157 174 175 173 175 177 177 176 176 176 175 175 175 176 176 175 175 175 174 174 176 177 176 174 175 175 175 174 174 174 175 174 174 175 176 175 173 173 174 174 174 173 172 172 173 171 170 170 170 170 170 169 167 167 168 169 170 169 167 166 166 166 166 166 166 165 165 165 163 163 164 164 163 163 162 162 162 162 161 162 161 159 158 159 160 159 157 157 156 156 157 157 156 156 155 154 152 152 152 151 151 151 149 149 134 80 29 17 16 16 16 16 16 16 16 16 16 16 
16 16 16 16 16 16 16 16 16 16 16 16 16 16 16 16 16 16 16 16 16 16 16 16 16 16 16 16 16 16 16 16 16 16 16 16 16 16 17 34 97 158 173 175 175 174 176 177 177 177 177 176 176 176 176 176 175 175 175 175 175 176 177 177 175 175 174 175 174 175 174 174 175 174 174 175 175 174 173 174 175 175 174 172 172 172 172 170 170 170 170 170 168 167 167 169 169 170 169 167 166 166 166 167 167 167 167 166 165 164 163 163 163 163 164 163 163 162 162 161 161 161 160 159 160 161 160 159 157 156 157 157 157 157 156 156 154 153 152 152 152 151 150 150 149 150 150 134 80 29 17 16 16 16 16 16 16 16 16 16 
16 16 16 16 16 16 16 16 16 16 16 16 16 16 16 16 16 16 16 16 16 16 16 16 16 16 16 16 16 16 16 16 16 16 16 16 16 17 34 97 158 174 175 175 175 176 176 176 176 177 177 176 176 176 176 175 175 176 175 174 175 176 176 175 174 175 175 175 174 174 174 173 174 174 174 174 172 172 173 174 174 174 173 172 172 172 170 170 171 170 170 168 167 167 168 169 168 167 166 167 166 166 166 166 166 167 167 165 164 163 164 163 162 163 163 163 162 162 162 162 162 161 160 161 161 160 160 158 157 157 157 158 158 157 157 156 155 155 153 152 152 152 151 151 150 151 151 148 132 79 29 17 16 16 16 16 16 16 16 16 
16 16 16 16 16 16 16 16 16 16 16 16 16 16 16 16 16 16 16 16 16 16 16 16 16 16 16 16 16 16 16 16 16 16 16 16 17 34 97 158 173 175 175 175 176 177 176 175 175 176 176 176 176 176 176 175 175 175 175 176 176 176 175 174 175 175 175 175 174 174 174 173 173 174 175 173 172 174 174 174 174 174 172 172 172 172 170 170 170 170 169 168 168 168 169 168 166 165 166 166 165 167 166 165 166 166 166 164 164 163 164 163 163 163 163 162 161 162 163 162 161 160 160 161 160 159 159 159 158 156 157 158 157 156 155 155 155 154 152 152 153 152 152 152 151 151 150 148 146 132 79 29 17 16 16 16 16 16 16 16 
16 16 16 16 16 16 16 16 16 16 16 16 16 16 16 16 16 16 16 16 16 16 16 16 16 16 16 16 16 16 16 16 16 16 16 17 34 97 158 173 173 173 175 176 176 177 176 175 176 177 177 177 177 176 175 175 175 175 176 177 176 175 175 175 176 176 175 173 174 175 175 173 174 175 175 173 174 176 175 174 175 173 173 172 172 171 169 169 170 169 168 168 168 168 167 166 165 165 166 165 165 166 165 165 166 165 164 165 164 163 164 163 163 163 163 163 162 163 163 162 161 160 160 161 161 159 159 159 157 156 158 158 156 155 155 156 154 153 152 153 153 152 152 151 151 151 150 148 148 147 133 80 29 17 16 16 16 16 16 16 
16 16 16 16 16 16 16 16 16 16 16 16 16 16 16 16 16 16 16 16 16 16 16 16 16 16 16 16 16 16 16 16 16 16 17 34 97 157 173 175 175 175 176 176 176 176 176 176 177 177 176 177 175 175 175 176 176 176 177 176 176 175 175 175 176 176 175 175 176 175 174 175 175 175 175 175 176 176 175 174 174 174 173 171 171 164 156 157 164 167 167 168 167 165 165 165 164 164 165 165 166 166 165 165 164 164 165 164 164 164 165 164 163 162 164 163 162 163 162 161 161 161 160 161 161 160 159 158 158 158 157 157 156 156 157 156 154 154 153 153 152 152 152 151 151 150 149 149 149 149 148 132 79 29 17 16 16 16 16 16 
16 16 16 16 16 16 16 16 16 16 16 16 16 16 16 16 16 16 16 16 16 16 16 16 16 16 16 16 16 16 16 16 16 17 34 97 158 173 174 176 176 176 176 176 176 176 176 177 177 176 175 175 175 175 176 176 176 176 176 176 176 175 175 176 176 175 175 175 175 174 174 174 174 175 176 176 176 175 174 174 174 174 173 172 161 128 102 106 138 162 166 166 165 163 163 163 163 163 163 164 165 165 164 164 163 164 165 164 164 165 166 164 163 163 164 163 163 162 161 161 162 162 161 161 159 158 158 159 158 157 158 159 158 157 156 156 154 154 154 153 153 152 152 152 151 150 150 150 150 149 148 147 131 78 29 17 16 16 16 16 
16 16 16 16 16 16 16 16 16 16 16 16 16 16 16 16 16 16 16 16 16 16 16 16 16 16 16 16 16 16 16 16 17 34 96 158 174 175 175 176 177 176 176 176 176 175 176 176 175 174 175 175 175 175 176 176 176 176 176 175 176 175 175 176 176 175 174 174 174 174 174 173 174 175 176 176 176 174 174 175 174 174 173 163 126 85 70 71 92 133 158 164 163 162 162 162 161 161 163 164 164 164 164 163 163 164 164 164 165 165 164 163 163 162 162 163 162 161 160 161 162 162 160 160 158 158 160 160 157 156 159 160 158 157 156 156 155 155 154 153 153 153 152 152 152 153 152 151 150 150 148 149 146 131 79 29 17 16 16 16 
16 16 16 16 16 16 16 16 16 16 16 16 16 16 16 16 16 16 16 16 16 16 16 16 16 16 16 16 16 16 16 17 33 96 157 174 175 176 176 176 176 176 176 177 176 176 176 175 174 174 175 175 175 176 176 176 176 176 175 176 176 175 176 176 176 175 175 175 175 175 175 175 174 176 176 175 175 174 174 174 174 174 168 134 87 69 66 66 69 91 134 159 162 161 162 161 160 161 163 163 163 163 162 162 163 164 164 165 164 163 163 163 162 161 162 162 161 160 161 161 162 161 160 159 159 160 161 160 157 157 159 159 157 156 156 155 155 156 155 154 153 152 153 154 154 153 152 151 151 150 148 149 147 145 131 78 29 17 16 16 
16 16 16 16 16 16 16 16 16 16 16 16 16 16 16 16 16 16 16 16 16 16 16 16 16 16 16 16 16 16 17 33 95 156 174 175 176 176 177 176 176 176 176 177 176 175 175 174 174 175 176 175 175 176 176 176 176 175 175 176 176 176 176 176 176 175 175 175 175 176 175 175 175 176 175 176 176 175 175 174 175 173 163 126 84 68 65 65 68 86 118 148 157 160 161 160 160 161 161 161 162 162 161 162 163 164 163 164 163 162 163 163 162 160 162 162 160 161 161 162 162 161 160 159 160 161 161 160 159 160 160 158 157 157 155 155 156 156 155 154 153 153 154 155 154 152 151 151 150 149 148 148 147 146 145 130 78 29 17 16 
16 16 16 16 16 16 16 16 16 16 16 16 16 16 16 16 16 16 16 16 16 16 16 16 16 16 16 16 16 17 33 95 156 172 174 175 176 177 177 177 176 176 177 177 176 175 175 175 175 176 177 177 175 175 176 176 175 175 176 176 176 176 177 176 175 175 174 174 176 176 176 176 176 177 176 177 176 175 174 174 167 150 144 136 113 82 67 67 84 114 123 124 130 150 157 158 160 161 161 161 162 160 160 161 163 162 161 162 162 162 163 163 161 160 162 161 161 162 162 162 161 161 160 160 160 160 160 159 159 160 159 158 158 157 156 156 156 155 156 154 153 154 153 153 152 151 151 151 150 149 148 148 149 148 146 145 130 78 28 17 
16 16 16 16 16 16 16 16 16 16 16 16 16 16 16 16 16 16 16 16 16 16 16 16 16 16 16 16 17 33 96 157 173 174 175 176 177 176 176 176 176 177 177 176 175 175 176 175 176 177 177 176 174 176 176 175 175 176 176 175 176 176 174 175 175 174 175 176 176 175 176 176 177 177 177 176 176 175 175 169 136 95 95 123 131 105 72 72 105 125 110 84 84 122 151 158 160 160 160 159 159 159 159 161 162 161 162 161 162 163 163 162 160 161 162 162 162 162 162 162 162 162 161 161 161 160 158 159 159 159 159 159 158 157 156 155 155 155 155 154 154 153 152 153 152 151 151 151 150 150 149 149 149 148 147 146 143 127 77 29 
16 16 16 16 16 16 16 16 16 16 16 16 16 16 16 16 16 16 16 16 16 16 16 16 16 16 16 17 34 96 156 173 174 175 176 177 176 176 176 176 176 176 176 176 174 174 175 174 176 177 176 175 175 177 177 176 177 177 176 176 176 175 173 175 175 174 176 177 177 177 177 177 177 176 176 176 175 174 172 163 125 80 70 89 111 93 69 67 87 102 81 69 81 112 142 153 157 158 158 158 159 159 160 161 161 160 161 161 163 163 162 161 160 161 161 163 163 162 162 162 161 161 161 161 160 159 159 160 159 159 159 158 157 157 156 155 155 156 155 155 154 153 153 153 153 151 151 151 150 150 149 148 148 148 147 145 143 142 128 81 
16 16 16 16 16 16 16 16 16 16 16 16 16 16 16 16 16 16 16 16 16 16 16 16 16 16 17 33 96 156 173 174 174 175 176 177 176 176 176 175 176 176 175 176 175 175 175 175 176 176 176 176 177 177 177 177 177 176 176 176 176 176 175 176 176 176 176 176 177 177 177 177 176 176 176 176 174 168 153 148 138 111 79 69 74 69 65 64 66 70 66 80 108 119 119 124 146 156 157 158 158 158 158 159 160 160 160 161 162 161 161 160 160 161 161 162 162 162 162 161 160 161 161 160 160 159 160 160 158 158 157 157 157 157 156 155 156 156 156 156 155 154 153 153 153 152 151 150 150 150 150 148 148 147 146 144 144 144 143 132 
16 16 16 16 16 16 16 16 16 16 16 16 16 16 16 16 16 16 16 16 16 16 16 16 16 17 33 95 156 172 175 175 175 176 176 177 176 176 175 175 176 174 173 175 175 176 175 175 176 177 176 177 177 176 175 175 175 175 176 176 176 176 176 176 177 177 176 176 177 177 177 176 176 176 175 174 170 140 99 103 128 133 103 71 65 64 64 64 64 63 69 99 122 111 83 80 116 148 156 156 157 158 158 159 159 159 159 160 161 159 160 159 159 160 160 160 161 161 162 161 161 162 160 159 160 160 160 160 158 157 156 157 158 156 155 155 157 157 156 156 155 153 152 153 152 151 150 150 151 151 150 148 148 148 147 145 145 145 143 141 
16 16 16 16 16 16 16 16 16 16 16 16 16 16 16 16 16 16 16 16 16 16 16 16 17 33 95 156 172 175 176 175 175 175 176 177 176 176 175 175 175 173 174 176 176 175 175 175 176 176 175 176 176 175 174 174 175 175 176 176 177 177 176 176 177 177 176 177 177 177 177 176 176 176 175 173 165 124 80 73 94 116 96 69 64 64 64 64 63 63 66 83 101 83 67 78 107 138 152 155 158 158 159 160 158 158 159 160 160 159 159 158 159 160 159 160 161 162 162 161 162 161 159 158 160 159 159 159 158 156 156 158 158 156 156 156 156 156 155 154 153 152 152 153 152 151 151 151 152 151 149 148 149 149 148 146 145 144 143 142 
16 16 16 16 16 16 16 16 16 16 16 16 16 16 16 16 16 16 16 16 16 16 16 17 34 96 157 173 174 175 176 176 175 174 175 177 177 176 175 175 175 175 176 177 176 175 175 175 176 176 175 175 176 175 175 174 175 176 176 177 177 176 176 176 177 177 177 177 177 176 177 176 176 176 171 159 152 136 106 77 70 77 71 65 64 63 64 63 62 62 63 64 68 65 76 106 121 120 122 142 155 158 159 158 158 157 157 158 158 158 159 160 160 159 160 161 162 161 160 161 161 160 158 159 160 160 159 158 157 157 158 159 157 155 156 155 156 156 154 154 153 152 152 152 152 152 152 152 151 149 147 149 150 149 148 146 145 144 144 142 
16 16 16 16 16 16 16 16 16 16 16 16 16 16 16 16 16 16 16 16 16 16 17 33 96 157 173 174 174 175 175 174 175 175 176 176 176 175 175 176 176 176 175 175 176 176 176 176 176 175 176 175 176 176 176 175 175 175 176 177 177 176 175 176 176 177 176 176 176 177 176 175 175 172 143 105 106 129 131 101 70 65 65 64 64 63 63 63 62 62 63 62 62 66 94 121 114 86 76 109 146 156 157 157 157 157 157 157 157 158 159 160 160 160 160 161 160 160 160 160 160 159 159 159 160 160 159 157 157 158 158 157 156 156 156 156 157 156 155 155 154 153 152 152 152 153 152 152 150 148 148 150 149 148 148 146 145 145 145 143 
16 16 16 16 16 16 16 16 16 16 16 16 16 16 16 16 16 16 16 16 16 17 33 95 157 173 174 174 174 175 175 175 175 175 176 177 176 175 175 176 176 175 174 174 176 177 176 176 176 176 176 175 176 175 176 175 174 175 176 177 176 176 176 176 177 177 176 176 177 177 176 176 175 166 122 78 73 97 119 96 69 65 64 63 63 63 62 63 62 62 62 62 61 63 78 100 86 67 73 103 137 150 153 156 157 157 157 157 157 158 159 160 159 160 161 160 159 159 160 160 160 159 159 159 159 159 159 157 157 158 157 156 156 156 157 156 157 156 156 155 154 152 151 151 153 153 151 151 150 149 150 150 150 150 148 147 146 146 145 143 
16 16 16 16 16 16 16 16 16 16 16 16 16 16 16 16 16 16 16 16 17 33 96 157 173 174 174 174 174 174 175 175 175 176 177 177 176 175 175 176 175 175 173 175 176 177 176 176 176 176 175 175 175 174 175 174 175 176 175 176 176 175 175 176 177 176 176 176 176 176 175 172 162 156 135 100 74 70 79 71 65 64 63 63 62 62 62 63 62 62 62 61 62 61 62 67 65 71 100 118 119 119 138 153 157 156 156 157 157 157 159 159 158 159 159 158 159 160 160 160 159 159 159 159 159 159 158 157 158 158 157 156 157 157 156 156 156 156 156 155 154 153 153 154 153 151 151 150 150 150 150 150 150 150 148 147 146 145 144 144 
16 16 16 16 16 16 16 16 16 16 16 16 16 16 16 16 16 16 16 17 33 95 156 173 174 175 174 174 175 175 175 175 175 176 176 176 175 175 176 176 175 175 174 176 176 176 175 176 176 174 174 174 176 176 176 176 176 176 175 176 176 175 175 176 177 177 176 176 176 176 172 144 109 113 132 130 97 70 65 64 64 63 62 62 62 61 62 62 62 61 61 61 61 60 60 61 62 86 117 112 87 74 103 142 155 155 154 156 157 157 157 157 157 158 158 157 158 159 159 159 159 160 160 159 158 159 158 158 158 157 157 157 157 157 157 156 155 155 156 155 153 152 153 153 152 152 152 151 151 151 149 150 151 149 148 147 146 145 144 144 
16 16 16 16 16 16 16 16 16 16 16 16 16 16 16 16 16 16 17 34 96 156 173 174 174 173 173 175 175 176 175 175 176 176 176 175 176 176 176 176 175 174 174 175 175 176 176 177 176 175 175 175 177 176 176 176 175 175 176 176 176 176 176 177 177 177 176 176 176 176 165 120 76 75 101 122 97 69 65 64 63 63 62 62 62 61 61 61 62 61 61 61 61 60 60 60 60 73 97 86 66 68 96 131 149 152 155 156 156 156 156 157 157 157 157 157 158 158 158 158 158 159 159 159 159 159 159 158 158 158 158 158 157 157 157 155 155 155 155 154 154 153 152 153 152 151 151 151 152 151 149 150 150 148 147 147 145 144 143 142 
16 16 16 16 16 16 16 16 16 16 16 16 16 16 16 16 16 17 33 96 156 172 173 173 173 173 174 175 175 174 174 174 175 175 175 175 175 176 175 175 175 175 176 176 176 175 175 176 176 175 175 176 177 176 176 176 174 175 176 176 176 176 175 175 176 175 175 174 173 165 157 132 93 71 71 81 72 65 64 63 62 62 61 62 62 61 61 61 61 61 61 60 61 60 60 60 60 61 65 64 68 92 113 117 118 135 151 154 155 155 156 157 156 156 156 156 157 158 158 158 157 157 159 159 159 159 158 157 158 158 158 158 157 156 156 155 155 155 154 153 153 153 153 154 152 151 152 151 150 148 149 150 149 148 148 147 146 145 143 142 
16 16 16 16 16 16 16 16 16 16 16 16 16 16 16 16 17 34 96 156 171 173 173 173 174 175 175 175 174 174 175 175 175 174 174 174 175 175 174 175 175 177 177 176 176 176 176 176 175 175 175 176 176 176 176 176 175 175 177 178 177 175 174 175 175 175 175 171 147 115 118 133 124 90 68 65 64 64 63 63 63 62 62 62 62 62 62 61 61 61 60 60 60 60 59 59 59 59 59 60 80 113 114 89 72 95 136 153 156 156 156 156 155 155 156 156 156 157 157 157 157 158 158 158 158 158 158 158 158 157 157 157 156 156 155 155 155 155 155 154 153 154 154 153 152 152 152 150 149 148 150 149 149 148 148 147 146 146 144 143 
16 16 16 16 16 16 16 16 16 16 16 16 16 16 16 17 33 96 157 172 173 173 173 174 175 176 175 174 174 174 175 174 174 174 174 174 175 175 175 175 176 177 176 175 176 177 176 175 176 176 176 176 176 176 176 176 176 176 177 177 176 175 176 176 176 176 174 165 121 77 77 107 124 97 69 65 63 62 62 63 62 65 64 62 61 62 62 62 62 61 61 61 60 59 60 60 59 59 58 58 69 95 89 66 65 89 128 149 153 156 155 155 155 154 155 155 154 156 157 157 158 159 158 158 158 157 158 158 158 157 156 156 156 156 156 156 155 156 156 154 154 154 152 151 151 152 152 151 150 150 150 149 148 147 147 147 147 146 145 142 
16 16 16 16 16 16 16 16 16 16 16 16 16 16 17 33 95 156 172 173 174 174 174 174 175 175 175 175 174 174 174 173 174 174 174 175 176 175 175 176 176 176 175 176 176 176 175 176 175 175 176 176 176 176 176 177 177 177 176 176 175 176 176 176 177 173 165 158 133 92 70 74 86 74 65 64 63 63 63 63 67 82 76 62 61 62 61 61 61 61 61 60 59 59 59 59 59 59 58 58 60 64 63 63 86 110 118 118 133 151 154 155 155 154 154 154 155 155 156 156 157 157 157 157 156 155 157 157 157 156 156 155 156 156 156 156 155 155 155 154 153 152 151 152 153 153 152 151 151 151 150 149 148 147 146 146 147 146 144 142 
16 16 16 16 16 16 16 16 16 16 16 16 16 17 34 96 155 171 173 173 174 174 175 175 174 174 174 174 174 174 173 174 175 175 175 175 175 175 176 176 176 176 176 176 175 174 175 175 174 175 175 175 175 175 176 177 177 176 176 177 176 175 175 176 172 149 119 124 135 124 90 68 66 65 64 63 63 63 63 68 87 105 85 63 62 62 61 60 60 60 60 60 59 59 59 59 59 59 59 59 59 58 58 73 107 114 94 72 90 134 152 154 154 153 153 154 155 155 156 155 155 155 155 155 155 155 156 157 156 156 156 155 156 155 156 155 154 155 155 154 153 152 153 153 153 152 151 151 152 151 150 148 147 146 146 146 146 146 145 144 
16 16 16 16 16 16 16 16 16 16 16 16 17 33 95 156 171 171 172 173 174 174 175 174 175 175 174 173 173 172 173 175 175 174 174 175 174 174 175 176 176 175 175 175 174 175 176 176 175 174 175 175 175 175 175 175 176 177 177 176 176 176 176 175 165 119 77 80 111 127 100 69 64 63 64 64 63 63 67 86 110 114 87 63 61 61 60 60 60 60 60 60 59 59 59 59 59 59 58 58 58 57 58 65 91 92 68 61 82 122 146 152 153 152 153 154 154 154 154 153 154 154 155 155 155 155 155 156 155 155 155 156 156 155 155 155 154 154 154 153 152 153 154 154 152 151 150 151 152 150 148 148 147 146 146 145 145 146 145 144 
16 16 16 16 16 16 16 16 16 16 16 17 33 95 154 170 171 172 173 174 174 174 174 174 174 174 173 173 173 173 174 175 174 174 175 175 174 175 175 176 175 174 174 174 174 176 176 176 175 175 176 176 176 176 175 176 177 178 176 176 177 177 174 167 159 129 88 69 78 91 76 65 64 63 63 62 62 66 85 108 119 117 88 63 61 61 61 60 60 60 59 60 59 59 59 59 59 59 58 57 57 57 57 58 63 63 61 78 105 118 120 130 147 152 153 153 153 154 153 153 153 154 154 155 154 155 156 155 155 154 155 156 156 155 155 155 154 154 154 152 152 153 154 153 152 151 150 150 150 148 148 148 147 147 146 146 146 146 144 144 
16 16 16 16 16 16 16 16 16 16 17 33 95 155 170 171 171 173 173 173 174 174 173 174 174 173 173 173 173 173 174 174 174 174 175 175 175 176 176 175 174 173 175 175 175 176 175 175 175 176 176 176 176 175 176 177 179 178 176 176 178 175 153 124 128 137 121 87 67 66 65 64 64 63 63 62 65 83 108 119 121 118 89 64 61 61 61 60 60 60 59 59 59 59 59 59 59 59 58 58 57 56 56 56 57 57 68 101 113 97 75 85 128 149 152 153 153 153 152 152 153 153 154 154 154 155 155 155 155 153 155 156 155 154 154 155 155 154 153 153 154 154 153 151 151 152 151 150 149 148 148 148 148 147 146 147 147 145 144 143 
16 16 16 16 16 16 16 16 16 17 33 94 154 170 171 171 172 173 174 173 174 174 173 174 174 173 173 173 173 173 173 174 175 175 175 175 175 176 175 175 174 174 175 175 176 175 175 175 175 176 176 176 175 175 178 179 177 176 176 176 176 166 120 78 83 116 131 101 69 64 63 64 63 62 62 62 74 106 119 121 121 118 90 64 61 61 60 60 60 60 59 59 59 59 59 58 57 58 57 58 57 56 56 55 55 56 63 87 94 70 59 75 116 144 151 153 153 152 151 152 153 153 154 155 155 154 154 155 153 153 156 156 155 154 155 156 155 152 152 153 153 153 151 151 151 153 151 150 149 147 148 148 148 147 146 147 147 145 143 143 
16 16 16 16 16 16 16 16 17 33 93 152 170 172 171 172 173 174 173 174 175 174 173 173 173 173 173 174 174 174 172 173 175 175 174 174 174 175 175 175 174 174 174 174 176 174 173 174 175 176 177 176 176 177 178 177 176 177 176 174 170 160 125 84 69 81 96 79 65 62 62 63 62 62 62 63 79 113 121 121 122 118 91 64 61 61 60 60 60 60 59 59 59 59 59 58 57 57 57 57 57 57 56 56 55 54 56 60 63 59 71 98 113 119 129 146 151 152 152 152 151 152 154 154 153 154 155 154 153 154 155 155 154 153 154 155 153 152 153 154 153 152 151 151 152 152 150 150 148 148 149 148 147 147 147 146 146 145 144 144 
16 16 16 16 16 16 16 17 33 94 153 169 171 171 171 172 174 173 173 174 174 174 172 172 173 174 174 174 174 173 173 174 174 174 173 173 174 174 174 174 174 175 174 176 176 174 174 174 174 175 176 177 177 177 177 176 176 176 173 157 131 134 138 117 83 67 67 65 64 63 62 62 62 62 62 63 79 113 121 120 117 116 92 65 61 61 60 60 60 59 59 59 59 59 59 58 58 57 57 57 56 56 56 55 54 54 54 54 54 62 94 110 98 76 83 125 148 151 152 151 151 152 152 152 153 154 154 153 153 154 154 154 153 153 154 154 154 153 153 153 152 151 151 152 152 150 150 150 149 149 149 148 148 148 147 146 146 145 143 144 
16 16 16 16 16 16 17 33 94 154 169 171 171 171 172 173 173 173 173 174 173 173 172 173 173 174 173 174 174 173 173 173 173 174 174 174 174 174 174 174 176 176 175 176 175 175 175 174 173 174 176 177 177 177 176 175 176 175 166 123 81 88 120 130 99 68 63 64 65 63 62 62 61 62 62 62 77 112 117 107 91 103 91 65 60 60 60 60 60 59 59 59 58 58 59 59 58 57 57 57 56 56 56 55 54 54 54 53 53 58 83 95 72 58 70 110 141 149 151 151 152 152 152 153 153 153 152 151 152 153 153 154 152 152 154 154 153 153 153 153 153 152 152 153 152 151 152 150 150 151 151 149 148 148 147 146 144 144 143 143 
16 16 16 16 16 17 33 94 153 169 171 171 171 172 172 173 173 174 173 173 173 172 173 173 173 172 172 173 174 174 174 174 174 173 173 174 174 174 174 175 175 175 175 174 174 174 174 174 174 176 177 176 177 176 175 176 175 171 161 125 82 69 84 100 80 65 63 64 64 64 62 62 62 63 62 62 75 103 100 81 81 106 89 64 60 59 60 59 59 59 59 59 58 58 62 70 67 60 57 57 56 56 56 54 54 54 54 54 53 54 59 62 57 66 92 111 121 129 143 150 152 152 152 153 153 151 150 152 153 153 153 153 152 153 155 155 153 152 152 152 152 152 153 153 152 152 151 150 151 152 150 148 148 148 147 145 143 144 145 144 
16 16 16 16 17 33 93 153 169 170 171 171 172 172 172 173 174 173 172 173 173 173 173 172 172 172 173 174 175 175 175 175 174 172 173 173 174 174 174 175 175 175 174 174 173 173 175 174 174 176 176 176 176 176 175 173 158 136 138 138 115 80 66 68 64 63 63 62 63 63 64 75 81 80 79 78 81 89 84 76 90 103 78 61 60 59 59 59 59 60 59 59 59 59 72 93 90 77 60 56 55 56 56 55 54 54 54 54 53 53 54 54 58 86 107 100 79 80 118 146 151 151 151 151 151 150 150 152 152 152 152 153 153 154 153 152 151 151 150 150 152 153 153 152 151 151 151 151 151 150 149 148 148 147 147 145 145 146 145 143 
16 16 16 17 33 94 152 168 169 171 171 172 173 172 172 173 172 172 171 173 174 173 172 172 172 173 174 174 174 173 174 174 173 173 172 173 174 174 175 175 175 174 174 174 173 174 175 174 174 175 175 175 175 175 175 167 124 83 91 123 132 98 67 63 63 63 63 62 62 65 79 103 113 113 112 111 110 109 107 103 97 80 64 60 60 60 59 59 59 59 59 59 62 64 73 93 86 92 72 56 55 55 56 55 54 54 54 54 53 53 53 53 56 79 95 75 57 63 102 138 147 149 150 149 149 150 150 150 150 151 152 152 152 153 152 152 151 151 151 151 152 153 152 151 152 152 151 150 150 149 149 149 147 147 147 146 145 145 144 143 
16 16 17 33 94 153 167 170 171 171 171 172 172 172 172 171 171 171 171 172 173 173 172 172 172 173 174 174 174 173 173 174 173 172 171 172 174 174 175 176 175 175 173 173 173 175 174 173 174 175 174 174 175 174 172 162 122 78 69 88 105 83 65 62 62 62 62 62 65 79 104 119 121 122 122 122 122 122 120 108 81 64 60 60 60 60 59 59 59 59 59 62 78 85 76 86 93 95 76 58 56 55 55 55 55 54 54 53 53 53 52 52 52 56 63 56 60 84 106 119 126 142 148 149 150 150 149 148 149 150 151 151 151 152 151 151 151 151 152 151 151 151 151 151 152 152 151 150 148 149 149 147 146 146 146 146 145 144 144 143 
16 17 33 93 152 168 170 171 171 171 171 172 172 172 172 172 172 171 171 172 173 173 172 172 173 174 174 173 173 173 172 173 174 172 172 173 174 174 174 174 175 174 172 173 174 175 174 174 174 174 174 174 174 163 142 140 135 109 77 67 70 66 63 62 61 62 63 64 78 105 119 122 122 123 123 124 124 122 110 83 65 61 60 60 60 60 59 59 59 59 60 65 91 101 92 86 80 77 63 57 56 55 55 55 54 54 54 53 53 53 52 52 52 52 52 55 78 101 100 82 77 113 143 149 150 149 148 148 149 149 150 151 152 151 151 152 152 153 152 151 150 151 151 151 151 151 150 150 149 149 150 147 146 146 146 146 145 145 144 143 
18 33 92 151 167 169 170 170 170 171 171 172 172 172 172 172 172 171 171 171 173 174 173 173 174 174 173 173 173 173 172 172 173 173 172 173 174 173 172 172 173 173 174 174 175 175 174 175 175 175 174 174 168 129 87 94 123 130 98 67 62 63 63 62 62 62 65 78 104 119 123 123 123 124 124 124 123 111 84 65 64 67 64 60 60 60 59 59 59 62 73 78 88 104 92 90 68 58 56 56 56 55 55 55 55 55 54 54 56 55 53 53 52 52 51 53 72 92 79 58 59 93 134 146 148 148 150 150 150 150 150 150 150 151 151 152 152 152 151 150 150 151 151 151 150 150 150 150 150 150 149 147 147 147 146 145 145 145 145 144 
48 93 151 167 169 170 170 169 170 171 171 172 173 172 171 171 171 172 171 172 173 174 173 172 173 173 172 173 173 172 173 173 174 173 172 173 174 173 172 171 172 174 175 174 174 174 173 174 175 175 172 172 163 122 77 68 89 108 85 65 63 62 62 61 61 62 67 90 108 112 115 117 119 121 122 122 112 85 65 63 80 93 88 69 60 59 59 59 59 71 95 98 90 92 93 84 63 56 56 56 55 55 55 55 54 54 55 61 79 75 58 53 52 52 52 51 54 63 57 57 75 98 116 125 139 149 150 149 150 150 150 149 149 149 150 151 151 151 152 151 151 151 151 150 150 150 151 151 151 149 148 147 147 146 145 144 144 145 144 145 
130 154 167 169 169 169 169 170 170 171 171 172 172 171 170 170 171 172 173 173 173 173 173 172 173 172 172 173 172 172 172 173 173 173 172 173 173 173 172 172 174 174 173 174 175 174 173 173 174 173 164 146 143 135 106 75 67 72 65 62 62 62 62 61 61 61 64 69 73 75 77 81 83 87 91 93 82 65 62 66 89 96 104 88 64 59 59 61 64 74 98 102 96 86 69 62 57 56 56 55 55 55 56 55 54 54 62 85 106 102 76 58 53 52 52 51 51 51 53 70 95 97 82 75 108 142 148 148 149 149 149 149 149 149 151 151 152 151 152 152 151 151 150 149 149 149 151 151 150 148 147 147 147 146 144 143 144 146 146 146 
166 167 168 168 168 168 169 170 170 170 171 172 172 172 171 171 171 172 172 172 173 173 172 172 172 172 172 172 172 172 173 173 173 173 173 172 172 172 172 173 174 173 172 173 175 174 173 173 173 168 133 91 96 124 129 97 67 63 62 61 61 61 62 61 61 61 62 61 61 62 61 62 62 63 64 64 63 63 80 82 82 94 102 96 68 59 60 75 89 87 89 99 96 84 61 56 56 55 55 55 55 55 56 55 54 62 86 109 114 112 101 77 58 52 51 51 50 50 51 68 91 81 58 55 86 130 144 147 148 148 149 149 150 150 151 151 152 152 152 150 149 150 149 148 149 150 151 151 149 148 148 147 147 146 145 144 146 148 149 145 
168 168 168 168 168 168 169 169 170 171 172 172 172 171 171 172 172 171 171 172 172 172 171 171 171 172 171 171 171 172 173 172 172 172 172 172 172 172 172 172 172 171 172 173 174 173 173 174 173 164 123 77 69 91 109 86 65 63 62 61 61 61 61 61 61 61 61 61 61 61 61 61 61 61 61 61 60 64 90 104 90 80 87 83 64 59 63 86 95 100 94 84 83 67 57 56 56 55 55 54 54 54 54 55 62 87 110 116 115 114 111 101 76 56 52 51 50 49 50 53 63 58 53 70 95 115 124 138 147 148 148 150 150 150 150 151 151 151 150 148 148 150 150 150 150 151 152 150 148 148 148 148 147 147 146 145 147 148 150 144 
168 168 168 168 168 169 169 169 171 172 172 171 171 171 171 172 172 171 171 172 173 171 171 171 171 171 171 172 172 171 171 171 172 171 172 172 172 172 172 172 172 173 173 173 173 173 173 166 149 145 135 104 73 67 72 66 63 62 62 61 61 61 60 60 61 61 61 61 61 61 61 60 60 61 61 64 69 69 86 107 107 86 67 63 61 71 77 86 97 102 98 71 60 57 56 56 56 54 54 54 54 54 55 63 87 110 117 116 115 114 113 111 100 76 57 51 50 50 51 50 50 51 65 90 97 85 75 98 133 146 149 150 150 149 150 150 150 148 146 147 149 151 151 150 150 151 150 149 148 148 148 147 147 147 146 147 147 146 148 148 
167 167 168 168 168 168 169 170 172 172 171 171 170 170 170 171 171 171 171 172 172 171 171 171 172 171 171 172 171 171 171 171 171 170 171 172 172 172 171 172 173 173 172 172 173 173 165 133 93 97 123 127 95 67 63 63 63 62 61 61 61 61 61 60 61 61 61 61 61 61 60 60 60 60 62 78 94 94 90 98 88 75 61 59 66 90 94 92 81 88 88 65 57 57 57 56 56 54 54 55 54 55 62 86 110 115 116 115 114 114 113 113 111 101 77 57 51 50 50 50 49 50 66 88 83 61 50 58 93 133 147 148 148 149 149 148 148 147 146 147 150 151 149 149 149 150 149 148 148 148 147 147 147 146 147 149 147 144 146 146 
167 168 168 169 169 168 168 170 171 170 169 169 170 170 170 171 171 171 172 173 172 171 171 172 173 172 172 173 172 171 171 170 171 171 172 172 171 172 172 172 174 173 172 172 172 167 134 88 68 69 91 111 89 66 63 61 61 61 62 62 61 61 61 60 61 61 61 60 60 60 60 61 61 64 69 85 97 104 99 77 63 60 59 67 75 89 88 89 83 67 64 59 64 70 60 56 55 55 55 55 55 62 86 110 116 115 115 115 114 113 113 114 113 111 102 78 56 50 50 49 49 49 52 62 59 50 48 49 58 101 141 147 148 149 148 148 148 148 148 149 150 150 148 149 149 148 149 148 148 148 148 147 147 147 148 151 149 144 142 143 
168 168 168 169 169 169 170 170 169 169 169 169 169 170 171 171 171 171 172 172 172 171 170 172 172 172 172 172 172 172 170 170 171 172 172 171 172 173 172 172 173 172 172 172 171 151 96 68 65 64 67 75 67 63 62 61 62 61 62 62 60 61 61 61 61 60 60 60 60 60 61 60 65 83 89 77 89 101 100 73 60 61 65 74 90 87 91 94 84 62 57 57 74 96 81 65 57 55 55 55 62 86 110 116 116 115 115 115 114 113 113 114 114 114 111 98 67 51 50 49 48 49 49 50 49 47 48 48 52 91 137 146 147 147 147 147 148 148 149 150 149 150 150 150 150 149 150 148 148 148 148 148 148 150 151 148 148 147 144 143 
168 168 168 169 170 170 170 169 168 168 169 169 169 170 170 171 171 171 171 171 171 170 170 171 170 171 171 172 172 171 170 171 172 172 171 171 172 172 172 173 173 172 171 171 170 144 84 65 64 63 65 68 64 62 61 61 61 61 62 61 60 60 61 61 60 61 61 61 60 60 60 62 75 89 94 77 67 81 83 66 62 67 83 81 81 93 81 73 66 58 58 58 71 99 102 89 63 55 55 62 86 110 117 116 115 115 114 114 114 114 113 113 114 113 108 87 61 50 49 49 48 48 52 64 60 50 48 48 54 91 132 143 146 147 147 148 149 149 149 149 149 150 150 149 149 150 149 148 148 148 148 149 147 148 151 148 145 150 145 143 
169 169 168 168 169 170 169 169 168 169 168 169 170 169 170 172 171 171 170 170 170 170 171 171 170 171 172 172 172 172 171 172 172 172 171 172 172 171 172 172 172 171 170 171 170 146 91 66 64 66 82 99 78 62 61 61 61 61 61 61 60 60 61 61 60 60 61 60 60 60 61 72 81 72 81 87 65 62 63 64 77 80 79 92 87 91 78 60 57 62 73 64 65 93 99 90 66 56 62 85 110 117 117 115 115 115 113 113 115 114 114 114 113 109 90 63 52 50 49 48 48 49 64 88 85 62 50 48 60 94 125 137 144 146 147 147 148 148 149 149 149 150 149 149 149 149 148 148 148 148 148 152 148 145 148 149 147 146 144 144 
169 168 167 168 169 169 169 168 168 168 168 169 170 170 171 172 171 171 171 171 171 170 170 170 170 171 170 170 171 172 171 171 171 171 170 171 171 171 171 171 170 170 171 170 171 165 131 85 68 82 113 124 98 67 62 61 61 60 60 60 61 60 60 60 60 60 60 60 61 62 69 79 91 71 68 83 68 60 61 71 96 88 78 77 90 86 68 58 57 70 95 85 67 73 70 63 58 61 85 111 117 117 116 116 114 114 114 115 115 114 113 113 109 91 65 52 50 50 49 48 49 49 60 86 97 84 60 53 62 82 109 128 138 144 146 146 147 148 148 148 150 149 149 149 148 148 148 148 148 149 150 150 149 148 144 146 148 143 143 141 
168 167 167 168 169 169 169 168 168 168 168 169 170 170 171 170 170 170 170 171 171 170 170 170 171 170 169 169 171 171 170 170 171 170 170 171 170 169 169 170 171 170 170 169 171 171 163 131 96 108 126 113 82 65 66 62 61 60 60 60 60 60 60 60 60 61 60 60 63 68 84 92 100 86 64 64 62 61 69 76 93 102 84 62 62 63 59 57 57 64 75 86 83 64 56 56 61 84 110 117 117 117 116 116 114 114 115 115 114 114 113 109 90 63 52 50 49 49 49 53 61 57 51 63 83 76 62 57 61 71 91 114 129 139 144 146 147 148 148 149 148 148 149 148 147 147 148 149 149 150 151 150 149 149 146 144 145 143 140 122 
166 166 167 167 168 168 168 168 168 169 169 170 170 170 169 170 169 169 170 170 170 170 170 170 170 170 169 170 171 171 171 171 170 170 170 171 170 169 170 170 171 170 170 170 171 170 170 163 144 137 120 84 67 78 93 76 62 60 60 60 60 59 59 60 60 60 60 62 77 90 89 85 94 95 69 59 61 75 91 92 90 95 89 64 57 57 57 56 57 56 57 64 77 66 56 62 85 110 118 117 116 116 116 115 115 114 114 115 115 114 110 91 64 52 50 49 49 49 50 66 87 81 59 51 60 58 54 56 60 65 77 98 116 129 141 147 148 149 149 148 148 148 148 147 147 148 150 150 148 146 151 153 148 145 147 145 145 142 119 64 
165 165 166 167 167 167 168 167 169 169 169 169 169 169 168 169 168 169 169 170 170 170 170 170 170 170 170 171 172 171 171 170 170 170 171 170 169 170 170 170 170 170 170 171 172 170 169 168 165 153 109 71 78 105 117 93 66 61 60 60 60 59 59 60 60 59 59 64 89 91 91 88 71 70 63 62 72 89 92 79 90 84 79 66 59 61 62 58 56 55 55 56 58 57 62 85 111 118 118 117 116 116 115 115 116 114 114 114 114 110 92 65 52 50 49 49 49 49 50 64 89 96 81 57 52 53 53 56 60 64 70 84 105 124 140 147 149 149 148 148 149 148 147 147 148 149 150 151 147 146 148 152 148 145 145 145 142 118 61 23 
166 166 164 165 167 168 168 168 169 168 169 169 168 168 168 168 168 169 169 169 170 170 169 170 170 169 169 169 171 170 170 170 171 171 170 169 170 170 170 169 169 170 170 171 171 170 168 167 165 159 127 93 102 119 107 79 64 64 61 60 60 60 59 60 60 60 59 62 82 91 86 93 68 59 62 77 90 80 88 86 89 81 61 58 65 84 87 69 58 55 55 55 56 62 84 110 119 118 117 116 115 115 115 116 116 115 115 114 109 91 65 53 50 50 49 49 52 58 54 52 67 86 78 61 51 51 53 56 59 63 68 79 101 124 140 147 149 149 148 148 148 147 148 149 150 150 152 152 150 149 146 147 146 144 144 143 119 61 23 16 
168 166 164 165 167 167 168 169 169 168 168 169 169 168 168 168 168 169 169 169 171 171 170 170 170 169 168 169 170 170 170 170 171 170 169 170 171 170 170 170 170 170 170 170 170 169 167 167 166 164 156 136 126 112 81 66 75 91 74 60 59 60 60 59 59 59 59 59 67 85 93 86 65 61 72 92 97 79 71 90 92 70 58 58 72 98 102 93 71 57 55 56 62 85 110 118 118 117 116 115 115 115 115 115 115 115 114 111 92 65 53 51 50 49 49 50 65 85 76 55 52 63 59 52 51 52 54 56 60 64 69 79 104 130 143 147 148 148 149 149 149 148 148 149 149 150 154 150 150 150 147 145 145 145 143 119 61 23 16 16 
167 167 166 167 167 167 168 168 168 168 168 168 168 168 169 170 169 169 169 169 170 170 169 169 170 170 169 170 170 169 169 169 170 169 169 169 170 169 170 169 169 169 169 169 169 168 168 167 166 164 162 156 143 104 68 75 104 119 96 64 59 59 59 59 59 58 59 59 59 63 68 66 63 74 81 73 78 90 75 67 67 60 65 71 73 93 102 93 85 61 56 61 85 110 118 118 118 116 108 107 115 116 115 115 115 115 111 93 65 53 51 51 50 49 49 50 67 92 94 75 54 53 54 52 52 53 55 57 61 67 74 90 119 140 146 148 148 149 149 149 149 149 149 149 150 149 151 152 153 149 146 145 145 143 121 62 23 16 16 16 
166 166 166 167 168 168 168 168 168 169 168 167 167 168 169 169 169 169 170 170 169 169 168 169 170 169 169 169 169 169 170 170 170 169 169 170 169 169 169 169 168 169 169 169 168 168 168 167 166 165 164 162 153 121 91 102 119 112 83 64 62 60 58 59 59 59 59 59 58 58 58 60 74 96 87 64 61 74 78 62 57 59 80 92 87 83 93 94 79 58 61 84 111 119 118 117 116 115 103 89 104 114 110 112 115 112 93 66 53 51 50 50 49 51 56 52 53 71 88 79 61 52 52 52 52 53 56 59 65 75 94 117 138 146 147 148 149 149 149 148 149 149 150 149 152 150 148 152 152 147 144 145 142 120 62 23 16 16 16 16 
165 165 165 166 167 168 168 168 169 169 168 168 169 169 169 169 169 169 169 169 169 168 168 169 170 170 169 169 169 169 169 170 169 169 170 170 169 169 169 169 169 169 169 168 168 168 168 168 166 164 165 165 160 151 133 124 112 83 65 72 88 73 60 59 59 59 59 59 58 57 58 60 74 83 90 78 61 59 61 59 60 64 79 89 83 88 74 71 62 62 85 111 119 119 118 115 101 96 102 95 86 94 98 110 112 93 66 53 50 50 50 49 50 64 82 70 52 53 66 61 55 53 53 52 53 55 58 63 75 96 122 139 145 146 148 148 148 148 148 148 148 150 152 151 151 151 149 148 149 146 146 144 120 62 23 16 16 16 16 16 
164 164 165 166 167 168 168 168 169 169 168 168 169 169 169 169 169 169 169 168 168 168 168 169 170 170 169 169 169 169 169 168 168 169 169 169 169 168 168 169 170 169 168 169 168 168 168 168 166 164 165 164 162 160 153 141 103 67 71 100 116 95 65 59 58 58 59 58 58 57 57 58 60 61 72 87 71 58 58 63 81 87 79 87 91 90 67 57 62 85 110 119 119 118 117 115 91 74 76 82 85 87 105 111 93 66 53 50 49 49 49 50 51 70 93 92 70 53 55 55 53 53 53 53 55 58 62 73 96 122 139 145 147 148 148 148 148 147 148 148 148 150 153 149 150 148 150 148 146 147 144 120 62 23 16 16 16 16 16 16 
164 164 164 165 166 167 168 168 168 168 168 167 167 168 169 169 168 167 168 168 169 169 169 170 170 169 169 168 168 168 168 167 167 169 168 167 168 169 170 170 170 169 169 169 168 168 167 166 165 165 165 164 163 162 159 151 121 87 97 118 111 83 63 61 59 59 58 58 59 64 65 58 58 58 59 66 64 58 58 71 96 99 93 81 77 72 60 63 85 111 119 119 118 114 103 101 99 76 75 85 94 108 111 93 66 53 51 51 50 50 51 54 51 55 76 92 81 61 53 53 53 54 54 55 57 61 71 94 121 138 144 147 148 148 147 146 146 147 149 148 149 150 152 151 149 148 147 147 147 145 120 62 23 16 16 16 16 16 16 16 
164 163 164 165 165 168 168 168 168 168 167 167 167 168 168 168 167 167 168 169 169 169 169 169 169 169 169 168 169 168 167 167 168 168 168 168 169 170 170 170 170 169 169 168 167 167 165 164 164 164 163 163 164 163 162 160 150 130 123 114 85 65 69 85 72 59 58 58 67 91 95 68 58 57 57 57 58 63 72 73 88 99 90 86 62 57 63 85 111 119 119 119 114 97 85 80 96 84 88 111 113 112 93 65 52 50 50 50 50 51 64 80 66 52 56 71 63 56 54 54 54 54 55 57 61 70 92 119 137 143 145 147 147 147 147 147 147 148 150 150 151 149 148 151 150 146 146 147 145 121 62 23 16 16 16 16 16 16 16 16 
164 164 166 165 166 168 168 168 168 167 167 168 168 167 167 167 167 168 169 169 169 169 168 168 169 169 169 168 169 168 167 167 169 169 168 169 169 169 170 170 169 168 167 167 166 166 165 165 165 165 164 165 165 163 162 162 159 153 141 105 67 69 95 113 96 65 59 66 92 112 105 75 58 57 56 56 58 76 92 86 80 88 91 79 59 62 85 111 119 119 119 118 105 82 94 88 100 103 100 115 113 94 66 53 51 50 50 49 49 51 74 95 89 66 53 57 56 54 54 54 54 55 57 60 70 91 118 136 144 145 146 146 147 147 148 148 149 149 152 155 150 147 148 149 150 148 148 145 121 62 23 16 16 16 16 16 16 16 16 16 
165 166 166 165 166 167 167 166 166 167 168 168 167 167 166 166 167 168 168 168 168 169 169 168 169 169 168 168 168 168 167 168 169 169 168 169 169 168 169 169 168 168 168 167 167 167 166 165 165 165 165 165 164 163 162 161 161 160 153 121 85 95 115 110 85 63 67 92 112 108 84 62 56 56 56 56 58 73 87 81 88 73 68 61 62 84 111 119 119 118 117 117 111 88 77 89 110 115 113 113 94 66 53 51 51 50 50 50 52 50 58 82 94 79 60 53 54 54 54 54 55 58 60 69 90 117 136 143 145 146 146 147 147 148 148 148 149 148 151 153 152 148 151 149 148 149 147 123 63 23 16 16 16 16 16 16 16 16 16 16 
165 165 165 165 165 166 166 164 165 167 168 168 167 166 166 166 168 169 168 167 167 169 169 168 168 168 167 167 168 168 167 168 169 168 168 168 167 168 168 168 168 168 168 167 167 167 167 165 166 165 165 165 163 163 162 162 162 162 160 149 129 122 115 87 65 66 91 112 108 84 62 57 56 55 56 56 56 61 79 88 89 67 57 62 85 110 119 119 118 117 117 117 117 109 87 88 111 116 113 94 66 53 51 50 50 50 51 63 77 62 50 59 74 63 57 54 54 54 54 55 58 61 69 89 116 136 144 145 145 146 147 148 148 149 149 149 150 147 149 148 151 148 149 149 148 146 123 63 23 16 16 16 16 16 16 16 16 16 16 16 
166 166 165 164 164 165 164 164 166 166 167 167 166 166 167 167 169 169 168 168 168 168 168 168 167 167 167 168 168 168 167 168 168 168 167 167 167 167 168 168 167 167 166 166 166 166 166 166 166 165 165 164 162 163 164 163 162 162 161 157 150 141 109 68 67 91 112 109 86 63 57 57 56 55 55 55 55 55 60 71 71 59 62 85 109 118 118 118 117 117 117 117 118 117 110 101 111 113 93 66 53 51 50 50 49 49 53 78 96 86 62 51 58 56 54 55 54 54 56 57 61 70 90 116 135 145 147 146 146 147 148 148 148 148 149 150 148 148 147 147 150 147 148 149 146 122 63 23 16 16 16 16 16 16 16 16 16 16 16 16 
167 166 164 163 164 164 163 164 166 166 166 166 166 166 167 167 168 168 168 168 168 168 168 167 167 167 168 168 168 167 167 168 168 168 167 167 167 167 168 167 166 166 165 165 166 166 167 166 165 165 166 165 163 164 165 162 162 161 161 160 158 152 121 82 92 113 110 87 64 59 57 57 56 56 55 55 55 55 55 56 57 61 84 109 117 117 116 116 117 116 117 118 118 118 117 116 112 93 66 53 50 50 50 49 49 50 50 63 86 95 79 58 53 54 55 55 55 56 58 61 69 89 116 134 143 147 147 147 148 148 148 149 148 149 151 150 149 151 149 147 149 148 149 147 121 62 23 16 16 16 16 16 16 16 16 16 16 16 16 16 
165 164 163 163 164 163 164 165 165 166 166 167 167 167 166 166 168 167 167 168 168 168 167 167 167 168 168 167 167 167 167 167 167 166 167 167 167 167 166 166 165 165 165 166 167 167 166 165 166 165 166 165 164 165 164 162 161 161 161 161 160 157 146 127 122 116 87 64 64 78 70 57 56 55 55 55 55 55 55 55 57 70 104 116 116 116 115 116 117 116 117 118 117 118 117 113 93 65 53 51 50 49 49 51 62 73 58 50 62 77 66 57 54 54 55 55 57 58 62 69 88 114 134 143 146 147 147 147 148 149 149 149 149 149 153 152 151 150 148 146 147 149 147 122 62 23 16 16 16 16 16 16 16 16 16 16 16 16 16 16 
163 163 162 163 163 163 164 165 165 165 166 166 167 167 166 166 167 166 166 167 167 167 166 166 167 168 168 167 167 167 167 167 167 167 167 168 168 167 165 165 165 166 165 167 168 167 167 166 165 165 165 165 165 164 163 162 162 163 162 162 160 159 157 151 142 111 69 64 86 107 95 64 56 55 54 55 55 54 54 55 56 62 87 110 115 114 115 115 116 117 117 117 117 117 113 93 65 53 51 50 50 50 50 55 80 94 80 57 51 60 57 54 55 54 55 57 59 62 70 89 114 133 142 145 147 147 147 148 148 149 149 150 152 150 150 152 150 149 146 146 148 147 122 62 23 16 16 16 16 16 16 16 16 16 16 16 16 16 16 16 
162 162 162 162 162 163 163 164 164 165 165 166 166 166 165 166 166 166 166 166 167 165 165 165 166 167 167 166 166 167 166 166 166 166 166 168 168 167 165 165 166 166 166 166 166 166 166 166 165 165 164 165 165 164 164 163 162 162 162 161 161 161 160 158 151 121 81 85 106 107 87 63 56 55 55 54 54 54 54 54 54 55 62 87 109 113 114 114 115 116 117 117 116 112 91 65 54 52 51 50 50 50 51 52 67 89 92 75 56 54 56 56 55 55 56 59 62 69 88 114 133 142 145 146 147 147 147 148 148 149 150 152 152 151 149 148 152 149 147 148 146 122 62 23 16 16 16 16 16 16 16 16 16 16 16 16 16 16 16 16 
162 162 162 162 163 163 164 164 165 165 165 166 166 165 165 165 166 167 167 167 165 165 165 165 166 166 166 166 166 167 166 165 166 166 167 167 167 166 165 166 167 166 166 165 164 165 166 166 166 166 164 165 164 164 164 163 163 162 161 162 162 161 161 160 156 145 125 117 114 89 66 61 73 69 57 55 54 54 53 53 53 54 54 61 85 109 114 115 115 115 116 117 111 91 64 53 51 51 51 50 51 61 68 55 52 67 78 66 58 55 56 56 56 56 59 62 70 88 114 134 142 144 146 147 147 147 147 148 148 150 153 152 151 150 150 147 148 148 147 146 122 62 23 16 16 16 16 16 16 16 16 16 16 16 16 16 16 16 16 16 
162 162 161 162 163 164 165 165 165 165 165 166 166 165 164 165 166 166 166 165 165 166 165 166 166 166 166 166 166 166 166 166 167 166 166 166 165 166 166 166 166 166 166 164 164 165 167 166 166 165 165 166 165 164 163 164 163 162 162 162 162 162 161 159 158 156 149 140 112 70 62 79 100 94 65 55 54 54 53 53 53 53 53 54 61 85 109 115 115 115 115 111 90 64 53 51 51 50 50 49 55 81 92 74 55 54 62 57 55 55 55 56 57 58 62 70 88 113 134 142 144 145 147 147 147 147 148 149 149 150 153 153 151 150 149 148 146 147 145 122 63 23 16 16 16 16 16 16 16 16 16 16 16 16 16 16 16 16 16 16 
162 162 162 163 164 165 164 164 164 163 164 165 165 164 163 165 166 165 164 164 165 166 165 165 166 166 166 165 166 166 165 166 166 165 166 165 165 166 165 165 165 165 165 164 165 165 166 165 165 165 166 166 165 164 163 163 162 162 162 162 162 162 160 159 159 158 156 149 121 81 82 101 104 88 63 55 55 54 54 53 53 53 53 53 54 61 86 109 115 114 110 89 63 53 51 51 51 50 50 51 53 71 91 91 72 56 55 56 56 56 56 57 59 62 69 87 114 134 143 144 144 146 147 148 147 148 149 149 151 149 149 152 153 149 146 148 148 146 122 63 23 16 16 16 16 16 16 16 16 16 16 16 16 16 16 16 16 16 16 16 
161 162 163 165 164 163 163 163 163 163 164 164 164 163 163 164 165 164 164 164 166 166 165 166 166 166 166 166 166 166 165 165 166 166 165 164 165 165 165 164 165 165 164 165 165 165 165 165 165 165 165 164 164 164 163 163 163 163 163 162 162 161 160 160 159 158 158 155 145 125 118 113 89 65 59 69 67 56 53 53 53 53 53 53 53 53 61 85 109 109 87 62 53 51 51 51 50 51 60 65 53 53 70 79 66 59 56 57 57 56 57 59 62 70 88 114 134 142 145 145 146 147 148 147 148 149 150 151 150 149 147 149 150 148 147 148 146 122 63 23 16 16 16 16 16 16 16 16 16 16 16 16 16 16 16 16 16 16 16 16 
161 161 163 163 162 162 162 163 164 164 163 163 163 163 163 163 163 163 163 163 164 164 164 165 165 166 167 166 166 165 165 165 166 167 165 165 165 165 165 164 165 165 165 165 165 165 164 165 165 165 165 164 164 164 162 163 163 163 163 162 162 161 161 160 159 159 158 157 155 149 141 116 72 59 74 96 92 64 52 52 52 53 53 52 52 52 53 60 82 84 62 52 52 51 51 50 49 56 82 90 71 53 55 63 56 56 57 57 57 57 59 62 69 88 114 133 143 145 145 146 148 149 148 148 150 151 152 152 149 152 149 147 146 148 148 145 121 62 23 16 16 16 16 16 16 16 16 16 16 16 16 16 16 16 16 16 16 16 16 16 
160 161 161 161 161 161 161 162 164 163 163 163 164 164 164 163 162 163 163 162 163 163 164 164 165 165 166 166 166 166 165 165 166 166 165 165 165 165 165 164 164 165 165 165 165 164 163 164 165 165 164 164 163 163 163 163 163 163 162 162 162 162 161 161 160 159 158 158 156 155 150 123 81 78 98 103 88 63 53 53 53 52 53 52 52 51 52 52 56 57 52 51 51 51 51 50 49 53 74 93 90 69 54 55 55 56 56 57 58 59 62 69 87 114 134 142 146 146 146 148 149 149 149 151 150 150 153 152 149 152 150 146 147 148 146 121 62 23 16 16 16 16 16 16 16 16 16 16 16 16 16 16 16 16 16 16 16 16 16 16 
160 160 160 159 160 161 161 162 163 162 162 163 164 164 163 163 163 164 163 162 162 163 163 163 163 164 165 166 166 166 165 165 166 165 165 165 165 165 165 165 165 165 165 164 164 164 164 164 164 164 164 164 163 162 163 163 163 163 162 162 162 162 162 161 160 160 159 158 157 158 154 144 124 115 112 91 66 57 66 65 54 52 52 52 52 52 52 51 51 51 51 51 50 50 51 60 62 52 55 74 81 66 57 55 55 55 56 57 59 62 70 88 114 135 142 144 147 147 147 148 148 149 150 150 149 149 150 152 150 148 147 148 148 145 121 62 23 16 16 16 16 16 16 16 16 16 16 16 16 16 16 16 16 16 16 16 16 16 16 16 
160 160 160 160 160 161 161 161 162 161 162 162 162 162 162 162 163 164 163 162 163 164 163 162 163 164 165 165 164 164 165 165 164 164 164 165 165 165 165 165 166 165 164 164 165 165 164 164 164 164 163 163 163 163 163 163 163 162 162 162 162 162 161 160 161 160 159 160 159 158 157 154 148 139 118 74 58 70 91 89 64 51 51 51 51 51 52 51 50 50 50 50 50 49 57 82 88 67 52 56 64 56 55 56 56 56 57 59 63 69 88 114 135 143 145 146 147 147 148 148 148 149 150 149 149 149 148 149 152 147 147 149 146 122 63 23 16 16 16 16 16 16 16 16 16 16 16 16 16 16 16 16 16 16 16 16 16 16 16 16 
160 159 160 160 160 161 160 160 161 161 162 162 162 162 162 162 163 164 163 163 163 163 163 163 163 165 165 164 163 165 165 164 164 164 164 165 165 165 165 165 165 164 165 165 165 164 163 164 164 163 163 163 163 164 163 163 163 163 162 162 162 161 160 160 160 159 160 159 158 158 157 156 154 149 126 81 74 92 98 86 63 53 52 51 51 51 51 51 50 50 50 50 50 50 55 77 94 88 66 53 55 56 56 56 56 57 60 63 69 86 113 134 143 144 146 148 148 149 149 148 148 149 149 149 149 148 148 150 151 148 148 146 122 63 23 16 16 16 16 16 16 16 16 16 16 16 16 16 16 16 16 16 16 16 16 16 16 16 16 16 
139 152 158 160 161 161 160 160 160 160 160 162 162 162 162 163 163 163 163 163 163 164 163 163 163 164 164 164 164 164 163 163 164 164 164 165 165 165 165 165 164 164 164 164 164 163 162 163 163 163 163 163 163 164 163 163 163 163 163 162 161 161 161 161 159 159 159 158 158 158 157 156 156 154 144 122 112 109 90 65 55 61 62 53 51 51 50 51 50 50 50 51 59 60 51 57 78 81 66 57 55 56 56 57 58 60 63 71 87 112 134 143 144 145 147 148 148 149 149 149 149 149 149 149 149 148 149 149 148 149 148 123 63 23 16 16 16 16 16 16 16 16 16 16 16 16 16 16 16 16 16 16 16 16 16 16 16 16 16 16 
65 108 150 159 160 160 159 159 160 160 160 161 161 162 162 162 162 162 162 162 163 163 163 162 163 163 163 163 163 163 164 164 164 163 164 164 165 165 164 164 164 164 164 164 164 163 162 164 163 162 162 163 163 164 163 163 163 163 163 161 161 162 161 159 159 160 159 159 159 159 158 158 156 155 153 147 139 118 75 56 64 83 84 63 52 51 50 50 50 49 50 58 81 84 63 51 58 65 57 56 56 57 57 58 60 63 70 89 113 133 143 146 146 146 147 147 148 149 149 149 149 148 148 149 149 149 150 149 148 148 123 63 23 16 16 16 16 16 16 16 16 16 16 16 16 16 16 16 16 16 16 16 16 16 16 16 16 16 16 16 
20 43 107 151 160 160 159 160 160 160 160 160 161 162 162 162 161 161 161 162 162 163 162 162 162 163 163 163 163 164 164 163 163 163 163 164 163 164 163 164 164 164 163 163 164 164 164 164 162 162 162 163 163 163 163 163 162 162 161 161 162 162 159 160 161 162 160 159 159 158 158 158 157 156 155 153 147 126 82 69 86 95 86 64 52 51 50 50 50 50 50 57 79 93 84 63 53 57 57 56 57 57 58 60 63 71 88 114 134 143 147 147 147 147 148 149 149 150 149 149 149 149 149 148 149 149 149 148 147 123 63 23 16 16 16 16 16 16 16 16 16 16 16 16 16 16 16 16 16 16 16 16 16 16 16 16 16 16 16 16 
16 18 43 108 153 159 159 159 159 159 160 160 161 161 160 161 160 161 162 162 162 162 162 162 163 163 162 162 162 163 163 162 163 163 163 163 163 163 163 163 164 164 163 162 163 164 163 163 162 163 163 163 163 163 163 162 161 161 160 162 162 160 160 162 161 161 160 159 158 158 159 158 157 156 155 154 152 143 122 109 104 88 68 54 58 61 52 50 51 59 58 51 59 79 80 66 57 55 57 57 57 58 60 63 71 89 114 134 143 147 148 147 147 148 148 149 149 149 149 148 149 149 148 148 149 149 150 147 123 63 23 16 16 16 16 16 16 16 16 16 16 16 16 16 16 16 16 16 16 16 16 16 16 16 16 16 16 16 16 16 
16 16 18 44 108 150 158 159 159 160 160 161 160 159 160 160 160 161 161 161 161 162 162 162 162 162 162 162 162 162 162 163 163 163 163 163 163 163 162 162 163 163 162 163 163 163 162 162 162 163 162 162 163 163 163 162 160 160 161 162 161 160 162 163 161 160 160 159 157 158 158 157 157 156 155 154 154 151 146 138 118 76 55 61 80 84 63 51 58 81 82 62 51 59 64 57 56 57 57 57 58 60 63 71 90 114 134 143 147 148 148 148 148 147 148 149 148 149 148 147 148 148 148 148 148 148 147 122 62 23 16 16 16 16 16 16 16 16 16 16 16 16 16 16 16 16 16 16 16 16 16 16 16 16 16 16 16 16 16 16 
16 16 16 18 43 107 150 158 159 160 160 159 159 159 160 160 160 161 160 160 161 162 163 162 162 161 161 162 162 162 162 162 162 162 162 162 162 162 162 162 162 163 163 164 163 162 161 162 163 163 161 161 163 162 162 161 161 161 161 161 161 162 163 162 160 159 159 159 158 159 159 157 157 156 155 154 154 154 152 147 127 82 66 83 94 87 65 52 58 80 92 82 61 53 56 57 57 58 58 59 61 64 72 89 116 134 142 146 147 147 148 149 148 148 149 149 149 148 147 148 148 148 149 149 149 146 122 62 23 16 16 16 16 16 16 16 16 16 16 16 16 16 16 16 16 16 16 16 16 16 16 16 16 16 16 16 16 16 16 16 
16 16 16 16 18 43 107 151 157 158 159 158 159 160 159 159 160 161 160 161 162 162 162 162 161 161 162 162 162 162 162 160 161 161 161 162 162 162 162 163 162 162 162 164 163 162 162 163 163 162 161 161 162 162 162 161 161 161 161 161 162 162 161 161 160 159 160 159 160 160 159 157 157 156 155 155 155 154 153 151 143 122 107 107 92 69 54 50 51 60 80 80 66 58 57 57 59 59 61 63 66 74 91 115 134 143 145 147 148 147 148 149 148 149 149 149 149 148 148 149 149 149 150 150 146 122 62 23 16 16 16 16 16 16 16 16 16 16 16 16 16 16 16 16 16 16 16 16 16 16 16 16 16 16 16 16 16 16 16 16 
16 16 16 16 16 18 43 107 150 158 159 159 158 158 159 159 159 160 160 161 162 162 161 161 161 161 162 162 162 162 162 161 161 162 161 161 162 162 162 162 163 163 163 164 163 162 162 163 163 162 161 162 162 162 162 162 162 162 162 162 161 161 160 161 161 161 160 160 160 159 158 157 157 156 155 155 154 153 153 152 151 146 137 121 81 55 51 49 49 51 61 66 62 61 60 60 62 63 65 67 74 92 116 135 143 146 147 147 147 147 148 148 148 149 150 149 149 149 149 148 148 148 148 146 122 63 23 16 16 16 16 16 16 16 16 16 16 16 16 16 16 16 16 16 16 16 16 16 16 16 16 16 16 16 16 16 16 16 16 16 
16 16 16 16 16 16 18 43 107 151 159 158 158 159 158 158 158 159 160 160 161 161 161 161 161 162 162 161 161 162 162 160 161 162 160 162 163 162 162 162 163 163 163 163 163 162 162 162 162 162 161 162 161 161 162 162 162 162 162 162 161 160 160 161 161 160 159 159 158 158 158 158 157 156 156 155 153 152 152 152 153 151 144 129 85 55 51 50 49 50 55 64 65 65 65 65 66 67 70 76 93 117 135 143 146 147 147 147 148 149 149 148 148 150 150 149 149 148 148 147 148 148 145 122 63 23 16 16 16 16 16 16 16 16 16 16 16 16 16 16 16 16 16 16 16 16 16 16 16 16 16 16 16 16 16 16 16 16 16 16 
16 16 16 16 16 16 16 18 43 107 151 158 158 159 159 158 159 160 161 159 158 160 160 159 160 161 161 162 162 162 162 161 161 162 161 161 161 162 162 161 162 162 163 162 162 162 162 161 162 162 161 161 161 162 162 162 161 161 162 162 161 159 160 160 160 159 159 159 158 159 158 158 157 157 157 156 155 154 154 154 154 152 150 144 119 77 54 51 51 56 65 70 70 69 70 70 71 73 79 95 118 136 144 147 147 147 148 148 148 149 148 148 149 150 149 149 149 148 148 148 148 145 121 62 23 16 16 16 16 16 16 16 16 16 16 16 16 16 16 16 16 16 16 16 16 16 16 16 16 16 16 16 16 16 16 16 16 16 16 16 
16 16 16 16 16 16 16 16 18 43 107 150 158 159 159 159 159 159 158 157 158 158 158 158 158 160 161 161 162 162 162 161 161 163 162 161 161 162 162 161 162 162 162 160 160 161 161 161 161 162 161 161 162 162 162 161 161 161 161 160 159 160 160 160 159 158 159 159 159 158 158 158 157 157 157 156 156 156 155 155 155 154 153 150 144 119 82 69 68 74 76 76 74 73 73 74 76 81 97 120 137 144 146 148 147 148 148 148 148 148 148 149 149 149 150 150 149 150 149 148 146 121 62 23 16 16 16 16 16 16 16 16 16 16 16 16 16 16 16 16 16 16 16 16 16 16 16 16 16 16 16 16 16 16 16 16 16 16 16 16 
16 16 16 16 16 16 16 16 16 18 43 107 150 159 159 158 158 157 157 157 159 158 158 158 158 160 161 161 161 161 161 160 161 162 160 160 162 162 161 161 162 162 161 160 161 162 161 161 162 162 161 162 162 162 162 161 160 160 159 158 159 160 160 159 158 159 159 159 159 159 158 157 157 157 157 156 154 154 154 155 155 154 153 152 150 143 126 115 108 100 87 80 78 77 76 78 84 99 121 139 145 146 147 149 149 149 148 149 149 149 149 150 150 150 151 150 149 150 149 147 122 63 23 16 16 16 16 16 16 16 16 16 16 16 16 16 16 16 16 16 16 16 16 16 16 16 16 16 16 16 16 16 16 16 16 16 16 16 16 16 
16 16 16 16 16 16 16 16 16 16 18 43 108 152 158 158 157 157 157 158 159 159 159 158 159 160 160 160 161 160 159 159 160 161 160 161 162 161 161 161 161 161 161 161 162 161 161 162 162 162 162 162 161 161 160 160 159 159 159 160 161 161 160 159 159 159 159 159 158 158 158 158 157 157 156 154 153 154 155 155 154 153 152 152 152 149 145 138 129 117 103 89 82 80 80 85 100 122 138 145 147 148 149 151 150 149 149 149 149 149 148 149 149 150 150 149 148 148 146 123 63 23 16 16 16 16 16 16 16 16 16 16 16 16 16 16 16 16 16 16 16 16 16 16 16 16 16 16 16 16 16 16 16 16 16 16 16 16 16 16 
16 16 16 16 16 16 16 16 16 16 16 18 43 107 150 157 158 157 157 157 158 159 159 158 159 159 160 160 160 160 159 160 160 161 161 161 160 160 159 159 159 160 161 160 160 160 161 162 162 162 162 160 160 160 160 161 160 159 160 160 160 159 159 159 159 159 160 159 158 158 159 158 157 157 155 154 154 155 155 155 154 154 154 153 152 150 149 145 138 128 118 104 91 85 86 97 120 137 144 147 149 149 151 151 150 149 149 149 149 149 148 148 150 150 149 149 148 146 123 63 23 16 16 16 16 16 16 16 16 16 16 16 16 16 16 16 16 16 16 16 16 16 16 16 16 16 16 16 16 16 16 16 16 16 16 16 16 16 16 16 
16 16 16 16 16 16 16 16 16 16 16 16 18 43 106 149 157 157 157 157 158 159 158 157 158 159 160 160 159 159 159 159 160 161 160 159 159 159 158 158 159 159 159 159 159 160 161 161 161 161 160 159 159 159 160 160 160 159 160 159 159 159 159 159 159 160 159 158 158 159 158 157 157 156 154 155 155 155 155 155 155 154 154 153 152 151 151 149 146 138 129 118 106 99 101 118 138 145 147 149 149 149 150 150 149 148 149 150 150 149 149 149 150 149 148 149 147 122 63 23 16 16 16 16 16 16 16 16 16 16 16 16 16 16 16 16 16 16 16 16 16 16 16 16 16 16 16 16 16 16 16 16 16 16 16 16 16 16 16 16 
16 16 16 16 16 16 16 16 16 16 16 16 16 18 43 106 149 156 157 157 158 157 157 157 157 157 159 160 160 159 157 158 160 160 159 158 157 157 158 160 160 158 158 159 160 161 161 161 161 160 159 159 159 159 160 159 159 159 159 159 159 159 159 159 159 159 158 158 158 158 157 157 157 156 156 156 156 155 154 154 154 154 154 153 153 152 151 151 150 144 137 129 122 121 128 139 147 149 148 149 149 149 150 150 149 149 150 151 150 149 150 151 150 150 148 146 123 63 23 16 16 16 16 16 16 16 16 16 16 16 16 16 16 16 16 16 16 16 16 16 16 16 16 16 16 16 16 16 16 16 16 16 16 16 16 16 16 16 16 16 
16 16 16 16 16 16 16 16 16 16 16 16 16 16 18 43 105 147 156 157 157 157 157 157 157 156 158 160 159 157 156 157 159 159 159 158 157 158 159 159 159 158 159 160 160 160 160 159 159 160 159 159 159 160 160 159 159 159 159 160 160 159 159 159 159 159 158 158 158 158 157 157 156 156 156 156 155 155 155 154 154 155 155 153 153 152 152 152 151 149 145 140 137 139 144 148 150 149 149 149 149 150 150 150 150 151 150 150 149 150 151 150 150 151 148 123 63 23 16 16 16 16 16 16 16 16 16 16 16 16 16 16 16 16 16 16 16 16 16 16 16 16 16 16 16 16 16 16 16 16 16 16 16 16 16 16 16 16 16 16 
16 16 16 16 16 16 16 16 16 16 16 16 16 16 16 18 42 105 150 157 157 157 157 157 156 157 159 158 157 156 156 157 158 158 159 159 160 160 159 158 158 159 160 160 159 160 159 158 158 160 159 159 159 159 159 159 159 159 159 159 158 158 159 159 158 158 158 158 159 158 156 156 156 156 155 155 155 155 156 155 155 155 155 153 153 152 153 152 151 150 149 147 147 148 149 150 150 149 149 149 149 149 149 150 151 151 149 149 150 151 150 150 150 148 123 63 23 16 16 16 16 16 16 16 16 16 16 16 16 16 16 16 16 16 16 16 16 16 16 16 16 16 16 16 16 16 16 16 16 16 16 16 16 16 16 16 16 16 16 16 
16 16 16 16 16 16 16 16 16 16 16 16 16 16 16 16 18 43 106 149 157 157 157 156 157 158 158 157 157 156 156 157 158 159 160 159 159 159 158 158 159 159 159 158 159 158 158 158 159 159 158 159 159 159 158 159 159 160 159 158 158 158 158 157 157 159 158 158 158 157 156 156 156 155 155 156 155 155 156 155 155 155 153 153 153 151 152 152 152 151 151 150 150 149 149 150 149 149 149 149 149 149 150 151 151 151 149 150 151 150 150 150 148 123 63 23 16 16 16 16 16 16 16 16 16 16 16 16 16 16 16 16 16 16 16 16 16 16 16 16 16 16 16 16 16 16 16 16 16 16 16 16 16 16 16 16 16 16 16 16 
16 16 16 16 16 16 16 16 16 16 16 16 16 16 16 16 16 18 43 106 149 156 155 156 158 157 157 156 156 156 157 157 157 159 158 158 158 158 157 158 158 157 157 158 158 157 158 158 157 157 157 158 158 158 159 158 158 160 158 157 158 159 158 157 158 159 158 157 156 156 157 157 157 156 156 156 156 156 155 154 154 153 153 153 152 151 152 152 152 151 151 151 150 149 150 151 150 149 149 150 149 149 150 150 150 150 150 151 151 150 150 146 123 63 23 16 16 16 16 16 16 16 16 16 16 16 16 16 16 16 16 16 16 16 16 16 16 16 16 16 16 16 16 16 16 16 16 16 16 16 16 16 16 16 16 16 16 16 16 16 
16 16 16 16 16 16 16 16 16 16 16 16 16 16 16 16 16 16 18 43 106 148 155 156 157 157 156 156 157 156 157 157 157 158 158 158 158 157 157 158 158 158 158 158 158 157 157 157 156 157 157 156 157 159 158 157 157 158 157 157 158 159 157 157 158 158 157 156 155 156 157 157 155 155 156 156 156 155 154 153 153 153 153 153 152 152 153 152 152 152 151 152 150 150 151 150 150 149 150 150 150 150 150 148 148 149 150 150 150 149 146 122 63 23 16 16 16 16 16 16 16 16 16 16 16 16 16 16 16 16 16 16 16 16 16 16 16 16 16 16 16 16 16 16 16 16 16 16 16 16 16 16 16 16 16 16 16 16 16 16 
16 16 16 16 16 16 16 16 16 16 16 16 16 16 16 16 16 16 16 18 43 105 149 156 156 156 156 156 156 156 156 157 157 158 158 157 157 157 158 158 157 157 158 157 158 158 157 156 156 157 156 156 158 159 157 156 157 158 157 157 158 157 157 157 156 155 156 157 156 157 158 156 154 156 156 156 156 153 153 153 153 153 153 154 153 153 153 152 152 151 152 152 151 149 150 149 150 150 150 150 149 150 150 149 149 150 150 150 150 146 122 63 23 16 16 16 16 16 16 16 16 16 16 16 16 16 16 16 16 16 16 16 16 16 16 16 16 16 16 16 16 16 16 16 16 16 16 16 16 16 16 16 16 16 16 16 16 16 16 16 
16 16 16 16 16 16 16 16 16 16 16 16 16 16 16 16 16 16 16 16 18 43 106 148 155 156 156 156 157 156 156 156 157 157 157 156 157 157 157 157 157 157 157 157 157 157 157 156 156 156 157 158 158 157 156 156 157 157 159 159 158 157 157 156 155 156 158 157 156 157 157 155 155 156 156 155 155 153 153 153 153 153 153 154 153 153 153 152 151 151 151 152 151 149 150 150 150 150 150 150 149 150 151 150 149 148 149 149 147 122 63 23 16 16 16 16 16 16 16 16 16 16 16 16 16 16 16 16 16 16 16 16 16 16 16 16 16 16 16 16 16 16 16 16 16 16 16 16 16 16 16 16 16 16 16 16 16 16 16 16 
16 16 16 16 16 16 16 16 16 16 16 16 16 16 16 16 16 16 16 16 16 18 43 105 147 155 155 155 156 156 155 156 156 156 156 156 157 157 156 156 156 156 157 157 156 157 156 154 154 155 156 156 156 157 157 157 157 157 158 158 157 157 157 156 157 158 157 156 156 156 155 154 155 156 155 154 154 152 153 154 153 153 153 152 152 152 152 152 152 152 151 152 151 150 150 150 150 150 150 150 150 150 150 149 149 148 149 147 122 63 23 16 16 16 16 16 16 16 16 16 16 16 16 16 16 16 16 16 16 16 16 16 16 16 16 16 16 16 16 16 16 16 16 16 16 16 16 16 16 16 16 16 16 16 16 16 16 16 16 16 
16 16 16 16 16 16 16 16 16 16 16 16 16 16 16 16 16 16 16 16 16 16 18 43 105 147 154 155 155 154 155 155 155 155 155 155 155 156 156 154 154 155 156 156 156 156 155 154 154 155 156 154 155 158 158 157 156 157 157 157 156 156 157 157 157 157 156 156 156 155 154 155 155 155 154 154 153 152 153 154 153 152 152 152 152 152 152 152 151 151 151 151 150 150 150 149 149 150 151 151 151 150 149 149 148 148 146 123 63 23 16 16 16 16 16 16 16 16 16 16 16 16 16 16 16 16 16 16 16 16 16 16 16 16 16 16 16 16 16 16 16 16 16 16 16 16 16 16 16 16 16 16 16 16 16 16 16 16 16 16 
16 16 16 16 16 16 16 16 16 16 16 16 16 16 16 16 16 16 16 16 16 16 16 18 42 104 146 155 154 153 154 154 154 155 154 155 155 155 154 154 156 156 155 155 155 155 155 155 155 155 156 155 156 157 157 156 156 156 156 156 156 157 158 157 157 156 157 156 154 154 155 155 154 154 155 154 154 153 153 153 151 152 152 152 153 152 152 152 151 151 151 150 150 151 149 149 150 151 151 151 151 150 149 148 149 147 122 63 23 16 16 16 16 16 16 16 16 16 16 16 16 16 16 16 16 16 16 16 16 16 16 16 16 16 16 16 16 16 16 16 16 16 16 16 16 16 16 16 16 16 16 16 16 16 16 16 16 16 16 16 
16 16 16 16 16 16 16 16 16 16 16 16 16 16 16 16 16 16 16 16 16 16 16 16 18 43 110 150 153 154 154 153 154 154 155 155 155 155 154 154 156 155 154 155 155 156 156 155 154 155 155 155 157 157 157 155 155 155 154 156 156 156 156 156 156 156 156 155 153 154 155 155 154 155 155 154 154 154 153 152 151 153 153 153 153 151 150 151 151 150 150 150 150 150 149 150 150 149 150 151 150 149 148 148 149 129 66 23 16 16 16 16 16 16 16 16 16 16 16 16 16 16 16 16 16 16 16 16 16 16 16 16 16 16 16 16 16 16 16 16 16 16 16 16 16 16 16 16 16 16 16 16 16 16 16 16 16 16 16 16 
