204 197 184 176 174 174 173 173 173 173 172 172 172 172 172 172 172 172 172 172 172 172 172 172 172 172 172 172 171 171 171 171 172 172 172 171 171 171 170 171 171 172 172 172 172 172 172 172 173 173 172 172 172 172 172 172 172 173 173 173 173 172 172 172 172 172 172 172 172 172 172 172 173 173 173 173 174 175 175 175 176 175 175 175 175 174 174 174 175 175 175 176 176 176 176 176 177 177 177 177 177 177 176 176 175 176 176 176 176 176 175 175 175 175 176 176 176 176 176 175 175 175 175 175 176 176 176 176 
196 191 181 175 174 174 173 173 173 172 172 171 171 172 172 172 172 172 172 172 172 172 172 172 172 172 172 172 172 171 172 172 172 173 173 173 173 173 172 172 172 172 172 172 173 173 173 173 173 172 172 171 171 171 171 172 172 172 173 173 172 172 172 171 171 171 171 171 172 172 172 172 173 173 173 173 174 174 175 175 175 175 175 175 175 175 175 175 175 175 175 176 176 176 176 177 177 176 176 177 177 177 176 175 175 175 176 176 176 176 175 174 174 175 175 175 175 176 176 176 176 176 176 176 176 177 177 176 
182 179 175 173 173 173 173 172 172 172 171 171 171 171 172 172 172 172 172 172 171 171 171 171 171 172 172 172 172 172 172 173 173 174 175 175 175 175 174 173 172 172 173 173 174 174 174 174 173 172 172 171 171 171 172 172 173 173 173 173 173 172 172 172 172 172 172 172 172 172 173 173 173 173 173 173 173 174 174 174 173 173 173 174 174 175 175 175 176 176 176 176 176 176 176 176 176 176 176 176 177 176 176 175 175 175 176 176 176 176 174 174 174 174 175 175 175 175 176 176 176 177 177 177 177 177 177 176 
172 172 171 170 171 171 171 171 171 171 171 171 171 171 171 171 171 172 172 172 172 172 172 171 171 172 172 173 173 173 173 174 174 175 176 176 176 176 175 174 174 174 174 174 175 175 175 175 174 173 172 172 172 172 172 173 173 173 173 173 173 173 173 173 173 174 174 174 174 174 174 174 175 174 174 173 173 173 173 173 172 172 172 173 174 175 175 176 176 176 176 176 176 176 176 176 176 176 176 176 177 177 176 175 175 176 176 177 176 176 175 174 175 175 175 174 174 175 176 176 177 177 177 177 177 177 177 178 
170 170 169 169 169 170 170 171 171 171 171 171 171 171 171 171 171 172 172 172 172 172 172 172 172 172 173 173 173 173 174 174 174 175 176 176 176 176 175 175 175 175 175 175 176 176 176 176 176 175 174 173 173 173 173 174 173 173 173 173 173 174 174 174 174 175 175 175 175 175 175 176 176 175 174 173 173 173 173 173 172 172 172 173 173 174 175 175 176 176 176 176 176 176 176 176 176 176 176 176 177 177 176 176 176 177 177 177 177 176 176 175 176 176 175 175 175 175 176 177 177 177 177 177 177 177 179 185 
170 170 169 169 169 169 170 170 171 171 171 171 171 171 171 171 171 171 171 172 172 172 172 172 172 173 173 173 173 172 173 173 173 174 175 176 176 176 176 176 175 175 176 176 176 176 176 177 176 176 175 174 174 174 174 174 174 173 173 173 174 174 174 174 175 176 176 176 176 175 176 176 176 176 175 174 173 173 173 173 173 173 173 173 173 173 174 175 176 176 177 177 177 176 176 176 176 176 176 177 177 177 177 177 177 177 178 177 177 177 176 176 176 176 176 175 175 175 176 176 177 177 177 177 177 179 185 195 
171 171 170 170 170 170 171 171 171 171 172 172 172 171 171 171 170 170 171 171 171 172 172 172 173 173 173 173 172 172 172 172 172 173 173 174 175 176 176 176 175 175 175 176 176 176 176 176 176 176 175 175 174 174 174 174 174 173 173 174 174 174 175 175 175 175 176 176 175 175 175 176 176 176 175 175 174 174 174 173 173 173 173 173 173 173 173 174 175 176 176 177 177 177 177 176 177 177 177 177 177 177 177 177 178 178 178 178 177 177 177 177 176 176 176 175 175 175 175 176 177 177 177 177 178 181 192 202 
172 172 172 172 172 172 172 172 172 172 172 173 172 172 171 171 170 170 170 171 171 171 171 172 172 172 172 172 171 171 171 171 172 172 172 173 174 175 175 175 174 174 174 175 175 175 175 175 175 175 175 175 174 174 174 174 174 174 174 174 174 175 175 175 175 175 175 175 174 174 174 174 175 175 175 175 174 174 174 174 173 173 173 173 173 173 173 174 175 175 176 176 177 177 177 177 177 177 177 177 177 177 177 177 178 178 178 177 177 177 176 176 176 176 175 175 175 174 175 175 176 177 178 178 179 185 198 203 
173 173 173 173 173 173 173 173 173 173 173 173 173 173 172 171 171 170 171 171 171 171 171 171 171 171 171 171 170 170 171 171 171 172 172 172 172 173 173 173 173 173 173 173 173 173 173 174 174 175 175 175 174 174 174 174 174 174 174 175 175 175 175 175 175 175 175 174 173 173 173 173 174 174 174 174 174 174 174 174 173 173 173 173 173 173 173 174 174 175 175 176 176 177 177 177 177 177 177 176 176 175 175 176 177 177 177 176 176 175 175 175 175 175 175 175 174 174 174 175 176 177 177 178 180 188 200 202 
173 173 173 174 174 174 173 173 173 173 173 173 173 173 173 173 172 171 171 171 171 171 171 171 171 171 170 170 170 170 171 171 171 171 171 171 171 172 172 172 172 172 172 172 172 172 173 173 174 174 175 175 175 175 174 174 174 174 175 175 175 175 175 175 175 175 175 174 173 173 173 173 173 173 173 174 174 174 174 174 174 174 174 174 174 174 174 174 174 174 175 175 176 177 177 177 177 176 176 175 174 174 174 174 175 175 175 175 175 175 174 175 175 175 175 175 174 174 174 174 175 176 177 177 179 186 198 203 
173 173 173 173 173 173 173 173 173 173 173 173 173 173 173 173 173 172 171 171 171 171 171 171 171 171 170 170 170 171 171 170 170 171 171 171 171 171 171 171 171 171 172 172 172 172 173 173 174 174 175 175 175 175 175 175 175 175 175 175 175 175 175 175 175 175 175 174 174 173 173 174 174 173 173 173 174 175 175 176 176 175 175 175 175 175 175 175 175 175 175 175 176 176 177 177 176 176 175 174 173 173 172 173 174 174 174 174 174 174 174 174 175 175 175 175 175 175 174 174 175 175 176 177 178 182 193 203 
173 173 173 173 172 172 172 172 172 172 172 173 173 173 173 173 173 172 171 170 171 171 172 172 172 172 171 171 172 171 171 171 170 171 171 171 171 172 172 171 171 171 172 172 173 173 173 174 174 174 175 175 175 175 175 175 176 176 175 175 175 175 175 175 175 175 175 174 174 174 174 174 174 174 174 174 174 175 176 176 177 177 177 177 177 177 177 177 176 176 176 176 176 176 177 177 176 176 175 174 174 173 172 172 173 173 174 174 174 174 174 174 174 175 175 175 175 175 175 174 174 175 176 177 177 179 185 195 
172 172 172 172 172 171 171 171 171 172 172 172 172 172 172 173 173 172 171 171 171 172 172 173 173 173 173 173 173 173 172 171 171 171 171 171 171 172 172 172 171 171 172 173 173 174 174 174 173 173 174 174 174 175 175 175 175 176 175 175 175 175 175 174 174 174 174 173 173 173 174 174 175 174 174 174 174 175 176 177 178 178 178 178 178 178 178 178 177 177 176 176 177 177 177 177 177 176 176 175 175 174 173 173 173 173 173 174 174 175 175 175 175 174 174 174 175 175 175 174 174 175 175 176 177 177 179 185 
172 172 172 171 171 170 170 171 171 171 172 172 172 172 172 172 172 172 172 172 172 173 173 174 174 174 174 175 175 174 173 172 172 171 171 171 172 172 172 172 171 172 172 173 174 175 175 174 173 173 173 173 174 174 174 175 175 175 175 175 175 175 174 174 174 174 173 172 172 172 173 173 174 174 174 174 174 175 175 176 178 178 178 178 178 178 178 178 177 177 177 177 177 177 177 177 177 177 177 176 176 175 175 174 174 174 174 175 175 176 176 176 175 175 175 175 175 175 175 175 175 175 175 176 176 177 177 178 
172 172 171 171 170 170 170 170 171 171 172 172 172 171 171 171 171 172 172 173 173 174 174 174 175 175 175 175 176 175 174 174 173 172 172 172 172 173 173 172 172 172 172 173 175 175 175 175 174 173 173 173 173 174 174 174 174 174 174 174 174 175 175 174 174 173 173 172 172 172 172 172 173 174 174 175 175 175 175 176 177 177 178 178 178 178 178 177 177 177 177 177 177 177 177 177 177 177 177 177 177 177 176 176 175 175 175 176 176 177 177 177 177 176 176 176 176 176 176 176 175 175 175 175 176 176 176 176 
171 171 171 171 171 171 171 170 171 171 172 172 172 171 171 171 171 171 173 174 174 175 175 175 175 174 174 175 175 175 175 174 174 173 172 172 172 173 173 173 172 172 173 174 175 176 176 175 175 174 174 174 174 174 174 173 173 173 173 173 174 174 174 174 174 174 173 172 172 172 172 172 173 174 175 175 175 175 175 175 176 176 176 176 176 177 177 176 176 176 177 177 177 177 177 177 178 178 178 178 178 178 178 177 177 177 177 178 178 178 178 178 177 177 177 177 177 177 177 177 176 176 175 175 175 176 177 177 
171 171 171 171 171 172 171 171 171 171 172 172 172 171 171 171 171 172 173 173 174 175 175 175 174 173 173 173 174 174 175 175 174 174 173 172 173 173 173 173 173 173 173 174 175 175 176 176 175 175 175 174 174 174 174 173 173 172 172 173 173 174 174 174 174 174 173 173 173 173 173 174 175 175 176 176 176 175 174 175 175 175 175 175 175 176 176 176 176 176 177 177 177 177 177 177 177 177 178 178 178 178 178 178 178 178 179 179 179 179 179 178 178 177 177 178 178 178 178 178 177 176 176 175 176 176 177 177 
170 171 171 171 172 172 172 171 171 172 172 173 173 172 172 172 172 172 173 173 174 174 175 174 174 173 172 173 173 174 174 174 174 174 173 172 173 173 173 174 174 174 174 174 174 175 175 175 175 175 175 175 174 174 174 173 173 173 173 173 174 174 174 175 174 174 174 174 174 174 175 175 176 176 176 176 176 175 175 175 175 175 175 175 175 175 175 176 176 176 177 177 177 177 177 177 177 177 177 177 178 178 178 178 179 179 180 180 180 180 179 179 178 178 178 178 179 179 179 179 178 178 177 176 176 177 178 178 
170 170 171 171 171 171 171 171 171 172 173 173 173 173 173 173 173 173 173 173 174 174 174 174 173 173 173 173 173 173 173 174 174 173 173 172 172 173 173 174 174 174 174 174 174 174 175 175 175 175 175 175 174 174 174 173 173 174 174 175 175 175 175 175 175 174 174 174 174 175 175 175 175 176 176 176 176 175 175 175 175 175 175 175 175 175 175 176 176 177 177 177 177 177 177 177 177 177 177 177 178 178 178 179 179 180 180 180 180 180 179 179 179 179 179 179 179 180 180 180 179 178 178 177 177 178 178 178 
170 170 171 171 171 171 171 171 172 172 172 173 173 173 173 173 174 174 174 174 174 174 173 173 174 174 173 173 172 172 172 173 173 173 173 172 173 173 173 174 174 174 174 174 174 174 174 174 174 174 174 174 174 174 173 173 173 174 175 176 176 176 175 175 175 174 174 174 174 174 174 175 175 175 175 176 176 176 176 176 176 176 176 176 176 176 176 176 176 177 177 177 177 177 177 177 177 177 177 177 177 178 178 179 179 179 179 179 179 179 179 179 179 179 179 180 180 180 180 180 179 179 178 178 178 178 178 177 
170 170 170 171 171 171 171 172 172 172 172 172 173 173 173 174 174 174 174 174 173 173 173 173 174 174 173 173 172 171 171 171 172 172 173 173 173 173 173 174 174 175 175 175 175 175 174 174 174 174 174 174 174 173 173 172 172 173 174 175 175 175 175 175 174 174 174 174 174 174 174 174 174 175 175 175 176 176 176 176 176 176 176 176 176 176 176 176 176 176 177 177 177 177 177 176 176 176 176 176 177 177 178 178 178 178 178 178 178 178 178 179 179 179 179 179 180 180 180 179 179 179 178 178 177 177 177 177 
169 169 170 170 171 171 171 172 172 172 172 172 172 173 173 174 174 174 174 173 173 172 172 173 173 173 173 173 172 171 170 171 171 172 173 173 173 173 173 173 174 174 175 175 175 175 174 174 174 173 173 173 173 173 173 172 172 172 173 173 174 174 174 174 174 174 174 173 173 173 173 174 174 175 175 175 175 175 175 175 175 175 176 176 176 176 176 176 176 176 177 177 177 177 177 176 176 176 176 176 176 176 177 178 178 177 177 176 176 177 177 178 178 178 178 179 179 179 179 179 179 179 178 177 177 176 176 176 
168 168 169 170 170 171 171 172 172 172 171 172 172 173 173 174 174 173 173 173 172 172 172 172 173 173 173 172 172 171 171 171 172 172 173 174 174 174 173 173 173 174 174 174 174 174 174 174 174 173 173 173 173 174 173 173 172 172 172 172 173 174 174 175 175 174 174 173 173 172 172 173 174 174 174 174 174 174 174 174 174 174 175 175 175 176 176 176 176 177 177 177 176 176 176 176 177 177 177 176 176 176 177 177 177 177 176 176 176 176 176 176 177 177 177 177 177 177 177 178 178 178 177 177 176 176 175 176 
167 168 168 169 170 170 171 171 171 171 171 171 172 173 173 173 173 173 172 172 171 171 171 172 172 172 172 172 171 171 171 172 172 172 173 173 174 174 173 173 173 173 173 173 173 173 173 173 173 173 173 173 174 174 174 174 173 172 172 172 173 174 175 175 175 175 175 174 173 172 172 172 173 173 173 173 173 173 173 174 174 174 174 174 175 175 176 176 177 177 177 177 176 176 176 176 177 177 177 176 176 176 176 177 177 177 177 176 176 176 176 176 176 176 176 176 176 176 176 177 177 177 176 176 175 175 175 175 
167 168 168 169 170 170 170 171 171 171 171 171 172 172 173 173 173 173 172 172 171 171 171 172 172 172 172 171 171 172 172 172 172 172 172 173 174 174 174 173 173 172 172 172 172 172 173 173 173 172 172 173 174 174 175 175 174 173 173 173 174 175 175 176 176 176 176 175 174 173 173 173 173 173 173 173 172 172 173 174 174 174 174 174 175 175 176 176 177 177 177 177 176 175 175 175 176 176 176 176 176 176 176 176 177 177 177 177 177 176 176 175 175 175 175 175 175 175 175 176 176 176 175 175 175 175 175 175 
168 168 169 169 170 170 170 170 170 170 170 171 171 172 173 173 173 173 172 172 171 171 172 172 172 172 172 172 172 172 172 172 172 172 172 173 173 174 174 173 173 173 172 172 172 172 172 172 172 172 172 172 173 174 175 175 175 174 174 174 175 175 176 176 176 177 177 176 175 174 174 174 174 174 174 174 173 173 173 174 174 175 175 175 175 175 176 176 177 177 177 176 176 175 174 174 175 175 175 175 175 175 175 175 176 177 177 178 177 177 176 176 176 175 175 175 174 174 175 175 175 175 175 174 174 175 175 175 
169 169 169 169 169 170 170 170 170 170 170 170 171 172 172 172 172 172 172 171 171 172 172 172 173 173 173 173 173 173 172 172 172 172 172 173 174 174 174 174 174 173 173 173 173 173 173 172 172 172 172 172 173 173 174 174 175 175 175 175 175 176 175 176 176 176 176 176 175 174 174 174 175 175 175 175 174 174 174 175 175 175 175 175 175 176 176 176 176 177 176 176 176 175 174 174 175 175 175 175 175 175 174 174 175 176 177 178 177 177 176 176 177 176 176 175 175 175 174 175 175 175 174 175 175 175 176 176 
170 169 169 169 169 170 171 171 170 170 170 170 171 171 171 171 171 171 170 170 171 172 172 173 173 173 173 173 173 173 173 173 172 172 172 173 173 174 174 174 174 174 174 174 174 173 173 173 173 172 172 172 172 172 173 173 174 174 175 175 176 176 175 175 175 175 175 175 174 174 174 174 175 175 175 175 175 174 175 175 175 175 175 175 175 175 175 175 176 176 176 176 176 175 175 175 175 176 176 175 175 174 174 174 174 175 176 177 177 177 176 177 177 177 177 177 176 176 175 175 175 175 175 175 176 176 176 176 
170 170 169 169 169 170 171 171 171 170 170 170 170 171 171 171 170 170 169 169 169 171 171 172 172 172 172 173 173 173 173 173 173 172 172 172 173 173 174 174 174 174 174 174 174 174 174 174 174 174 174 173 173 172 172 172 173 174 174 175 176 176 176 175 174 174 173 173 173 173 173 174 175 175 175 175 175 175 175 175 175 175 175 174 174 174 175 175 175 175 176 176 176 176 175 176 176 177 177 176 176 175 175 175 175 175 176 176 176 176 176 177 177 178 178 177 177 177 177 176 176 176 176 176 177 177 177 177 
171 170 170 170 170 171 171 171 171 171 170 170 170 170 171 171 170 169 168 168 168 169 170 170 170 171 171 172 172 173 173 173 173 173 172 172 172 172 173 173 173 174 174 174 174 174 174 175 175 175 175 174 174 173 172 172 172 172 173 174 175 175 176 175 174 172 172 171 171 172 172 173 174 174 174 175 175 175 175 175 175 174 174 174 173 173 174 174 174 175 175 176 176 176 176 176 177 177 177 177 176 176 176 176 176 176 176 176 175 176 176 177 177 177 177 178 177 177 177 177 177 177 177 177 178 178 179 179 
171 171 171 171 171 171 171 171 171 171 170 170 170 170 171 171 171 170 169 168 169 169 169 169 169 170 170 171 172 172 173 173 173 173 173 173 172 171 171 171 172 173 173 174 174 174 175 175 175 175 175 175 175 174 173 172 172 171 172 172 173 174 175 174 173 172 171 171 171 172 172 173 173 174 174 174 175 175 175 175 175 174 174 173 173 173 173 173 174 174 174 175 176 176 176 176 176 177 177 177 177 176 176 177 177 177 176 175 175 175 176 176 176 177 177 177 177 177 177 177 177 177 177 177 178 178 179 179 
171 171 171 171 171 171 171 171 171 170 170 170 170 170 171 171 172 171 171 170 170 170 170 170 170 170 170 171 171 171 172 173 173 173 173 173 172 171 170 170 171 171 172 173 173 174 174 174 175 175 175 176 175 175 174 173 172 171 171 172 172 173 174 173 172 171 171 171 172 173 173 173 174 174 174 174 174 175 175 175 175 174 174 174 174 173 173 174 174 174 174 175 175 176 176 176 176 175 176 176 176 176 177 177 177 177 176 175 175 175 175 176 176 176 176 176 176 176 176 176 176 176 176 177 177 178 178 179 
170 171 171 171 171 170 170 170 170 170 170 170 170 170 171 171 172 172 172 172 172 172 172 171 171 171 170 170 171 171 171 172 172 171 170 170 169 169 168 168 168 169 170 170 171 171 171 172 173 174 175 175 176 175 175 174 173 172 171 171 172 172 173 173 173 172 172 172 173 174 174 174 174 174 174 174 174 174 174 174 174 174 175 175 175 175 174 175 175 175 175 175 175 175 175 175 174 174 174 175 176 176 177 177 176 176 175 175 175 175 175 175 175 175 175 175 175 175 175 176 176 176 176 176 176 177 177 178 
170 171 171 171 171 170 170 170 170 170 170 170 170 170 171 171 172 172 172 172 172 173 173 173 172 172 171 171 171 171 171 169 167 163 160 159 159 159 159 159 160 161 162 162 163 163 164 165 167 169 172 173 175 175 175 174 172 171 170 169 169 169 169 170 171 172 172 173 174 174 174 175 175 175 174 173 172 172 172 172 173 173 174 175 175 175 175 176 176 176 175 175 174 174 173 173 173 173 173 174 175 176 176 176 176 176 175 175 175 175 175 175 174 174 175 175 175 175 175 175 176 176 176 176 176 177 177 177 
170 171 171 171 171 171 170 170 170 170 170 170 170 170 170 171 171 171 172 172 172 173 173 173 173 172 171 171 171 170 169 164 156 147 140 138 138 139 140 140 142 143 144 145 145 145 146 149 153 159 165 169 172 173 173 172 170 168 164 161 158 158 158 160 163 166 169 171 172 173 173 174 174 173 172 170 168 166 166 166 167 169 171 173 174 175 175 176 176 176 175 173 172 171 170 170 170 170 171 172 173 174 175 175 175 175 175 175 175 174 174 173 173 174 174 174 174 175 175 175 175 175 175 175 176 177 177 177 
170 171 171 171 171 171 170 170 170 170 170 170 170 170 170 170 170 170 171 171 171 172 173 173 173 172 171 170 170 169 165 156 141 126 115 111 111 112 112 113 115 116 118 118 119 119 121 124 132 143 154 162 167 170 171 170 167 162 154 145 139 136 137 140 144 151 158 164 167 170 171 172 172 171 167 163 158 154 152 152 154 157 162 167 170 171 173 174 175 174 172 170 168 165 163 162 161 162 163 166 168 171 173 174 174 174 174 174 173 172 171 170 169 171 172 172 172 173 174 175 175 175 174 174 175 176 177 176 
170 171 171 171 171 170 170 170 170 170 170 170 170 170 169 169 169 169 170 170 171 171 171 172 172 171 170 168 166 163 157 143 123 104 93 88 88 88 88 88 89 91 92 92 93 93 94 98 108 124 141 154 162 166 168 167 163 153 139 124 113 109 110 112 118 129 141 152 160 165 169 170 170 167 161 151 141 132 129 129 131 136 144 153 160 165 168 171 172 171 169 165 160 154 148 145 144 144 147 152 159 165 169 171 172 172 173 172 170 167 164 160 159 159 161 163 165 168 171 173 174 174 173 173 173 174 174 173 
170 170 170 170 170 170 170 170 170 170 170 170 170 170 169 168 168 169 170 170 170 170 171 171 171 170 168 163 157 150 140 125 105 87 78 74 74 73 73 73 73 74 75 75 75 75 76 79 89 107 128 145 156 161 164 163 157 144 124 103 90 86 86 89 94 106 122 139 151 160 165 167 166 162 152 137 119 107 102 102 104 110 120 134 146 156 163 167 168 166 163 157 147 135 126 120 118 119 123 131 143 154 163 168 170 170 170 169 165 159 151 143 139 138 140 144 149 157 163 168 171 172 172 171 171 170 168 164 
169 170 170 170 170 170 170 170 170 170 170 170 170 170 169 168 168 168 170 171 170 170 171 171 170 168 163 153 141 130 118 104 88 76 70 68 68 67 66 66 66 67 68 68 68 68 67 69 77 94 118 138 150 156 158 157 151 135 112 89 75 72 72 74 77 87 105 126 143 154 160 162 161 155 143 122 100 85 80 81 83 87 97 113 131 147 158 162 163 162 158 148 133 115 101 95 93 93 97 107 123 140 155 164 167 167 166 164 158 148 134 121 114 112 113 117 126 138 150 160 166 169 169 168 167 164 158 149 
169 169 169 169 169 169 169 170 170 170 170 170 170 170 169 168 168 169 170 171 171 171 171 171 170 166 158 142 122 107 96 85 76 69 67 67 66 65 64 64 64 65 65 66 66 66 65 65 70 86 110 132 145 150 151 150 144 129 106 82 69 66 67 67 69 75 92 116 136 149 154 155 153 147 134 111 87 73 70 70 71 73 81 97 119 139 152 157 158 157 152 140 120 98 82 77 76 76 78 87 104 127 147 159 163 163 162 159 151 136 116 99 91 89 89 92 101 116 134 150 160 165 166 165 162 156 145 129 
170 170 169 169 168 169 169 169 169 169 169 169 170 170 169 168 168 169 171 172 172 171 172 172 170 165 153 132 107 89 79 73 69 67 66 66 66 65 64 63 64 64 65 66 66 66 65 64 68 83 107 128 139 143 144 143 138 125 102 79 66 64 65 66 66 71 86 109 131 143 147 147 145 141 128 104 80 68 66 67 67 67 72 87 110 133 147 151 152 150 146 135 113 88 72 68 68 68 69 75 90 115 139 153 158 157 156 153 144 125 102 84 76 75 75 76 82 96 117 138 153 160 162 160 157 148 133 112 
170 170 169 169 169 169 169 169 169 169 169 170 170 170 170 169 170 170 171 172 172 172 172 172 170 164 150 126 98 79 70 67 66 65 65 65 65 64 64 64 64 64 65 66 66 66 65 64 69 84 107 126 135 137 138 138 134 122 99 76 65 64 65 66 66 70 84 107 128 138 141 141 140 136 124 101 77 65 64 65 66 66 69 83 106 129 142 145 144 143 140 130 109 83 68 65 66 67 66 69 82 107 131 146 151 151 150 147 138 119 94 76 69 68 68 69 72 83 105 129 147 155 157 156 151 141 123 100 
170 170 170 170 170 170 170 170 169 169 170 170 171 171 171 170 171 171 172 172 172 172 172 172 170 164 149 121 93 74 67 65 65 65 65 65 65 64 64 64 65 65 65 66 66 66 65 64 69 85 107 126 134 135 135 135 132 119 96 74 64 64 66 66 66 70 85 107 127 136 138 137 137 133 122 99 76 65 63 64 65 65 69 82 106 127 138 140 138 137 136 127 106 82 67 65 66 66 66 68 79 102 126 141 145 145 144 142 134 115 90 73 67 66 67 67 68 78 98 123 142 149 151 150 147 137 117 93 
171 171 171 171 171 171 171 170 170 170 171 171 171 171 172 172 172 172 172 172 172 172 172 172 170 163 147 119 90 73 67 65 64 64 64 64 65 65 65 65 65 65 65 65 65 65 64 64 70 85 108 126 134 135 135 134 131 118 95 73 63 63 65 65 65 70 85 108 127 136 137 137 136 132 121 99 76 65 63 64 65 65 69 83 106 127 137 137 135 135 134 124 103 80 67 65 66 66 65 68 80 102 124 138 141 141 141 139 131 113 88 72 66 67 67 67 68 76 96 121 138 145 146 146 144 135 115 90 
171 171 171 172 172 171 171 171 171 172 172 172 172 172 172 172 172 172 171 171 171 171 171 171 169 163 145 117 88 72 66 65 64 64 64 64 65 65 65 65 65 65 65 65 65 64 64 64 70 86 109 127 134 135 134 134 129 116 93 72 63 63 64 64 65 70 86 109 127 136 137 137 136 132 120 98 76 65 63 64 64 64 68 84 107 127 136 137 135 135 133 123 101 78 66 64 66 66 65 69 81 103 124 137 140 140 140 138 130 110 86 71 67 68 68 67 68 76 97 121 137 142 143 143 142 134 115 90 
171 171 171 172 172 171 171 171 172 172 173 172 172 172 172 172 171 171 171 171 170 171 171 170 169 162 144 115 87 71 65 64 64 64 64 64 64 65 65 64 64 64 64 64 64 63 63 64 71 88 111 128 135 135 135 133 128 114 91 71 63 63 64 64 65 71 88 110 128 135 137 137 136 132 119 96 75 64 63 63 64 64 68 84 108 128 137 138 137 136 134 123 100 77 65 64 65 65 65 69 83 105 125 137 140 141 141 139 130 109 85 70 67 68 68 67 68 77 98 122 137 141 141 141 141 134 115 90 
170 170 171 171 171 171 171 171 172 172 173 172 172 171 171 171 171 170 170 170 170 170 170 170 169 161 142 112 85 70 65 64 64 64 64 64 64 64 64 64 64 63 63 63 63 63 62 64 72 90 113 129 135 136 135 134 128 112 89 70 63 64 65 65 65 72 89 112 129 135 137 137 136 132 118 95 73 63 63 63 64 64 69 85 109 129 138 139 138 137 135 123 100 76 64 63 65 65 65 70 84 106 126 137 140 141 141 139 129 108 84 70 66 67 66 65 67 77 98 122 137 140 140 140 139 133 115 90 
170 169 170 170 170 170 171 171 172 172 172 172 172 171 170 170 170 169 169 169 169 170 170 170 168 161 141 110 83 69 65 64 63 63 63 64 64 64 64 64 63 63 62 62 62 62 62 64 73 92 114 130 135 136 135 134 127 110 87 69 63 64 65 65 66 73 91 113 130 136 137 137 136 132 117 93 72 63 63 64 64 64 70 86 110 130 138 139 138 138 136 123 99 76 64 63 65 65 66 71 85 108 128 138 140 141 141 139 129 107 83 69 66 66 66 65 66 77 99 123 137 140 139 138 138 132 114 90 
168 168 169 169 170 170 170 171 171 172 172 172 172 171 170 169 169 169 169 169 169 169 169 169 168 160 139 109 82 69 65 64 63 63 63 63 64 64 64 63 63 62 62 62 62 62 62 65 74 92 114 129 134 134 134 133 126 109 86 68 63 64 65 65 66 73 91 114 130 136 137 137 136 131 115 91 71 64 64 65 64 64 70 88 112 130 138 139 138 139 136 123 99 76 65 64 65 66 66 71 87 110 130 139 141 141 141 139 128 106 81 68 65 66 65 65 67 78 100 124 137 139 138 138 137 131 113 89 
168 168 168 169 170 170 170 171 171 171 172 172 172 171 170 169 169 169 169 169 169 169 169 169 168 159 138 107 82 69 65 64 63 63 63 63 63 64 64 64 63 62 62 62 62 62 63 65 74 91 112 125 129 129 130 129 123 106 84 67 63 64 65 65 65 73 91 113 128 134 135 134 133 128 113 90 71 64 64 65 64 64 71 89 113 130 137 138 138 138 135 121 97 75 65 64 66 66 66 72 88 112 131 140 141 141 141 138 126 104 80 67 65 66 65 65 67 79 102 125 137 139 138 137 137 130 111 87 
168 168 169 169 170 170 171 171 171 171 172 172 172 172 171 170 169 169 169 170 170 169 169 170 169 159 137 106 81 69 65 64 64 64 63 63 63 64 65 64 64 63 62 62 62 63 63 65 72 87 104 115 118 119 120 120 115 100 81 67 62 64 65 64 64 71 88 108 122 127 128 128 127 123 109 88 70 64 64 65 64 65 72 90 112 128 134 134 135 135 131 117 94 74 65 64 65 66 66 72 88 111 131 139 140 140 140 136 124 101 79 67 65 66 65 65 68 80 103 126 137 138 138 137 136 128 109 86 
168 168 169 170 170 171 171 171 171 171 171 172 172 172 171 170 170 170 170 171 171 170 170 170 169 159 135 105 80 68 64 64 64 64 64 63 64 65 65 64 63 63 62 62 63 63 63 64 68 78 91 99 101 102 103 104 101 91 76 65 62 63 64 63 63 69 83 100 110 115 115 116 115 112 100 83 69 64 64 65 64 65 72 88 107 120 125 126 126 127 123 110 89 72 64 64 65 65 65 71 86 109 127 134 136 135 135 132 120 98 77 66 64 65 65 65 69 81 104 125 136 137 137 137 134 125 107 85 
169 169 169 169 170 170 171 171 171 171 171 171 171 171 170 170 170 170 170 170 171 170 170 170 168 157 134 104 80 68 65 64 65 65 65 65 65 65 64 64 63 63 62 62 63 64 64 64 65 70 76 81 82 82 83 85 84 79 70 64 62 62 63 62 62 66 76 86 93 96 97 97 98 96 88 76 66 62 63 64 64 65 70 83 97 106 109 110 111 112 110 99 83 69 63 63 64 64 65 69 83 102 117 123 124 124 124 122 111 92 74 65 64 64 65 65 68 80 102 121 130 132 132 132 130 121 104 84 
169 168 168 169 169 170 170 170 170 170 170 170 170 169 169 169 169 169 169 170 170 170 170 169 166 156 134 105 84 73 69 68 68 69 69 69 69 68 67 66 66 65 64 64 64 64 64 64 64 65 66 68 68 68 68 69 70 69 66 63 62 63 63 62 61 63 68 73 76 77 78 78 79 79 75 69 63 62 62 63 63 64 68 75 84 89 90 91 92 94 93 86 75 66 63 63 64 64 64 67 77 90 101 105 106 107 107 106 98 84 70 63 63 64 64 64 66 77 95 110 118 119 120 120 119 112 97 80 
169 169 168 168 168 169 169 169 169 169 169 169 169 168 168 168 168 168 168 169 169 170 169 167 164 154 135 110 91 83 79 79 79 80 80 80 79 78 76 76 76 75 73 70 66 64 64 65 65 64 63 63 63 63 62 62 63 63 63 63 63 63 63 63 62 62 63 65 66 66 66 66 67 68 67 64 62 62 62 63 63 63 65 68 72 73 74 74 75 77 77 74 69 64 62 63 63 63 63 65 71 78 83 86 87 87 88 88 83 74 66 62 62 63 63 63 65 72 84 94 99 101 101 102 101 97 86 75 
169 169 168 168 168 168 168 168 168 168 168 168 168 168 168 168 168 168 168 168 169 169 169 167 163 154 136 115 100 94 93 95 97 98 99 98 97 96 95 95 95 93 90 83 74 66 64 65 65 64 63 62 62 62 61 61 62 62 63 63 63 63 63 63 62 62 62 63 62 62 62 62 63 63 63 62 62 62 62 63 63 63 63 64 64 65 65 65 66 67 67 67 65 63 62 62 63 63 63 64 66 68 70 72 72 73 73 73 71 67 63 62 62 63 63 63 64 67 73 79 81 82 83 84 83 81 75 69 
169 169 169 168 168 168 168 168 168 168 168 168 167 168 168 168 168 168 168 168 169 169 168 167 164 155 140 122 109 105 105 110 115 118 118 117 116 116 115 115 115 113 109 99 83 70 64 64 65 65 64 63 63 62 62 62 63 63 63 63 63 63 63 63 63 62 63 63 62 62 62 62 62 62 62 62 63 63 63 63 63 64 63 63 62 62 62 62 63 63 64 64 63 63 62 62 62 62 62 62 63 63 64 65 66 66 65 65 64 63 62 62 62 63 63 63 63 64 66 68 69 70 71 71 71 70 68 66 
168 168 169 169 169 168 168 168 168 168 168 167 167 167 168 168 168 168 168 168 168 169 169 168 165 159 147 133 121 115 115 119 125 129 129 128 128 128 128 128 127 126 122 110 90 72 63 62 63 64 65 64 63 63 63 63 64 63 63 63 63 63 63 63 63 63 63 63 63 63 63 63 63 63 63 63 63 63 63 63 63 63 63 63 62 61 61 62 63 63 63 63 63 63 62 62 62 62 62 62 62 62 63 64 65 64 63 62 62 61 62 62 63 63 63 63 62 63 63 63 64 64 65 66 65 65 65 64 
168 168 169 169 169 169 168 168 168 168 168 167 167 167 167 167 167 168 168 168 168 169 168 168 166 162 155 145 134 126 123 125 129 132 133 132 131 131 131 131 131 131 126 113 90 71 62 60 61 63 64 64 63 63 64 64 64 63 63 63 63 63 63 63 63 63 63 63 63 63 63 63 63 64 64 64 64 63 63 63 63 63 63 63 62 61 61 62 63 63 63 63 63 63 63 62 62 62 62 62 62 62 63 64 65 64 63 62 62 61 62 63 63 63 63 62 62 63 62 62 62 63 64 64 64 63 63 64 
167 168 169 169 169 169 168 168 168 168 168 167 167 167 167 166 166 166 166 167 167 168 167 167 165 164 160 153 145 136 131 129 131 132 132 131 131 131 131 131 131 131 126 111 89 69 60 59 60 61 62 63 63 64 64 64 63 63 63 63 63 62 62 62 62 63 63 64 64 64 64 64 64 64 64 64 63 63 63 63 63 62 62 62 62 61 61 62 63 63 63 63 63 63 63 62 62 63 63 62 62 63 64 64 64 64 63 62 62 62 62 63 63 63 62 62 63 63 62 62 62 62 63 63 63 63 63 64 
167 167 168 169 169 168 168 168 168 168 167 167 167 166 166 165 165 165 165 165 165 165 165 165 164 163 161 156 150 142 135 132 131 131 131 131 131 130 130 130 131 130 125 110 87 68 59 58 59 60 61 62 63 63 63 63 62 62 62 62 62 62 61 61 61 62 63 64 65 65 64 64 64 64 63 63 62 62 62 63 63 62 62 61 62 62 62 62 63 63 63 63 63 63 63 62 63 63 63 63 63 63 64 64 64 64 63 62 62 62 63 63 63 62 62 62 63 63 63 62 62 62 62 63 63 63 63 64 
167 167 168 168 168 168 168 168 168 168 167 167 167 166 166 165 164 164 164 164 164 164 163 163 162 161 159 155 149 142 135 131 129 129 128 128 129 129 129 129 129 129 123 108 86 68 60 58 59 60 61 61 62 62 62 62 62 61 61 61 61 61 60 60 61 61 63 64 64 64 64 63 63 63 62 62 62 62 62 63 63 62 61 61 61 61 62 62 63 63 63 63 63 62 62 62 63 63 63 63 63 63 64 64 63 63 63 62 62 62 63 63 63 62 62 62 63 63 63 64 63 63 62 63 63 63 63 63 
168 168 168 168 168 168 168 168 168 168 167 167 167 167 166 166 165 165 164 164 163 163 162 161 160 158 155 149 142 134 127 123 122 121 121 122 123 124 124 124 124 123 118 104 84 67 60 59 60 60 61 61 61 61 61 61 61 61 61 61 61 60 60 60 60 61 62 63 63 63 63 63 62 62 62 61 62 62 62 62 62 62 61 60 61 61 62 62 63 63 63 63 62 62 62 62 62 62 62 62 63 63 64 64 63 63 63 62 62 62 62 63 63 62 62 62 62 63 64 65 65 64 63 63 63 63 62 63 
168 168 168 168 168 168 168 168 168 167 167 167 167 167 167 167 167 166 165 165 164 163 162 161 158 154 147 138 128 118 111 108 107 106 107 108 109 111 111 112 112 111 107 96 80 66 61 60 61 61 61 61 60 60 60 61 61 61 61 61 61 60 60 60 60 61 62 62 62 62 62 62 62 61 61 61 62 62 62 62 61 61 61 61 61 61 62 62 62 62 63 63 63 62 62 62 62 62 62 62 63 64 64 64 64 63 62 62 62 62 62 62 62 62 62 62 62 63 65 65 65 64 64 64 64 63 62 63 
168 168 168 168 168 168 168 168 167 167 167 167 167 168 168 168 168 167 166 166 165 164 163 160 156 147 135 121 108 97 90 88 87 87 87 89 90 92 93 93 93 93 91 84 73 64 61 61 62 62 62 61 60 60 60 61 61 61 61 61 61 61 61 61 61 61 61 62 62 62 61 61 61 61 61 61 62 62 61 61 61 61 61 62 62 62 61 61 61 62 62 63 63 62 62 61 61 61 62 62 63 64 64 64 64 63 62 62 62 61 62 62 62 61 61 61 62 63 64 65 65 64 64 64 64 63 63 63 
168 168 169 169 168 168 168 168 167 167 167 167 167 167 168 168 167 167 167 166 166 165 163 159 152 138 119 101 88 79 74 72 72 72 72 72 73 75 75 75 75 75 75 72 66 62 61 62 63 63 62 61 60 60 60 61 62 62 62 62 62 62 62 62 62 62 61 61 61 61 61 61 61 61 61 62 62 62 61 61 61 61 62 62 62 61 61 61 61 61 62 63 63 62 62 61 61 61 62 62 63 64 64 64 63 62 62 61 61 61 61 61 61 61 61 61 62 62 63 64 64 63 63 64 63 63 62 62 
168 168 169 169 169 168 168 168 168 168 167 167 167 167 167 166 166 166 166 166 166 165 163 158 149 130 106 86 74 68 65 65 65 65 64 64 64 65 65 65 64 65 65 64 63 62 62 62 63 63 62 62 61 61 61 61 62 62 62 62 62 63 63 63 62 62 61 61 60 60 60 61 61 61 62 62 61 61 61 61 61 62 62 62 62 61 60 60 61 61 61 62 62 62 62 61 61 61 62 62 63 63 63 63 63 62 61 61 61 61 61 61 61 61 61 62 62 62 63 63 63 63 63 63 63 62 62 62 
168 168 168 169 168 168 168 168 168 167 167 167 167 166 166 165 165 165 165 165 165 165 162 158 147 126 99 78 67 64 63 63 63 63 63 63 62 63 62 62 61 61 61 61 62 62 62 62 62 62 62 62 61 61 61 61 62 62 62 62 62 62 62 62 62 61 61 61 60 60 60 61 61 62 62 62 61 61 61 61 62 62 62 62 61 61 60 61 61 61 61 61 61 62 62 62 62 62 62 62 62 62 62 62 62 62 62 62 62 62 61 61 61 61 61 62 62 62 62 62 63 62 62 62 62 62 61 61 
168 168 168 168 168 167 167 167 167 167 167 167 166 165 165 164 164 164 164 165 165 164 162 158 147 125 97 76 66 63 63 63 64 64 64 64 63 63 62 61 61 61 61 61 62 62 62 62 61 61 61 61 61 61 61 61 61 61 61 61 61 61 61 61 61 61 60 60 61 61 61 61 61 62 62 61 61 61 61 62 62 62 62 61 61 61 61 61 61 61 60 60 61 61 62 62 62 62 62 61 61 61 61 62 62 62 62 62 62 62 62 61 61 61 62 62 62 62 62 62 63 63 62 62 62 61 61 61 
168 167 167 167 167 167 167 167 167 167 166 166 166 165 164 164 163 163 164 164 164 164 162 158 147 126 99 78 67 64 63 64 64 65 65 65 64 63 62 62 62 61 61 61 62 62 62 61 61 61 61 61 61 61 60 60 60 60 60 61 61 61 61 60 60 60 60 60 61 61 61 61 62 62 62 61 61 61 61 62 62 62 62 61 61 61 61 61 61 61 60 60 60 61 62 61 61 61 62 62 61 61 61 61 61 61 62 62 62 62 62 62 62 62 63 63 63 62 62 62 63 63 63 62 62 62 62 62 
168 168 168 168 168 168 167 167 167 167 166 166 165 165 164 164 164 163 163 163 163 163 161 157 147 127 103 84 73 68 67 67 67 67 67 67 66 65 65 64 64 63 63 63 62 62 62 62 61 61 62 62 61 61 61 61 61 61 61 61 61 61 61 60 60 60 60 60 61 61 62 62 63 63 62 61 61 61 61 62 62 62 61 61 60 61 61 62 62 61 61 60 61 62 62 61 60 61 61 62 61 61 61 61 61 61 62 62 62 62 62 62 62 63 63 64 63 62 62 62 63 63 63 62 62 62 62 62 
168 168 168 168 168 168 168 167 167 167 166 165 165 165 165 165 164 164 163 163 162 162 160 156 146 129 109 93 82 77 76 76 75 74 74 74 74 74 74 73 72 71 68 65 63 62 62 62 62 62 62 62 61 61 61 61 61 61 61 61 62 62 61 61 60 60 60 61 61 62 62 63 64 63 63 61 61 61 61 62 63 62 61 60 60 60 61 61 62 62 61 61 62 63 63 61 60 60 61 61 61 61 61 61 61 61 62 62 62 62 62 62 63 63 64 64 64 63 62 62 62 63 63 62 62 62 63 63 
168 168 168 168 168 168 167 167 166 166 165 165 164 165 165 165 165 164 163 163 162 161 159 154 144 129 113 101 93 90 91 91 91 90 89 90 90 91 91 90 89 86 80 71 65 62 62 62 62 62 61 61 61 61 61 61 61 61 61 61 62 61 61 61 61 61 61 61 62 62 62 63 64 63 62 61 61 61 61 62 62 62 61 60 60 60 61 61 62 62 62 62 62 63 63 62 60 60 61 61 61 61 61 61 61 61 62 62 62 62 62 63 63 64 64 64 64 63 62 61 62 63 63 62 62 63 63 63 
168 168 167 167 167 167 167 166 165 165 164 164 164 164 165 165 165 164 163 162 161 160 158 153 144 131 117 107 102 103 106 108 109 108 107 107 108 109 109 109 108 103 93 79 67 62 61 61 61 61 61 61 61 61 61 61 61 61 61 61 61 61 61 61 61 62 62 62 62 62 62 63 63 63 62 61 61 61 61 62 62 62 61 61 60 60 60 61 61 62 62 62 63 63 63 62 60 60 61 61 61 61 61 61 61 61 62 62 62 62 63 63 64 64 63 63 63 62 62 61 62 62 63 62 63 62 62 62 
167 167 167 166 166 166 165 165 164 164 163 163 163 164 164 164 164 164 163 162 161 160 157 153 146 135 123 114 110 111 115 119 120 120 119 119 120 120 120 121 120 115 102 84 68 61 60 61 61 62 61 61 60 60 60 60 60 61 61 61 61 61 61 61 62 62 63 63 62 61 61 62 62 62 61 61 61 61 61 62 62 62 61 61 61 61 61 61 61 61 62 62 62 63 62 61 60 60 61 61 61 60 60 60 61 61 62 62 61 62 63 63 64 64 63 63 62 62 61 61 62 62 63 62 62 62 62 62 
166 166 166 166 165 165 164 164 163 163 163 163 163 164 164 164 163 163 162 162 161 159 157 154 148 140 131 122 117 116 118 122 124 124 124 123 123 123 123 124 123 118 105 85 69 61 59 61 62 63 62 61 60 60 60 60 60 61 61 61 61 61 61 61 62 62 63 63 62 62 61 61 61 61 61 61 61 61 61 62 62 62 61 61 61 61 61 60 60 61 61 61 61 62 61 60 60 60 60 60 60 60 60 60 60 61 62 61 61 61 62 63 64 64 63 62 62 62 61 61 62 62 62 62 62 62 61 62 
166 166 166 165 165 164 163 163 162 163 163 163 163 164 164 164 163 163 162 162 161 159 157 154 150 144 137 129 123 120 120 122 124 125 124 124 123 122 122 122 122 117 104 85 68 61 60 61 62 63 62 61 60 60 60 59 60 60 61 62 62 62 62 62 62 62 62 62 62 62 61 61 61 61 61 60 60 61 61 62 62 61 61 61 61 61 61 60 60 60 60 60 61 61 61 60 60 60 60 60 60 60 60 60 60 61 62 61 61 61 62 63 63 64 63 63 62 62 62 62 62 62 63 63 62 62 62 62 
166 166 166 166 165 164 163 162 162 163 163 164 164 164 164 164 164 163 162 162 161 159 157 154 151 146 139 132 126 123 121 122 123 123 124 123 123 122 121 121 121 116 103 84 68 61 60 61 62 62 61 60 60 60 60 60 60 60 61 62 62 62 62 62 62 62 62 62 62 62 61 61 61 60 60 60 60 61 61 61 61 61 61 60 61 61 61 60 60 60 60 60 60 61 61 61 60 60 60 60 60 60 61 61 61 62 62 62 61 62 63 64 65 65 65 65 64 63 63 63 63 64 64 64 64 63 62 63 
165 166 166 166 165 164 163 163 163 163 164 164 165 165 165 165 165 164 163 162 161 159 156 154 150 145 139 133 127 123 120 120 120 121 121 122 121 121 120 120 119 114 101 82 67 61 61 61 61 61 60 60 60 60 60 60 60 60 61 61 62 62 62 62 62 62 62 62 61 61 61 61 61 60 60 60 61 61 61 62 62 61 61 61 61 61 61 60 60 60 60 60 61 61 61 61 61 61 61 61 61 61 62 62 62 62 62 62 62 64 67 70 72 72 72 71 70 69 68 68 68 68 68 68 68 66 66 66 
164 165 165 165 165 164 164 163 163 164 165 165 166 166 166 166 166 165 164 163 161 158 155 152 149 143 137 129 122 117 114 114 114 114 115 116 116 116 115 115 115 110 98 81 67 61 61 61 61 60 60 60 60 60 60 60 60 60 60 61 61 61 61 61 61 61 61 61 61 61 61 60 60 60 60 61 61 62 62 62 62 62 61 61 61 61 60 60 60 60 60 60 61 61 61 61 61 61 61 61 61 62 62 63 63 63 63 63 64 67 74 82 86 87 85 83 82 81 80 79 79 79 79 79 77 76 75 74 
163 164 164 164 165 165 165 165 165 165 165 166 166 166 166 166 166 166 165 163 161 157 154 150 145 138 130 120 111 105 102 101 101 101 101 103 104 104 104 104 105 102 92 77 66 62 62 61 61 60 59 59 60 61 61 61 60 60 60 60 61 61 61 61 61 61 61 60 60 60 60 60 60 60 60 61 62 62 62 62 62 62 62 61 61 60 60 60 60 60 60 61 62 62 61 61 60 60 61 61 61 62 62 63 63 63 63 63 64 70 81 94 102 104 102 100 98 97 96 95 95 95 95 94 92 91 90 89 
163 164 164 164 164 165 165 166 166 166 166 166 166 166 166 166 165 164 164 162 160 157 153 147 139 128 116 104 94 87 85 84 84 84 84 86 87 87 88 88 89 88 82 72 64 62 62 62 61 60 59 59 60 60 61 61 60 60 60 60 60 60 60 60 61 61 60 60 60 60 60 60 60 60 60 61 61 62 61 61 62 62 62 61 61 60 60 60 60 60 61 61 62 62 61 61 60 60 61 61 61 62 63 63 63 63 62 63 64 69 82 98 111 116 116 113 112 111 110 110 109 109 109 108 107 106 105 105 
164 165 165 164 164 165 165 166 166 166 166 166 166 166 165 165 164 163 162 161 159 156 151 143 131 115 99 86 77 72 70 70 71 71 71 71 72 73 73 74 75 75 71 66 62 62 62 62 61 60 60 60 60 60 61 61 61 60 59 60 60 60 60 60 60 60 60 60 59 59 59 60 60 60 61 61 61 61 61 61 61 61 61 61 60 60 60 60 60 61 61 61 62 62 61 61 60 60 61 61 61 62 62 63 63 62 62 62 63 66 77 93 108 119 122 121 119 118 118 118 117 117 116 116 116 116 115 115 
165 165 165 164 164 164 165 166 166 166 166 166 165 165 164 163 162 162 161 160 158 155 150 141 124 102 84 72 66 63 63 63 63 64 64 64 64 65 65 65 66 66 65 63 62 62 62 62 61 60 60 60 60 60 60 61 61 60 59 60 60 60 60 60 60 60 60 59 59 59 59 60 60 60 61 61 61 61 60 60 60 61 61 60 60 60 60 60 61 61 61 61 61 62 61 61 61 61 61 61 61 62 62 62 62 62 62 61 62 64 70 83 99 113 121 123 123 122 121 121 120 119 119 119 120 120 120 120 
165 165 165 164 164 164 164 165 164 164 164 164 164 164 163 163 162 161 161 159 157 154 149 138 119 94 75 65 62 61 61 61 61 62 62 62 62 62 62 62 62 62 62 62 61 61 61 61 61 60 60 60 59 60 60 61 60 60 59 60 60 61 61 61 61 60 60 59 59 59 59 59 60 61 61 61 61 61 60 60 60 60 60 60 60 60 60 60 61 61 61 61 61 62 62 61 61 61 60 61 61 62 62 61 61 61 61 61 61 62 66 74 87 103 115 122 124 124 123 122 121 121 120 121 121 121 121 121 
165 164 164 163 163 163 164 164 163 163 163 162 162 162 162 162 162 162 161 160 157 154 149 137 117 91 72 63 61 61 62 62 62 62 62 62 62 63 62 62 61 61 62 62 62 61 61 61 60 60 60 59 60 60 60 60 60 60 59 60 60 61 61 61 61 61 60 59 59 59 59 59 60 61 61 61 61 61 61 61 61 61 61 61 61 61 61 61 61 61 61 61 61 62 62 61 61 61 60 61 61 62 62 61 61 61 61 61 61 62 64 68 76 90 105 117 123 125 124 123 122 122 121 122 122 122 122 122 
164 163 163 162 162 163 163 163 163 163 163 162 162 162 162 162 163 162 162 160 158 155 149 138 118 94 75 66 63 62 63 63 62 62 62 62 63 63 63 62 61 61 62 62 62 61 61 61 60 60 60 60 60 60 60 60 59 59 59 60 60 61 61 62 62 61 61 60 59 59 59 60 60 61 61 61 61 61 61 61 61 61 61 61 61 61 61 61 61 61 61 61 61 61 61 61 61 61 61 61 61 62 62 62 61 61 61 60 61 62 63 64 68 78 92 107 119 124 125 124 123 122 122 122 122 122 122 122 
164 163 163 162 162 162 163 163 164 164 163 162 162 162 162 163 163 163 162 161 159 156 150 140 123 102 83 72 67 65 65 65 64 63 63 63 64 65 64 63 62 62 62 61 61 61 61 61 60 60 60 60 60 60 60 59 59 59 60 60 60 61 61 62 62 62 61 60 60 60 60 60 60 61 61 62 62 61 61 61 60 61 61 61 61 61 61 61 61 61 61 61 61 61 61 61 61 61 61 61 61 61 61 62 62 62 61 60 60 61 62 62 64 69 80 95 110 121 125 125 124 123 123 123 123 122 122 122 
164 163 163 163 162 162 163 163 163 164 164 163 163 162 162 163 163 163 162 161 159 156 151 141 127 111 95 83 77 75 74 73 72 71 70 70 70 70 69 68 67 65 63 61 61 61 61 61 60 60 61 60 60 59 59 59 59 60 60 60 60 60 61 61 61 61 61 60 60 60 61 61 61 61 62 62 62 62 61 60 60 60 60 61 61 61 61 61 61 61 61 61 60 61 61 61 61 61 61 61 61 61 61 61 61 62 62 61 61 60 61 62 63 65 71 83 99 114 122 125 125 123 123 123 123 122 122 122 
164 164 164 164 163 163 163 163 163 163 163 163 163 163 162 162 162 162 162 160 158 155 150 141 130 116 104 96 93 92 92 90 89 88 86 85 85 85 83 82 79 75 68 62 60 60 60 60 60 60 60 60 60 59 59 59 60 60 60 59 59 60 60 60 60 60 60 60 60 61 61 61 61 61 62 62 63 62 61 60 60 60 60 61 61 61 61 61 61 61 61 61 60 61 61 61 61 62 61 61 60 60 60 60 61 62 62 62 61 61 61 62 63 63 66 73 86 102 116 124 126 124 123 122 123 123 122 122 
164 164 164 165 164 164 163 163 163 163 163 163 163 162 162 162 162 162 161 159 157 154 149 141 131 120 111 107 107 109 109 109 108 107 106 105 105 105 104 102 98 89 76 64 60 59 59 59 60 60 60 60 60 59 59 60 60 60 60 59 59 60 60 60 60 60 60 60 61 61 62 62 61 61 61 62 62 61 60 60 60 60 61 61 61 61 61 61 61 61 61 61 61 61 61 61 61 61 61 60 60 60 60 60 61 61 62 62 62 61 62 62 63 63 63 67 75 89 106 120 125 125 123 122 123 123 123 123 
164 164 165 165 165 165 164 163 163 162 162 162 162 162 162 162 162 161 160 158 156 153 149 142 133 124 117 113 114 117 119 119 119 120 120 120 120 120 119 118 113 100 81 66 59 58 59 59 60 60 60 60 59 60 60 60 60 60 59 59 59 60 60 60 60 60 60 60 61 61 62 62 61 61 61 61 61 61 60 60 60 61 61 61 61 61 61 61 61 61 61 61 61 61 61 61 61 61 61 61 60 60 60 60 61 61 61 62 62 62 62 62 62 62 62 63 68 78 94 111 122 125 125 124 124 124 124 123 
165 165 165 166 166 165 165 164 163 163 162 162 162 162 162 162 162 161 159 157 155 153 150 144 137 129 122 117 116 118 120 122 123 123 124 125 126 126 125 124 118 104 84 66 59 58 59 59 59 59 59 59 60 60 60 60 60 60 59 59 59 60 60 60 60 60 60 60 60 61 62 62 61 61 60 61 60 60 60 60 60 61 61 61 61 61 61 61 61 61 61 62 62 62 61 61 61 61 61 61 61 61 61 61 61 61 61 61 61 62 62 62 62 62 61 62 64 70 82 99 115 124 126 126 125 125 124 123 
166 166 166 166 166 166 166 165 164 163 163 162 162 162 162 162 162 161 159 157 155 153 150 145 140 133 126 121 117 117 119 122 123 124 125 126 126 126 126 124 119 104 83 66 59 58 60 60 59 59 59 59 60 60 60 60 59 59 59 59 60 60 60 60 60 60 60 60 60 61 61 62 61 61 60 60 60 60 60 60 60 61 61 60 60 60 60 60 60 60 61 62 62 62 61 61 60 60 60 61 61 62 62 62 62 61 61 61 61 61 62 62 62 61 60 60 62 65 73 87 104 118 125 127 126 125 124 124 
167 166 165 165 166 166 166 166 165 164 163 163 163 162 162 162 162 161 160 158 155 153 150 146 141 136 130 124 119 118 120 122 124 125 126 126 126 126 125 124 118 103 82 66 59 59 60 60 59 59 59 60 60 60 60 59 59 59 59 60 60 60 60 60 60 60 59 59 60 60 61 61 61 60 60 60 60 60 60 60 60 60 60 60 60 60 59 59 60 60 61 61 62 61 61 61 60 60 60 60 61 62 62 62 61 61 60 61 61 61 61 62 62 61 60 60 61 63 67 77 92 108 120 125 126 125 124 124 
167 166 165 165 165 166 166 166 165 165 164 163 163 162 162 162 162 162 160 158 156 153 150 146 142 137 131 126 121 119 119 122 124 125 126 126 126 125 125 123 117 102 81 65 59 59 60 60 60 59 59 60 60 60 60 59 59 59 59 59 60 60 60 60 59 59 59 59 59 59 60 60 60 60 60 59 59 60 60 60 61 61 61 60 60 60 59 59 60 60 60 61 61 61 61 61 60 60 60 60 61 61 62 62 61 61 60 61 61 61 61 61 61 61 61 61 61 62 64 69 80 95 110 121 125 125 124 124 
166 165 164 164 164 165 165 165 165 164 164 163 163 162 162 162 162 162 160 158 156 153 149 146 141 135 129 123 118 115 115 117 119 121 121 122 122 121 121 120 114 99 80 65 59 59 60 60 60 59 59 60 60 60 60 60 59 59 59 59 59 59 59 59 59 59 59 59 59 59 59 60 60 60 60 59 59 60 60 61 61 61 61 61 60 60 60 60 60 60 60 60 60 60 60 61 61 61 61 61 61 62 62 62 62 61 61 61 61 62 62 62 61 61 61 61 61 61 62 64 71 82 98 113 122 125 125 125 
165 164 163 163 163 163 163 163 163 163 163 163 162 162 162 162 162 161 160 158 155 152 148 142 136 128 120 112 107 103 103 105 107 108 109 110 111 111 111 110 105 92 76 63 58 59 60 60 60 60 59 60 60 60 60 60 60 59 59 59 59 59 59 59 59 59 60 60 60 59 60 60 60 61 60 60 60 60 60 61 61 61 61 61 61 60 60 60 60 60 60 60 60 60 60 61 61 61 61 62 62 62 62 62 62 61 61 61 61 62 62 62 61 61 60 61 61 61 61 62 65 73 85 102 116 124 126 125 
164 163 163 163 163 163 162 162 162 162 162 162 162 162 162 162 162 161 160 157 155 151 145 136 126 114 103 94 88 86 86 88 90 90 91 92 94 94 95 95 91 82 69 61 58 58 59 59 60 60 60 60 60 60 60 60 60 59 59 59 59 59 59 59 59 60 60 60 60 60 60 60 61 61 61 60 60 60 60 60 61 61 61 61 61 60 60 60 61 61 60 60 59 59 60 60 61 61 61 62 62 62 61 61 62 62 61 61 61 61 62 62 61 60 60 61 61 61 61 61 63 66 74 89 106 120 126 126 
163 163 163 163 163 162 162 162 162 162 162 162 162 162 162 162 161 160 159 157 154 150 142 129 112 96 84 76 71 70 70 72 73 73 74 75 76 77 77 78 76 71 64 59 57 58 58 59 59 60 60 60 60 60 60 60 60 59 59 59 59 59 59 59 59 60 60 60 60 60 60 60 61 61 61 61 60 60 60 60 60 60 61 61 61 60 60 60 61 61 60 60 59 59 59 60 60 61 61 61 61 61 61 61 61 61 61 61 61 61 61 61 61 61 61 61 62 61 60 61 62 63 67 78 94 111 122 126 
163 163 163 163 163 163 162 162 162 162 162 162 162 162 162 162 161 160 159 158 155 150 141 122 100 81 70 64 62 61 61 62 63 63 64 64 65 65 65 66 66 63 60 58 58 58 58 59 59 59 60 60 60 60 60 60 59 59 59 59 59 59 59 59 59 59 60 60 60 60 60 60 60 61 61 61 61 60 60 60 60 60 61 61 61 61 60 60 61 61 61 60 59 59 59 59 60 60 61 61 61 60 60 60 61 61 61 61 61 60 60 61 61 61 62 62 62 61 60 61 61 61 63 70 83 100 115 124 
163 163 163 163 163 163 163 162 162 162 162 162 162 162 162 162 161 161 160 159 156 151 139 118 92 73 63 60 59 59 59 60 60 61 61 61 61 60 61 61 61 60 59 59 59 59 59 59 59 59 60 60 60 60 60 60 59 59 59 59 59 59 59 59 59 59 60 60 60 60 60 60 60 60 60 60 60 60 60 60 60 60 61 61 61 61 60 60 60 61 61 60 60 60 59 59 59 60 60 60 60 60 60 60 60 60 61 61 61 60 60 60 61 62 62 62 62 61 61 61 61 61 62 65 73 87 104 118 
162 162 163 163 163 163 163 163 163 162 162 162 162 162 162 162 162 161 161 159 157 151 139 117 90 71 62 59 59 59 60 60 61 61 61 60 60 60 60 61 60 60 59 59 59 59 59 60 60 60 60 60 60 60 60 60 59 59 59 59 59 59 59 59 60 60 60 60 60 60 61 61 61 61 61 60 60 60 60 60 60 61 61 62 62 61 60 60 61 61 61 61 60 60 60 60 60 60 60 60 60 60 60 60 59 60 60 61 60 60 60 61 61 62 62 62 61 61 61 61 61 61 62 63 67 77 92 108 
162 162 162 163 163 163 163 163 163 162 162 161 162 162 162 162 162 162 161 159 156 151 139 118 92 73 64 61 60 60 60 60 61 61 61 61 61 61 61 61 61 60 60 60 60 60 60 60 60 60 60 60 60 60 60 59 59 59 59 58 59 59 59 60 60 60 60 60 60 60 61 62 62 62 61 60 60 60 60 60 61 61 61 61 61 61 61 61 61 61 61 60 60 60 60 60 60 60 60 60 60 60 60 60 59 59 60 60 60 60 60 61 61 61 61 61 61 61 61 61 61 61 62 62 64 69 80 95 
161 162 162 162 162 162 162 162 162 162 161 161 161 162 162 162 162 161 160 158 155 150 139 120 97 79 69 64 62 61 61 61 61 61 61 62 62 62 62 61 61 60 60 60 60 60 60 60 60 60 60 60 60 60 60 59 59 59 59 59 59 59 60 60 60 60 60 60 60 60 61 62 62 62 61 61 60 60 60 60 60 61 61 61 61 61 61 61 61 61 61 60 60 60 60 60 61 61 60 60 60 60 60 60 60 60 60 61 60 60 60 60 61 61 61 61 61 61 61 61 61 62 62 61 62 65 71 83 
162 162 163 162 162 162 162 162 162 161 161 161 161 162 162 162 161 161 159 156 153 148 139 123 104 88 78 72 69 68 67 67 67 67 67 67 67 66 66 65 63 61 60 60 60 60 60 59 59 59 60 60 60 60 60 59 59 59 60 60 60 60 60 61 61 61 60 60 60 60 61 61 61 62 62 61 60 60 59 59 60 60 60 60 60 60 60 61 61 61 60 60 60 60 60 60 61 61 61 60 60 60 60 60 60 61 61 61 60 60 60 60 60 60 61 61 61 61 61 61 61 62 62 62 62 63 66 73 
163 163 163 163 162 162 162 162 162 161 161 161 161 162 162 161 161 160 157 154 151 147 139 126 111 98 90 86 84 84 83 82 82 82 81 81 80 79 78 76 72 65 61 60 60 60 59 59 59 59 59 60 60 60 60 59 59 59 60 60 60 60 61 61 61 61 60 60 60 60 60 60 60 61 62 62 61 60 59 59 59 59 59 59 59 60 60 61 61 60 60 60 60 60 60 60 61 61 61 61 60 60 60 60 61 61 61 61 60 60 60 60 60 60 60 61 61 61 61 61 61 61 62 62 62 62 63 67 
165 165 164 164 162 162 162 162 162 161 161 161 161 161 161 161 160 159 157 154 151 147 139 128 116 107 101 100 101 103 102 102 102 102 102 101 100 100 98 94 85 73 63 59 59 59 59 59 58 58 59 59 60 60 59 59 59 59 60 60 60 60 61 61 61 61 60 60 60 59 59 59 60 61 62 62 62 60 59 59 59 59 59 59 59 60 61 61 61 60 60 60 60 60 60 60 61 61 61 61 61 60 60 60 61 61 61 61 60 60 60 60 60 60 60 61 61 61 61 61 61 61 61 62 62 62 62 64 
166 166 165 164 163 162 162 162 162 162 162 162 161 161 161 160 160 159 157 155 152 148 141 131 121 114 110 110 113 116 117 117 117 117 117 116 116 116 115 109 97 80 65 59 58 59 59 59 58 58 58 59 60 60 59 59 59 59 59 59 60 60 60 60 61 60 60 59 59 59 59 59 59 60 61 62 62 61 60 59 59 59 60 60 60 61 62 62 61 60 60 60 60 60 60 60 60 61 62 62 61 60 60 60 61 61 61 60 60 60 60 60 60 60 60 60 61 61 61 61 61 61 61 62 62 62 62 63 
167 166 165 164 163 162 162 162 162 162 162 161 161 161 160 160 160 160 158 156 153 149 143 135 127 120 115 115 117 120 122 123 123 123 123 122 122 122 121 116 102 82 66 59 58 58 59 58 58 58 58 59 60 60 59 59 59 59 59 59 59 59 60 60 60 60 59 59 59 59 59 59 59 60 60 61 61 60 60 59 59 60 60 61 61 62 62 61 60 60 60 60 60 59 59 60 60 61 61 61 61 60 60 61 61 61 61 60 60 60 60 60 60 60 60 60 61 61 61 61 61 60 61 62 62 62 62 62 
166 166 165 163 163 162 163 163 162 162 162 161 161 160 160 161 161 161 159 157 154 150 145 138 131 125 120 118 119 122 123 124 124 124 124 123 123 122 122 117 103 82 66 58 58 58 58 58 58 58 59 59 60 60 59 59 59 59 60 60 59 59 59 60 60 60 59 59 59 59 59 59 59 59 60 60 60 60 59 59 59 60 61 61 62 62 62 61 60 60 60 60 60 60 60 60 60 61 61 61 60 59 60 61 61 61 61 61 60 60 60 60 60 60 60 60 61 61 61 61 61 61 61 61 61 61 61 61 
166 165 164 163 163 163 163 163 163 162 161 161 160 160 161 161 161 161 160 158 155 150 146 140 135 129 124 121 121 123 124 124 124 124 124 124 123 123 122 116 102 81 65 58 58 58 59 59 59 59 59 59 60 60 59 59 59 59 60 60 59 59 59 59 60 59 59 59 59 59 59 59 59 59 60 60 60 60 59 59 60 60 61 61 61 61 61 60 59 59 60 60 60 60 60 61 61 61 61 60 60 59 60 61 61 61 61 61 61 60 60 60 60 60 60 60 61 61 61 61 61 61 61 61 61 61 61 61 
165 164 163 163 163 163 163 163 163 162 162 161 161 161 161 162 162 161 161 158 155 151 146 141 136 131 126 123 123 123 124 124 123 123 123 123 123 122 121 116 101 80 64 58 58 58 59 59 59 59 59 59 60 60 59 59 59 59 60 60 59 59 59 60 60 59 59 59 59 59 59 59 59 60 60 60 59 59 59 60 61 61 61 61 60 60 60 59 59 59 59 60 60 61 61 61 61 61 61 60 60 59 60 60 61 61 61 61 61 61 61 61 61 60 60 60 61 61 61 61 61 62 61 61 60 60 60 61 
164 163 162 162 162 163 163 163 163 162 162 162 162 162 162 162 162 161 160 158 155 151 146 140 135 129 124 120 119 119 119 119 119 119 119 119 120 120 119 113 99 79 64 58 58 58 59 59 59 59 59 59 60 59 59 59 59 59 59 59 59 59 60 60 60 60 59 59 59 59 59 59 59 60 60 60 59 59 60 61 62 62 61 61 60 59 59 59 59 59 60 60 60 61 61 60 60 61 61 61 60 60 59 60 60 61 62 62 62 62 61 61 61 60 60 60 60 60 61 60 61 61 61 60 60 60 60 61 
162 162 161 161 162 162 162 162 162 162 162 162 162 162 162 162 162 161 160 158 155 150 144 137 129 120 113 109 108 108 108 109 109 109 109 109 110 111 110 106 93 76 63 58 58 58 58 59 59 59 59 60 60 60 59 59 59 59 59 59 59 59 60 60 60 60 59 59 59 59 59 59 59 60 60 60 60 61 62 63 63 63 62 61 60 59 59 60 60 60 60 60 60 60 60 60 60 61 61 61 61 61 60 60 60 61 62 62 62 62 62 61 61 61 60 60 60 60 60 60 60 60 60 60 59 59 60 60 
162 161 160 160 161 161 162 162 162 162 162 162 162 162 163 162 162 161 160 157 154 149 140 129 116 105 96 91 89 90 91 92 93 93 93 93 94 95 95 92 83 70 61 57 58 58 58 58 58 58 59 59 60 60 59 59 59 59 59 59 59 59 60 60 60 60 59 58 59 59 59 59 60 60 61 62 64 67 69 69 68 66 63 61 60 60 61 63 63 63 61 60 60 60 61 62 62 62 61 61 62 62 61 61 61 62 63 63 62 62 62 61 61 61 61 60 60 60 60 60 60 60 60 59 59 59 59 60 
162 161 161 161 161 162 162 162 162 162 162 162 162 162 163 162 162 161 159 157 152 145 133 116 99 86 77 73 72 72 73 74 75 76 76 76 76 77 78 77 72 64 59 58 58 59 58 58 58 58 59 59 59 59 59 59 59 58 58 58 59 59 59 60 60 59 58 58 59 59 60 60 61 62 64 69 75 80 83 82 78 73 68 64 62 63 66 69 71 68 63 61 60 61 63 66 68 67 64 63 65 66 67 67 67 68 69 68 67 66 64 63 62 61 61 61 61 61 62 62 62 61 61 60 60 59 59 60 
162 161 161 162 162 162 163 163 162 162 162 162 162 162 163 162 161 160 159 156 152 142 125 103 84 71 64 62 61 62 63 63 64 64 64 64 64 64 65 65 63 60 58 59 59 59 59 59 58 59 59 59 59 59 59 58 58 58 58 58 58 59 59 59 59 59 58 58 59 60 60 60 62 65 72 80 89 96 99 98 93 86 77 69 65 67 74 82 84 78 69 63 61 62 67 74 78 76 70 67 70 75 78 79 80 81 81 80 78 75 72 67 64 62 61 62 63 65 67 68 67 66 64 62 61 60 60 60 
162 161 161 162 162 163 163 163 163 162 162 162 162 162 163 162 161 160 159 157 151 140 120 95 74 63 59 58 59 60 60 60 61 61 61 60 60 59 59 59 59 59 59 60 60 60 59 59 59 59 59 59 59 59 58 58 58 58 58 57 58 58 59 59 59 58 58 59 59 60 60 61 63 70 81 93 102 107 108 108 105 99 89 77 69 71 82 94 97 90 77 67 63 65 73 84 91 88 78 72 77 86 93 95 96 96 97 96 94 90 84 75 67 63 62 65 70 75 79 80 79 76 71 67 63 61 60 60 
161 161 161 161 162 162 162 162 162 162 162 161 162 162 162 162 161 160 159 156 151 139 117 91 71 61 58 58 59 60 61 61 61 61 61 61 60 59 59 59 58 59 60 60 60 60 59 59 59 59 59 59 59 59 58 58 58 58 58 57 57 58 59 59 58 58 58 59 60 60 60 61 65 76 91 103 108 107 106 107 108 107 99 86 74 73 84 99 106 99 85 71 65 68 80 94 101 95 82 75 80 92 101 104 104 104 106 107 107 104 95 82 70 65 65 72 81 90 95 96 95 91 83 74 67 63 61 61 
160 160 160 160 161 161 161 162 162 161 161 161 161 161 162 161 160 159 158 155 150 137 116 91 71 62 59 59 59 60 60 61 61 61 61 61 60 60 59 59 59 59 60 60 60 60 59 58 58 58 58 59 59 59 59 59 59 59 58 58 58 58 59 59 58 58 58 59 60 60 60 62 69 82 98 108 107 100 94 96 103 108 105 94 80 74 81 96 108 106 92 76 67 71 86 101 105 95 81 73 77 87 95 98 98 100 104 110 113 110 99 84 71 66 70 81 94 104 107 107 106 103 96 85 73 65 62 61 
160 160 160 160 160 160 161 161 161 160 160 160 160 161 161 160 159 158 156 153 148 136 117 94 75 65 61 60 60 59 59 60 61 61 60 60 60 59 59 59 59 59 59 60 60 59 58 58 58 58 58 58 59 59 58 58 59 59 58 58 58 59 59 59 58 58 59 59 60 60 60 63 73 89 104 109 101 89 81 83 94 106 109 101 85 74 76 90 105 108 97 80 71 76 92 106 106 92 77 69 71 77 82 84 84 88 97 107 112 108 95 80 69 67 77 92 105 110 108 105 105 108 106 96 81 69 63 61 
161 161 161 161 160 160 160 160 160 160 160 160 160 160 160 159 158 156 155 152 147 137 120 100 83 73 69 67 66 65 64 63 64 64 63 62 62 62 61 61 59 58 59 59 59 58 58 58 58 58 58 58 58 59 58 59 59 59 59 58 58 59 60 59 59 58 59 60 60 60 61 66 78 95 108 107 94 80 71 72 85 101 110 105 89 75 73 85 101 108 100 84 77 83 98 109 104 88 73 66 65 68 70 71 73 80 93 105 109 102 87 73 66 69 83 100 110 108 100 94 96 103 109 105 90 74 65 62 
162 162 162 162 161 161 161 160 160 160 160 161 161 160 159 158 157 155 153 151 146 138 124 108 95 86 83 82 81 80 78 76 76 76 75 74 74 73 72 68 63 59 58 58 58 58 58 58 58 58 58 58 59 59 59 59 59 59 59 58 59 60 60 59 59 59 59 60 60 60 62 67 81 99 110 104 88 73 65 67 80 98 110 107 92 76 71 80 96 106 102 90 83 91 104 109 100 83 70 63 62 63 64 65 70 80 95 106 105 93 79 68 64 70 86 104 110 102 89 81 84 96 109 110 97 79 67 63 
163 163 164 163 162 162 161 161 161 161 161 161 161 161 159 158 156 154 153 150 146 138 127 116 106 101 100 100 101 100 98 96 95 94 94 94 93 92 90 82 70 61 57 57 58 58 58 58 58 58 59 58 58 59 59 59 59 59 59 58 59 60 60 59 59 58 59 60 60 60 62 68 84 102 111 102 84 69 63 65 78 96 109 108 94 77 70 76 91 104 105 96 91 98 107 107 94 78 66 62 61 62 63 65 73 87 102 107 99 85 72 64 63 71 88 105 110 99 84 75 79 93 108 112 101 83 69 65 
163 164 164 163 163 162 162 161 161 161 162 162 162 161 159 158 156 154 152 149 145 139 131 122 115 112 112 113 115 115 114 112 110 110 111 111 110 109 106 95 78 63 57 57 58 58 58 58 58 59 58 58 58 59 59 59 59 59 59 58 59 59 60 59 59 58 59 60 61 61 62 69 85 104 111 102 83 69 63 66 78 96 109 108 94 77 68 72 87 102 108 104 100 103 108 101 86 72 64 61 61 61 63 68 80 95 107 105 92 77 67 63 63 71 86 104 110 101 86 78 82 95 110 114 104 86 71 68 
163 163 163 163 162 162 161 161 161 161 161 162 161 161 159 158 157 155 153 149 145 140 134 127 122 118 117 119 120 121 120 118 117 118 119 119 118 118 114 101 82 64 57 57 58 59 59 59 59 59 58 58 58 58 59 59 59 59 59 58 58 59 59 59 59 58 59 60 60 61 61 68 84 103 111 102 85 70 64 68 82 98 110 108 93 77 67 70 83 101 111 111 108 108 106 94 78 67 62 60 60 61 64 72 87 102 107 99 84 71 64 62 63 69 83 100 110 107 97 90 94 104 114 116 106 88 74 74 
163 162 162 162 162 162 161 161 161 161 161 161 160 160 159 159 158 157 153 149 145 140 136 131 126 122 120 120 121 121 121 119 119 119 120 121 120 120 116 102 82 65 57 57 58 59 60 60 59 59 58 58 58 58 59 59 59 59 59 58 58 58 59 59 58 58 58 59 60 60 61 67 82 101 111 105 90 75 68 73 86 102 110 105 90 74 66 68 80 99 113 116 114 111 103 88 72 63 61 60 60 62 67 79 95 106 105 92 77 66 62 62 63 66 77 94 108 112 109 106 107 112 117 116 105 88 78 83 
