10 5 3 3 4 5 5 4 4 5 5 4 4 4 4 4 5 5 7 19 64 88 43 10 6 6 6 5 5 5 5 5 5 5 5 5 5 14 
5 3 3 3 4 5 5 4 4 5 5 4 4 4 4 4 5 5 6 9 22 30 17 7 6 6 6 6 6 5 5 5 5 5 5 5 5 8 
3 3 3 4 8 9 7 5 7 9 9 6 5 5 7 9 9 7 6 7 8 9 7 5 7 8 8 7 6 7 8 8 7 5 5 4 4 4 
3 3 4 14 42 47 24 15 38 50 43 18 9 22 41 51 50 34 15 18 39 44 25 9 22 43 39 18 13 30 45 46 37 19 7 4 2 2 
4 4 5 23 74 85 49 49 83 85 55 19 27 67 86 85 87 82 52 28 58 84 64 30 58 86 65 26 43 77 85 83 82 61 23 5 2 2 
4 4 5 24 78 92 75 84 91 62 21 14 54 89 78 46 55 86 82 36 30 75 86 70 85 82 39 29 75 88 61 48 73 86 50 10 4 4 
4 5 6 25 78 96 94 95 87 43 10 20 69 90 57 13 23 74 88 46 13 44 85 92 88 55 17 37 85 79 30 13 49 88 66 16 5 5 
5 5 6 25 78 96 92 88 91 64 20 24 71 89 54 11 21 72 88 45 9 19 66 92 75 27 10 38 85 78 27 11 47 88 68 18 6 5 
5 6 7 25 78 93 66 55 86 86 44 19 57 89 71 37 45 82 83 36 7 12 55 90 67 19 10 30 76 84 51 35 67 90 59 14 6 6 
8 8 8 26 76 86 45 25 67 90 70 27 32 73 87 81 83 85 59 18 7 12 54 89 65 19 11 19 53 82 85 81 87 77 37 11 8 8 
10 10 10 20 48 53 28 13 34 55 53 27 14 31 53 62 59 46 22 9 8 12 36 56 43 17 13 13 23 45 61 63 56 38 17 12 11 11 
9 9 9 9 12 13 10 9 11 14 14 11 8 9 13 15 14 11 8 6 7 9 11 14 15 12 12 13 13 16 20 21 19 15 13 12 12 11 
7 7 8 7 7 7 7 7 7 8 8 8 8 7 7 7 7 6 6 5 6 7 7 8 10 11 12 13 13 12 13 13 14 14 12 12 11 10 
7 7 8 7 7 7 7 7 7 8 7 7 8 8 7 7 7 6 6 6 6 7 8 8 11 12 12 13 13 13 14 14 14 15 13 12 11 9 
