182 182 183 183 183 182 182 183 182 180 180 181 182 182 183 185 185 185 183 182 182 182 182 181 182 184 186 185 184 182 182 184 184 183 183 183 184 185 187 188 187 185 185 186 186 186 186 187 189 187 186 185 185 184 185 184 184 185 186 186 186 187 188 187 185 184 184 185 185 186 187 186 184 183 183 184 186 187 187 189 190 188 187 186 186 188 189 188 187 186 187 187 185 185 188 188 187 186 185 185 187 187 186 186 186 188 187 186 185 185 184 184 184 184 184 184 183 184 185 184 183 183 183 182 180 179 179 180 181 181 180 180 180 180 180 181 179 178 177 177 178 178 178 178 
182 182 183 184 182 181 182 182 182 180 180 181 183 183 182 183 184 184 183 182 182 184 184 182 182 185 187 187 186 183 182 183 183 182 183 184 185 185 187 187 187 185 184 185 185 184 184 186 188 187 187 187 186 185 185 185 185 186 187 187 186 187 188 187 185 184 184 185 185 186 186 185 184 184 184 186 187 186 186 188 189 188 187 186 186 187 187 187 186 185 185 186 185 185 187 188 187 187 186 186 188 187 186 186 186 188 187 186 186 186 185 185 185 185 185 185 185 185 185 184 182 182 182 181 179 179 179 180 180 181 181 180 179 179 179 179 178 177 177 178 179 179 179 178 
181 182 183 182 181 180 181 181 181 180 181 181 182 183 182 182 181 181 182 181 181 184 186 185 184 186 187 188 187 185 184 185 184 183 184 184 185 185 186 186 186 185 185 187 186 184 184 185 186 186 187 188 188 188 188 187 187 188 189 190 189 187 186 186 186 185 186 186 187 188 188 188 187 188 187 186 186 184 183 184 185 186 186 186 186 186 186 185 185 185 185 185 185 186 187 187 187 186 186 185 186 185 185 184 184 184 185 186 186 185 184 184 185 185 185 186 186 184 183 182 181 183 183 182 181 181 180 181 181 181 182 181 179 179 178 178 177 177 178 179 179 179 179 179 
180 181 182 182 181 180 181 181 181 181 181 181 182 183 183 183 182 182 181 181 181 182 184 185 186 187 186 185 184 183 184 185 185 184 184 184 184 183 183 184 185 186 186 187 187 186 186 187 186 185 186 186 186 186 187 186 186 187 188 189 188 187 186 186 186 186 187 187 188 189 189 189 188 187 187 186 185 184 184 184 185 186 186 185 185 185 185 186 186 186 185 184 185 187 187 187 186 184 183 182 183 184 184 183 182 182 183 184 185 186 185 184 184 186 186 185 186 184 182 182 182 183 183 183 183 183 182 181 181 181 182 179 176 178 180 180 179 180 180 178 178 178 179 179 
180 180 181 181 180 180 182 182 182 182 182 182 181 183 184 184 184 183 183 184 184 182 182 182 184 186 186 183 180 181 183 183 184 185 185 185 184 183 183 183 185 186 186 186 186 187 188 187 186 186 186 185 185 185 186 186 186 186 188 188 187 186 185 186 186 187 186 185 185 186 186 186 185 184 184 184 183 184 187 188 187 188 187 186 187 186 185 186 187 187 186 185 185 185 186 188 187 186 184 183 182 183 185 185 185 184 181 182 183 185 183 182 183 184 184 183 184 185 184 183 182 182 180 179 179 181 180 178 178 180 179 177 177 178 181 181 181 181 180 178 179 180 179 178 
179 180 180 179 177 178 179 180 181 181 182 182 182 181 181 182 183 184 184 185 185 185 184 182 181 183 184 182 182 183 185 185 185 185 185 185 186 186 186 187 187 185 184 183 184 186 187 186 186 186 185 184 186 185 186 186 185 187 188 186 184 183 185 186 185 186 185 184 181 179 181 183 182 182 182 183 180 179 181 184 187 186 185 185 184 180 177 178 182 185 186 186 184 181 175 174 177 182 185 186 185 181 174 168 168 173 177 181 182 181 175 165 159 162 171 179 182 183 179 168 157 153 151 149 147 149 149 157 171 177 178 178 179 179 179 180 180 179 178 177 179 181 180 178 
179 179 180 180 178 178 179 179 179 180 181 183 182 180 178 178 180 180 180 181 184 186 185 182 180 178 179 180 183 185 185 186 183 178 175 175 180 184 186 186 184 178 171 167 168 177 182 183 184 181 172 163 164 170 179 184 184 183 179 164 153 155 167 178 183 185 183 171 151 142 148 167 179 183 182 176 156 139 137 151 171 182 183 180 167 141 127 131 149 174 185 186 178 155 127 120 130 156 179 185 183 168 137 114 112 127 158 178 182 175 153 120 105 107 130 165 179 179 166 132 102 95 94 92 91 91 92 108 150 172 177 178 179 178 178 179 179 178 178 178 180 182 182 181 
179 179 180 181 181 181 182 182 181 181 180 172 159 156 154 153 152 150 150 157 173 183 184 180 165 144 138 144 164 178 183 183 174 147 128 127 143 168 179 181 178 158 125 111 115 143 172 181 182 173 137 106 102 116 151 178 184 179 156 111 92 92 115 155 180 184 174 136 93 84 91 127 167 182 180 164 116 84 79 92 137 175 182 175 144 92 74 76 97 150 179 181 169 124 80 73 79 110 162 179 177 155 103 72 69 80 125 169 177 169 136 85 69 69 86 139 170 172 159 114 73 65 64 64 65 65 64 73 108 147 172 178 178 178 179 178 178 178 179 180 180 179 179 180 
179 179 179 180 180 181 182 183 181 180 175 140 104 96 94 93 91 89 89 105 148 174 181 174 135 90 82 86 120 163 178 178 160 104 75 74 88 135 170 177 171 134 79 67 69 98 154 177 178 164 108 70 66 72 112 165 179 173 138 81 63 64 74 128 172 176 166 120 70 62 64 90 148 172 172 157 100 65 62 64 106 163 174 167 138 79 62 62 71 128 168 172 163 116 69 63 62 83 144 168 167 151 95 63 61 64 105 158 170 166 135 79 60 59 69 123 161 165 158 116 70 61 59 60 61 61 61 63 74 113 163 176 177 178 178 177 177 178 178 177 175 174 176 177 
179 179 178 177 179 179 180 181 178 165 144 100 68 65 62 61 60 60 61 70 120 164 172 165 120 68 61 62 86 146 169 167 149 88 61 59 64 110 161 167 163 128 68 60 60 74 137 169 169 159 103 62 60 62 93 154 168 167 138 77 60 61 65 117 162 168 165 121 68 59 60 78 139 164 166 157 98 62 59 61 96 155 167 161 136 77 60 61 67 119 161 166 161 119 69 61 61 78 138 162 163 154 99 63 60 62 100 156 168 167 139 80 59 58 66 120 160 164 160 119 70 60 58 58 59 59 59 60 64 99 159 174 175 175 176 176 176 177 177 175 174 174 175 176 
179 179 177 176 179 180 179 179 170 128 92 69 60 60 57 56 56 57 58 62 109 155 162 158 118 65 58 59 80 140 162 162 148 88 58 57 61 105 156 160 158 127 69 59 58 71 133 166 167 159 102 63 61 60 92 153 166 167 143 79 61 58 62 116 161 165 163 122 68 59 59 77 138 162 165 157 99 61 58 61 95 153 165 159 131 75 60 60 65 118 160 165 161 120 69 60 59 76 138 164 166 156 101 64 61 63 98 155 167 168 143 82 60 58 64 119 160 165 161 120 70 60 58 58 59 59 59 59 62 96 159 176 175 174 174 175 176 177 177 177 176 176 175 175 
178 178 178 177 180 181 181 180 166 105 66 59 58 58 57 56 56 57 57 62 110 155 161 159 118 63 56 57 79 140 163 163 149 91 58 56 61 107 157 163 162 129 68 58 58 73 134 165 169 160 103 62 59 58 90 152 166 165 146 81 60 58 64 118 163 167 164 123 68 58 57 75 136 163 165 157 100 62 57 60 95 153 166 162 132 75 59 59 64 115 160 167 163 123 70 59 59 76 138 165 166 156 102 64 62 62 98 153 166 166 142 81 60 58 64 118 159 165 160 120 70 59 59 58 57 59 60 60 62 94 158 176 176 175 175 176 177 176 176 176 176 176 175 175 
178 179 180 180 181 181 181 180 166 101 63 58 57 56 57 57 57 56 56 62 109 156 162 158 117 64 56 56 79 140 162 163 150 90 57 56 61 107 158 165 164 132 70 58 59 74 135 164 166 159 103 61 58 59 90 152 164 164 144 81 59 59 64 119 165 169 167 124 67 58 59 75 137 165 166 157 101 62 58 59 94 155 165 164 138 76 59 60 61 113 160 166 163 124 69 59 59 74 135 163 164 154 103 64 61 62 95 150 164 164 141 82 59 58 64 117 157 162 157 120 70 59 58 57 57 59 59 59 61 90 154 174 175 175 175 177 178 177 177 178 178 176 176 176 
181 181 181 181 180 180 180 179 166 101 62 57 56 56 56 56 56 55 54 61 109 156 162 156 115 63 56 57 79 140 161 162 149 89 58 57 61 106 157 164 164 132 71 58 59 73 133 164 165 157 102 60 59 60 89 150 164 162 140 81 58 58 62 113 160 166 163 124 68 59 59 75 132 161 162 154 100 61 58 58 89 147 154 153 134 77 58 57 59 106 149 156 153 117 68 59 58 72 124 150 151 143 98 62 58 61 87 135 148 148 128 78 58 58 62 102 136 141 137 108 68 59 56 56 57 58 57 58 60 89 151 172 173 173 173 176 177 177 177 179 179 178 179 179 
182 181 180 179 179 178 179 179 166 101 61 57 55 55 55 56 56 55 55 61 107 150 155 152 113 63 57 56 75 132 153 153 141 88 58 57 60 101 146 152 151 122 68 57 58 68 121 149 148 141 95 59 57 58 82 131 143 141 123 77 58 57 59 94 131 135 132 106 64 58 58 68 105 124 126 121 86 60 58 56 76 111 114 112 102 70 59 57 58 82 103 109 107 89 63 59 58 63 87 101 101 98 76 58 56 56 69 91 96 95 86 66 57 57 60 74 87 89 87 76 62 59 57 57 57 57 58 59 61 89 150 170 172 172 173 174 175 176 175 176 176 177 179 180 
181 181 180 178 177 178 178 180 166 101 61 56 56 55 55 56 56 55 56 59 89 120 122 120 95 60 56 55 66 101 113 112 105 75 56 57 58 79 101 103 103 90 62 56 56 60 84 95 94 91 71 56 56 56 63 82 85 84 78 63 58 57 57 66 77 78 77 70 58 57 58 58 67 72 72 71 64 58 57 56 59 66 67 68 66 59 58 57 57 61 63 64 64 61 58 59 57 56 60 61 61 61 59 57 56 56 57 61 61 61 60 57 56 56 57 58 59 59 59 59 58 59 63 67 67 69 69 72 76 101 152 170 172 172 173 174 173 174 173 173 174 175 176 177 
180 181 180 179 178 179 179 180 167 102 60 56 57 55 56 56 56 55 57 56 63 72 72 70 66 57 56 55 56 64 65 65 65 59 55 56 55 58 61 61 62 61 56 55 55 55 58 60 60 58 56 55 56 55 55 56 57 58 57 57 56 56 57 57 56 56 57 58 57 57 57 56 56 56 56 56 56 56 57 56 56 56 57 58 58 57 57 56 56 57 56 56 56 56 56 57 56 56 56 56 56 56 57 58 57 57 57 57 57 57 57 56 56 55 55 56 57 57 56 57 57 63 92 113 116 119 117 116 112 117 153 171 174 172 173 172 172 172 173 173 174 175 176 176 
180 180 179 179 178 179 179 178 167 111 74 68 68 69 69 70 72 66 57 56 56 55 56 55 56 55 55 55 54 55 55 56 55 55 55 54 55 55 54 56 57 57 56 55 54 54 55 57 58 56 54 56 56 55 56 54 54 56 55 57 56 54 56 57 56 56 55 55 56 55 55 56 57 57 56 56 56 57 58 56 57 57 57 56 56 57 57 56 55 56 56 56 56 56 56 56 56 56 56 56 57 56 56 57 57 58 58 56 56 57 57 56 56 55 54 55 57 57 57 57 58 67 117 148 153 155 152 144 127 129 157 171 173 172 171 171 170 170 171 172 174 176 175 175 
178 177 177 177 177 178 178 177 169 128 104 109 118 120 122 124 125 111 70 56 55 55 54 54 55 55 55 55 54 54 55 55 55 56 55 54 54 54 54 54 56 56 56 55 56 55 55 56 56 55 54 56 55 55 56 55 55 55 55 55 56 55 56 57 57 57 56 54 54 54 54 55 57 57 56 57 56 55 55 54 55 57 56 54 55 56 57 57 55 55 56 56 56 56 57 57 57 56 55 56 57 56 55 56 57 57 56 56 56 56 56 56 56 56 55 55 56 56 56 57 56 67 118 151 156 159 156 148 139 151 164 169 170 170 170 169 169 170 170 171 172 173 173 173 
176 176 176 177 177 177 177 177 171 147 127 133 150 153 154 154 154 136 78 53 53 55 55 55 54 55 55 54 54 55 56 55 55 55 54 55 55 53 53 54 56 55 55 54 55 55 55 56 55 54 53 55 55 54 55 58 57 56 56 55 56 56 57 57 57 57 55 53 54 55 54 55 57 57 56 57 56 56 55 55 55 57 57 56 54 55 55 55 53 54 56 55 55 55 56 56 56 56 56 56 56 55 55 55 56 55 55 55 56 56 55 55 55 56 56 57 56 55 56 56 55 64 113 145 150 151 150 145 144 157 164 167 168 168 167 169 170 171 172 173 172 171 171 171 
176 175 175 175 175 176 176 175 173 166 152 145 152 156 156 155 156 138 80 54 53 55 55 54 54 54 54 52 53 55 56 55 54 54 54 55 55 53 53 54 54 55 54 54 53 54 55 56 55 53 53 54 53 54 54 56 56 56 55 54 55 55 58 58 57 56 55 54 54 54 55 55 57 56 56 56 56 56 55 55 55 57 57 55 54 54 55 54 53 54 54 55 55 56 55 54 54 55 56 56 55 55 53 54 56 56 55 55 56 56 55 54 54 55 57 57 55 56 56 56 56 61 91 112 113 114 114 111 112 132 155 164 166 168 169 171 171 170 171 172 171 171 172 172 
176 175 175 173 172 173 173 172 171 169 158 147 147 149 149 148 146 130 79 55 54 54 54 53 53 53 53 52 53 54 54 53 54 54 55 54 53 54 54 53 53 54 55 53 53 54 55 56 54 53 53 53 52 53 54 54 55 55 54 53 54 54 57 58 56 55 55 54 54 53 55 56 56 55 54 55 55 55 55 55 55 56 56 56 56 55 56 55 55 54 54 54 56 56 55 53 53 54 55 55 56 56 54 54 55 55 54 55 56 56 55 55 55 56 58 57 56 57 57 56 56 57 63 67 68 68 68 68 69 91 139 164 167 168 170 171 171 170 169 169 170 171 172 172 
176 175 175 175 174 173 171 170 167 155 132 112 109 108 109 108 104 96 67 54 54 54 53 54 54 53 53 54 54 53 53 53 53 54 54 53 53 53 53 53 53 53 53 54 54 54 53 54 54 54 54 54 53 54 54 54 55 55 54 54 54 55 56 57 56 55 54 54 54 54 54 54 55 54 54 55 55 55 55 55 54 54 55 56 56 55 56 56 55 54 54 55 55 55 55 54 54 54 55 54 56 56 54 54 54 54 54 55 56 55 55 55 55 56 56 55 55 55 55 55 55 55 55 55 56 56 56 57 58 73 127 161 167 168 169 170 170 169 169 169 169 169 170 171 
175 175 175 176 176 174 173 170 160 121 83 67 65 64 64 64 62 61 56 54 54 54 53 54 54 54 54 54 53 52 53 53 53 53 53 53 54 53 52 53 54 52 52 54 53 53 53 54 53 54 54 54 55 56 56 54 54 54 54 55 55 55 56 56 56 55 53 53 53 53 53 54 54 53 53 54 55 55 55 54 53 53 55 55 54 55 55 56 55 54 55 54 54 54 54 56 55 54 54 54 55 54 53 54 54 55 54 54 54 54 54 54 55 55 54 53 54 54 54 54 55 56 56 56 57 57 57 59 59 74 126 159 165 166 167 168 169 169 169 168 168 168 170 171 
176 175 175 174 174 174 173 170 155 98 61 55 55 55 55 54 54 53 54 54 53 54 53 52 52 52 53 53 52 52 53 53 55 54 53 53 55 54 52 53 54 53 54 55 53 53 54 53 53 54 54 54 56 56 55 53 54 54 54 54 54 53 53 55 54 53 52 54 54 53 54 55 54 54 55 55 54 54 53 53 53 53 54 55 54 54 55 55 54 55 54 54 54 54 53 55 55 54 53 53 53 54 54 54 54 54 53 53 54 54 54 55 55 54 54 53 54 54 54 54 55 58 67 78 81 81 81 82 84 95 134 161 165 165 165 166 167 168 168 168 168 169 170 171 
175 175 174 172 172 172 171 170 156 101 62 56 57 58 59 57 57 57 55 54 54 54 54 53 53 53 54 53 53 53 53 54 56 55 53 53 55 54 52 52 53 54 54 55 53 53 53 52 52 54 53 54 56 55 54 53 54 54 54 53 54 55 53 53 53 52 51 54 54 53 53 54 53 53 55 55 54 54 53 53 53 53 53 54 54 54 54 54 54 55 54 53 53 54 53 54 55 54 53 52 53 54 54 54 53 54 53 53 54 54 55 55 55 54 53 53 54 54 54 55 56 60 95 127 132 132 131 129 120 115 140 161 164 165 165 166 166 166 167 168 169 170 171 171 
175 174 173 172 172 171 171 170 158 117 86 80 83 84 87 89 90 82 62 54 53 53 53 53 53 53 53 53 53 54 54 53 54 54 53 53 54 54 53 53 52 53 53 53 51 52 52 51 52 54 53 54 55 55 54 54 54 55 55 54 56 56 54 55 54 53 53 53 53 53 53 54 54 53 54 54 55 55 53 53 55 56 56 57 58 58 58 58 60 61 60 59 60 61 61 57 54 54 54 54 54 54 54 55 53 53 53 53 54 54 55 56 55 54 53 53 54 54 54 57 56 61 105 146 152 152 150 145 133 135 152 162 164 166 166 167 167 166 167 168 169 171 172 172 
174 174 172 173 173 172 171 168 157 129 113 120 132 133 135 136 137 120 73 53 53 54 53 52 52 53 53 54 54 54 54 53 53 53 52 53 54 53 53 53 52 52 52 53 52 52 52 53 54 55 54 58 68 70 69 68 69 71 71 70 71 70 71 73 72 68 59 53 52 54 54 55 56 54 54 54 54 54 55 65 80 83 84 87 87 87 86 87 91 92 93 91 91 93 88 67 54 53 54 54 54 55 55 54 53 53 54 55 53 53 55 55 54 54 53 53 55 54 54 55 55 59 102 147 153 153 151 145 139 149 157 161 165 168 169 169 168 169 169 169 169 171 173 174 
172 171 171 172 172 171 169 165 158 144 130 133 145 148 147 146 145 128 77 53 53 55 53 52 52 53 54 54 54 54 53 53 53 52 52 53 54 53 53 52 52 52 53 53 53 53 53 54 55 55 55 68 101 110 106 105 106 107 107 107 107 106 107 109 108 101 77 56 53 54 54 54 55 55 54 56 55 55 67 96 115 114 112 113 114 114 113 113 115 115 115 113 112 108 91 65 54 54 54 54 54 55 54 53 52 52 54 55 53 53 55 54 53 53 53 53 55 55 56 55 54 57 96 135 141 140 138 133 129 142 155 163 166 168 168 169 171 172 170 168 168 169 170 170 
170 171 171 172 171 170 169 164 158 150 140 137 141 144 145 144 143 127 77 54 52 53 52 52 52 52 53 53 53 53 52 52 52 52 53 54 54 54 53 52 52 52 53 53 52 53 53 53 55 54 53 59 90 119 122 119 118 117 118 119 118 118 118 116 115 115 101 72 56 54 54 54 53 53 54 55 57 66 94 118 121 118 116 116 118 117 117 119 118 117 115 115 110 91 66 55 53 53 53 53 53 54 53 52 52 52 52 54 53 54 55 54 54 54 55 54 55 55 56 55 53 55 73 91 94 93 92 89 89 108 141 161 164 165 164 166 168 170 169 167 167 167 168 168 
170 171 173 173 173 173 171 165 158 149 136 127 126 126 126 125 123 113 72 54 52 52 52 53 53 51 52 52 52 52 51 51 52 52 53 53 52 53 52 52 52 53 53 53 53 52 52 53 53 53 53 54 64 95 120 123 121 119 119 119 119 118 118 117 117 116 114 99 70 56 54 53 52 53 53 56 65 94 117 120 119 119 118 118 119 118 117 118 119 118 116 113 96 70 56 53 53 53 53 53 53 54 53 54 54 53 53 54 53 54 54 53 53 54 57 56 54 54 54 54 54 54 56 58 59 59 59 59 59 71 119 156 162 164 164 165 166 169 170 169 168 168 169 170 
173 173 174 174 174 173 171 165 154 133 104 85 81 80 80 78 77 74 60 54 53 52 52 52 53 52 51 53 53 52 51 50 51 53 53 53 53 52 52 53 53 53 53 53 53 52 52 53 53 53 52 54 55 65 98 123 124 120 120 120 119 120 119 119 119 118 118 113 94 68 56 53 53 53 53 64 92 116 120 118 118 119 120 119 119 118 118 119 119 117 113 97 73 58 54 54 54 54 53 53 54 55 54 54 54 54 53 53 53 54 54 53 53 52 54 54 53 53 53 54 55 54 54 55 54 53 54 55 55 64 112 156 164 163 165 166 167 168 169 170 170 170 171 172 
175 175 174 174 172 170 167 163 148 104 67 56 54 55 55 55 55 54 54 54 53 51 51 51 52 52 51 53 53 53 52 51 51 53 53 53 53 53 53 53 53 53 53 53 53 53 53 53 53 54 53 52 54 56 68 103 125 123 120 121 120 120 120 120 120 120 119 118 113 95 68 56 54 54 62 90 114 120 119 119 119 119 120 119 120 119 120 120 118 115 100 73 56 54 53 53 54 54 54 53 54 54 54 54 54 53 52 52 53 53 54 54 53 52 52 52 52 53 53 53 54 54 55 59 59 60 60 61 62 73 118 157 165 165 165 165 165 165 166 167 169 170 171 172 
173 172 171 171 170 169 166 160 145 92 57 53 53 53 54 55 54 53 54 53 52 52 52 52 51 51 52 53 53 53 52 52 53 53 54 54 52 52 53 53 53 53 53 53 53 54 52 51 52 53 54 53 54 54 55 71 108 126 123 123 122 121 121 120 121 121 120 119 118 112 91 65 55 61 88 115 119 119 118 119 119 119 120 120 120 120 119 119 116 100 75 58 53 53 53 53 54 54 55 54 54 53 54 54 54 53 52 52 52 53 53 53 53 53 53 53 54 55 54 54 54 55 71 93 98 99 99 101 99 100 128 156 163 163 163 163 163 163 164 166 167 168 169 170 
171 171 169 169 170 170 168 163 149 106 70 61 61 61 61 64 63 60 54 52 51 52 52 51 51 52 51 52 52 52 52 53 54 53 54 53 52 52 53 53 53 53 53 53 53 53 52 53 53 53 53 54 54 53 52 56 77 115 127 124 122 121 121 121 121 121 121 120 119 117 111 87 64 73 108 116 113 117 120 120 118 119 121 119 119 119 118 115 101 75 57 54 53 53 53 55 53 53 54 54 53 53 53 54 54 54 53 53 53 54 54 53 53 53 53 54 55 55 55 53 53 56 89 133 143 143 143 142 132 122 137 156 161 161 162 163 164 165 166 166 165 165 167 168 
171 172 171 170 170 170 169 164 152 125 102 103 107 108 108 110 110 99 65 51 50 51 52 51 52 52 51 51 52 52 52 53 54 53 53 52 52 53 53 52 52 52 53 54 53 52 52 53 54 53 52 53 53 53 52 53 58 82 116 125 122 121 122 121 120 122 122 121 120 119 118 109 84 71 85 89 97 103 112 117 118 120 122 120 121 119 116 104 76 57 53 54 53 54 54 54 53 52 53 52 52 52 52 52 53 54 53 52 53 53 53 52 52 53 54 54 53 53 54 53 52 55 91 141 153 153 152 151 140 139 152 160 162 162 164 165 166 167 166 166 165 166 167 168 
170 171 171 170 170 169 167 163 153 135 124 130 140 143 144 146 145 129 76 52 51 51 51 52 52 51 51 52 52 52 51 52 53 53 52 52 52 53 52 52 51 52 53 53 53 53 53 54 54 53 52 53 54 53 53 53 53 60 86 119 126 122 122 121 122 122 121 121 121 120 119 118 107 82 63 70 93 85 79 86 87 96 114 123 121 117 103 77 59 52 52 53 53 53 53 53 53 52 52 52 52 52 52 52 53 54 53 52 52 52 52 52 51 53 54 53 52 52 53 53 52 54 89 139 150 151 150 149 143 147 159 162 163 163 163 163 165 167 167 167 166 166 167 167 
172 171 170 170 170 168 166 162 155 145 135 132 141 146 149 149 148 131 77 52 51 50 51 52 51 51 51 52 51 51 51 51 52 52 52 52 53 53 53 52 52 52 52 52 52 53 54 54 54 54 53 53 54 53 52 53 53 54 60 94 123 125 122 121 123 123 122 122 121 121 120 119 118 106 77 62 66 61 56 56 57 64 93 121 118 104 78 58 53 52 52 52 52 52 53 53 53 52 52 52 52 52 53 53 53 53 52 52 52 51 52 52 51 53 54 52 52 52 52 53 52 53 78 117 126 127 125 122 119 129 149 159 161 162 161 162 164 165 166 166 166 167 168 168 
174 173 171 170 170 169 167 161 154 146 139 134 136 143 145 145 144 128 77 52 51 51 51 52 52 51 51 51 51 51 52 52 52 53 53 52 52 52 53 53 52 53 52 51 52 52 53 53 52 53 54 53 52 53 54 53 52 53 53 65 99 125 125 122 122 123 123 122 122 121 121 121 119 117 103 72 56 55 56 64 73 79 96 119 107 80 59 55 53 52 53 53 53 53 54 53 53 52 52 52 52 52 53 53 53 53 52 52 53 53 52 52 52 53 52 51 52 51 51 53 52 52 60 73 76 77 77 74 73 84 121 153 161 162 164 164 165 166 166 166 167 169 170 170 
173 173 172 171 170 169 167 162 154 143 126 111 107 110 110 111 109 98 66 51 51 51 51 52 52 51 51 51 51 51 52 52 52 52 53 53 52 52 53 53 52 52 53 52 52 52 52 52 52 51 52 52 52 53 54 53 53 53 54 54 69 103 125 124 122 123 124 123 123 122 121 121 120 119 116 98 69 60 73 98 109 112 113 108 82 60 54 54 53 54 54 54 54 54 54 53 52 51 52 53 53 52 52 53 52 52 53 52 54 54 52 52 52 53 52 51 51 51 51 53 53 53 53 53 54 56 55 55 55 60 101 149 163 166 167 166 166 165 165 165 166 168 169 170 
170 170 170 170 169 168 166 161 150 117 84 68 65 65 65 65 63 61 54 51 51 50 51 52 52 51 50 50 51 51 52 52 52 53 53 52 52 53 53 54 53 53 53 52 52 53 52 52 52 51 52 52 52 52 53 53 54 53 54 53 56 72 108 126 123 121 122 122 123 122 122 121 120 120 119 114 96 83 102 118 119 116 105 82 60 54 53 53 53 53 54 53 53 52 52 52 51 51 52 53 52 52 52 53 51 52 53 52 52 53 52 51 51 52 52 51 51 52 53 53 53 52 53 53 53 53 54 55 55 59 98 149 162 165 165 166 166 165 164 164 165 167 168 168 
170 169 170 170 169 168 166 162 147 94 59 53 52 52 52 51 51 51 50 51 51 51 52 52 52 51 50 50 51 52 52 52 53 54 54 52 52 52 52 51 52 53 52 52 52 53 53 52 52 53 53 52 52 52 52 53 53 53 53 54 53 58 78 111 121 118 117 117 118 117 116 115 114 114 114 111 107 106 113 113 111 103 81 60 54 54 54 53 54 53 52 52 51 50 50 51 52 52 52 53 52 51 52 53 51 52 53 52 51 51 52 51 51 51 51 50 51 52 52 51 51 51 55 62 64 64 66 68 68 76 109 150 160 162 163 164 165 165 164 163 164 166 167 167 
171 171 170 169 169 169 168 164 149 96 60 53 52 52 52 53 53 52 50 51 51 51 52 52 52 51 51 52 52 53 52 52 52 52 54 53 51 51 51 50 52 53 52 52 52 52 53 53 52 53 53 52 52 52 51 53 53 53 52 54 54 54 57 75 85 84 84 84 83 82 81 79 79 79 78 76 76 76 76 75 74 70 58 52 53 52 52 53 54 52 51 51 51 51 51 51 52 52 52 52 51 51 52 52 52 52 52 52 52 50 51 51 50 50 51 51 51 51 52 50 50 51 67 101 112 114 115 117 114 109 125 153 160 162 165 165 166 167 168 167 166 166 167 167 
170 170 168 168 169 169 167 162 150 112 80 71 71 72 74 75 76 72 57 52 51 51 50 52 51 51 51 52 52 53 52 51 51 51 53 54 52 51 52 52 54 53 52 52 51 51 53 52 51 53 53 52 52 52 51 52 53 52 54 53 53 53 54 55 57 56 56 56 55 54 55 55 55 55 54 53 53 53 54 53 53 53 52 51 52 52 51 52 53 53 52 52 52 51 51 53 53 52 53 51 50 50 51 51 53 53 52 51 50 49 50 50 51 51 51 51 50 50 52 51 51 52 76 128 144 146 146 145 137 132 145 160 162 163 165 166 167 169 170 169 168 167 166 166 
170 169 168 168 168 168 166 160 151 127 110 113 121 124 126 128 129 115 72 53 51 51 50 51 51 50 51 51 51 52 51 51 51 51 51 52 51 51 52 53 53 51 51 52 52 53 53 51 50 52 53 53 53 53 52 52 52 52 53 52 52 54 54 52 52 51 51 52 53 52 52 53 53 53 53 54 53 53 53 52 51 51 51 51 52 51 50 51 52 50 50 51 51 51 51 52 52 52 52 51 50 50 51 51 53 52 52 51 50 50 50 50 51 52 52 52 50 49 51 51 51 52 76 131 148 148 147 146 139 144 157 161 162 164 165 165 165 166 167 167 166 166 165 165 
170 169 169 168 168 167 166 161 154 139 128 129 140 144 146 144 143 129 78 52 50 50 50 51 51 50 52 51 50 51 51 51 51 51 52 51 50 53 53 52 51 50 51 52 53 52 52 53 52 51 53 54 53 53 53 52 52 51 51 51 50 52 53 53 52 52 52 51 54 53 53 52 52 53 53 53 52 52 52 51 52 53 51 50 51 51 50 51 52 51 50 51 51 51 52 52 52 52 51 50 50 51 51 51 52 51 51 51 51 51 50 51 51 51 52 52 50 49 50 50 51 52 73 124 142 141 139 138 135 142 153 158 160 163 163 164 165 165 165 165 165 166 166 165 
171 170 169 168 167 168 167 163 155 146 138 135 142 146 146 145 144 129 78 51 49 50 50 51 51 50 51 51 51 52 51 51 51 51 52 51 54 57 55 52 52 54 54 52 53 55 55 54 56 57 60 61 59 55 53 53 56 59 57 54 51 52 52 53 59 65 58 51 51 54 60 60 57 54 52 52 51 51 51 50 52 52 50 50 51 50 50 52 51 51 52 51 52 53 52 51 51 52 50 50 51 52 51 51 52 50 51 51 51 52 51 51 50 50 52 51 50 50 50 49 50 51 63 96 107 106 104 102 101 109 133 153 159 161 161 163 165 166 164 163 164 165 166 167 
171 171 170 169 169 169 168 163 157 149 140 133 134 134 133 132 131 119 74 51 49 49 50 51 51 51 50 50 51 52 51 50 51 52 54 63 79 84 72 57 58 75 70 54 55 73 77 63 80 91 94 96 92 71 55 60 81 91 86 67 54 52 52 57 81 101 80 54 53 69 93 96 86 65 53 50 50 51 51 51 52 52 52 52 51 50 52 52 51 51 52 53 53 52 51 51 50 50 49 50 52 51 51 51 51 51 51 51 51 51 52 51 50 50 50 50 50 50 50 50 51 51 52 60 63 62 61 60 60 66 98 144 160 163 162 163 165 166 165 165 165 164 165 166 
171 170 170 170 170 170 167 163 156 138 111 94 90 90 89 87 86 81 61 51 50 49 49 51 50 50 49 49 50 51 51 50 52 52 62 92 107 108 102 77 64 96 98 65 59 94 94 67 84 97 96 108 111 79 57 81 109 104 106 95 63 53 53 69 104 116 89 57 62 95 108 99 108 91 60 50 50 50 51 53 53 52 52 52 51 51 51 51 51 51 52 53 52 51 50 50 50 50 50 50 51 51 51 51 51 51 50 51 51 50 52 52 51 50 50 50 49 50 50 50 50 50 50 51 52 52 50 50 52 54 84 141 162 163 162 163 163 164 164 164 164 164 164 166 
170 170 170 170 171 170 167 163 150 107 68 56 55 55 55 55 54 54 51 51 51 50 50 51 50 49 49 49 49 50 49 50 51 52 74 107 95 84 104 98 67 83 108 77 67 104 90 59 60 63 69 99 99 66 58 97 103 75 86 110 79 55 63 92 112 114 93 59 71 108 90 69 97 109 72 52 51 50 51 53 53 52 51 52 52 51 51 50 51 51 51 51 51 51 51 50 50 50 50 50 51 51 52 51 51 50 50 51 51 50 51 51 50 49 50 50 50 49 49 49 50 50 51 51 52 52 52 52 54 58 86 140 161 161 162 164 164 164 164 165 164 164 164 165 
171 171 170 170 170 170 168 164 148 94 55 50 51 51 51 52 51 50 50 51 50 49 49 50 50 50 50 49 50 51 49 50 51 55 86 108 75 59 90 107 72 68 103 90 83 108 80 54 53 54 75 106 82 56 59 97 102 69 82 113 89 61 85 108 97 108 95 60 70 106 90 66 97 114 79 53 51 50 51 52 53 52 51 52 52 51 50 49 50 51 51 51 50 51 51 50 50 51 50 50 51 51 51 51 50 49 50 51 50 50 50 49 49 49 49 50 51 50 49 49 49 50 53 66 74 73 74 75 77 81 102 144 160 163 164 165 165 164 163 163 164 163 163 164 
169 170 169 169 169 169 167 163 147 100 62 55 54 54 55 54 55 54 51 50 49 49 49 50 50 50 51 50 51 51 50 50 51 56 92 106 66 54 82 109 77 59 93 105 99 101 66 52 52 58 92 102 66 53 56 84 111 103 108 117 92 75 107 111 92 110 98 64 61 95 110 101 113 112 75 53 52 51 52 52 52 51 51 51 51 50 49 49 51 52 52 52 51 51 51 51 50 50 50 50 51 51 51 50 49 49 50 51 50 50 50 50 51 50 50 50 50 50 49 48 48 50 63 105 124 125 125 125 122 115 123 149 160 162 164 165 165 164 163 163 164 164 164 165 
168 168 168 168 168 167 164 160 149 119 92 89 92 91 91 93 95 88 62 49 49 49 49 49 50 50 51 50 50 51 50 51 52 55 90 108 71 57 86 109 77 56 84 116 113 91 57 51 52 69 104 90 58 52 52 64 98 111 111 112 86 81 115 118 113 119 110 79 56 74 97 104 111 107 68 52 51 51 52 52 51 50 50 50 50 50 50 49 50 51 52 52 51 50 51 51 50 50 50 50 50 51 51 50 50 51 51 51 51 51 51 51 51 50 50 49 49 51 49 48 48 50 67 120 144 145 144 144 136 131 144 156 160 163 164 164 164 164 164 165 164 165 166 166 
170 169 168 169 169 166 161 158 150 133 121 125 133 134 133 134 134 122 75 51 51 51 50 49 49 50 50 49 49 50 49 49 51 53 80 110 89 73 98 102 68 52 72 112 115 84 55 51 53 78 109 79 55 52 52 71 95 91 97 107 77 68 89 95 97 112 104 73 60 82 95 91 104 97 61 51 51 51 51 51 50 50 49 50 50 51 51 52 51 51 51 51 51 50 50 51 50 49 49 50 50 51 51 51 50 51 50 49 50 51 51 50 49 49 49 49 49 52 50 49 49 50 67 120 146 147 145 144 137 139 153 158 160 161 161 162 162 162 163 163 163 163 163 164 
170 169 169 169 169 167 163 157 148 141 133 132 137 140 140 142 141 128 79 52 51 51 51 50 50 51 50 50 49 49 48 48 50 52 64 96 108 101 103 85 58 51 60 94 109 75 52 51 53 78 100 69 52 51 52 75 106 107 106 95 64 53 57 60 67 99 95 61 56 82 108 108 104 79 54 50 50 50 50 50 50 50 50 50 50 50 50 51 51 51 51 51 50 49 50 51 50 49 49 50 50 51 50 50 51 49 48 48 49 51 51 50 49 49 50 49 49 51 51 51 49 49 63 110 133 134 132 130 127 130 145 156 158 160 160 159 159 161 163 165 165 164 163 163 
169 169 169 169 168 167 167 161 152 146 140 135 137 139 139 140 139 127 79 52 49 49 50 50 51 51 50 50 50 49 48 48 49 51 53 69 94 96 81 63 52 51 52 68 83 62 52 52 51 62 72 57 50 50 51 57 76 89 86 68 53 51 50 51 55 72 72 56 52 60 76 84 75 59 51 51 51 50 49 50 50 50 50 50 49 50 50 50 50 51 51 50 50 50 50 51 50 49 49 49 50 51 50 49 50 48 48 48 49 51 50 50 50 50 50 48 49 50 49 50 50 49 55 78 90 89 88 87 85 88 113 147 159 160 160 160 160 161 162 165 167 166 165 164 
171 170 170 170 169 168 169 166 159 149 135 122 117 116 116 116 114 106 72 51 50 48 48 48 49 49 50 50 50 50 49 49 49 49 50 53 60 63 56 51 50 51 50 52 56 53 51 51 49 50 53 50 50 51 51 51 53 57 55 52 51 51 49 50 51 52 52 50 52 52 52 54 53 52 51 51 51 51 50 50 50 50 50 50 50 50 50 50 50 51 50 50 51 50 50 51 50 50 50 50 50 50 49 49 49 49 48 47 48 49 49 50 49 49 49 48 49 50 48 49 49 49 50 52 53 53 53 53 54 55 79 136 160 161 161 162 162 162 161 163 165 164 164 165 
170 170 169 168 168 167 166 163 156 128 95 76 71 70 70 69 67 65 56 51 49 49 49 48 49 49 49 50 50 49 49 50 49 49 49 51 51 50 50 50 50 50 50 51 49 50 49 49 50 50 50 50 50 51 52 51 52 51 51 51 51 50 50 50 51 50 49 49 51 52 50 50 50 49 51 52 51 50 50 50 48 49 51 50 50 50 50 50 50 51 50 50 51 50 50 51 50 50 50 49 49 49 49 50 50 50 49 47 47 48 48 49 50 49 48 47 48 49 48 48 49 49 49 48 48 48 49 50 51 51 71 132 158 160 162 162 162 162 162 162 163 163 164 165 
167 168 168 167 166 165 162 159 146 99 60 52 51 51 52 50 50 50 51 50 49 49 49 49 50 50 50 49 49 48 49 49 49 49 50 51 50 49 50 50 50 51 51 50 49 49 50 49 50 51 50 50 50 50 52 52 51 51 51 50 49 50 51 51 50 50 49 49 49 50 51 50 50 49 51 52 50 50 51 50 48 48 50 50 49 50 49 49 50 50 51 50 51 51 50 50 50 50 49 49 49 49 50 51 50 49 49 48 48 48 47 48 50 49 48 48 49 49 48 48 49 48 48 49 52 52 53 54 53 56 78 132 156 157 160 162 164 164 164 164 164 164 165 166 
168 168 169 167 166 165 163 159 143 94 55 51 49 49 50 49 49 49 49 50 49 48 49 49 50 50 50 49 48 48 48 49 49 50 52 53 55 55 54 54 52 54 57 55 54 56 57 53 53 55 55 55 52 50 52 53 57 61 61 56 52 50 54 53 49 49 53 54 50 51 52 56 55 51 50 50 50 55 63 59 51 49 49 51 55 61 59 52 50 51 54 63 71 65 55 51 49 51 61 67 60 51 50 50 49 48 48 48 48 49 47 48 50 49 47 48 48 49 48 48 49 48 52 70 83 86 87 87 88 88 101 136 154 157 159 160 162 162 163 163 163 165 166 166 
170 170 170 168 167 167 165 160 146 106 71 62 61 61 61 61 62 62 62 63 64 63 64 65 65 65 65 61 51 49 48 48 49 51 69 86 87 87 85 80 67 74 91 92 89 91 89 69 72 87 89 88 74 55 53 66 92 99 96 88 67 58 81 75 52 53 74 74 52 55 72 90 87 64 50 50 64 83 97 91 66 51 51 69 90 97 92 71 53 53 70 96 102 95 72 52 51 66 93 103 88 61 50 48 48 48 47 47 48 49 48 48 50 49 47 47 47 47 48 48 48 49 58 100 128 131 133 133 130 122 129 149 157 159 160 160 161 161 161 163 165 165 166 166 
170 170 169 168 168 168 166 159 150 126 105 105 108 109 110 110 111 112 112 113 114 115 115 116 118 117 116 101 61 48 49 48 48 52 76 100 106 113 102 93 74 80 102 112 114 100 90 75 96 109 103 105 105 77 56 80 116 108 97 91 70 64 102 93 56 61 97 90 57 69 103 106 107 91 60 57 91 107 99 104 92 59 56 95 111 100 103 97 65 62 95 107 95 94 79 54 57 90 102 101 105 79 52 48 49 48 48 50 50 49 48 48 49 49 48 47 47 47 47 48 48 49 58 106 138 141 142 143 137 134 149 160 162 163 163 163 163 162 161 161 163 163 163 164 
169 168 168 167 166 166 164 159 153 140 128 129 135 138 138 138 137 137 137 136 136 137 135 136 138 136 135 119 66 48 48 49 49 51 58 66 86 110 84 67 57 58 68 93 109 78 61 65 101 102 72 74 101 99 63 83 113 84 65 63 56 62 104 97 58 61 99 94 59 81 107 81 88 108 77 68 107 99 69 88 106 72 62 103 104 80 94 103 69 71 108 109 93 85 69 53 66 104 92 74 99 92 58 50 50 48 48 50 50 49 48 48 49 48 48 47 46 46 47 48 49 49 57 106 138 141 140 140 137 136 151 159 161 162 163 162 161 159 159 160 161 162 162 162 
169 168 168 168 168 167 165 161 155 146 136 133 136 140 139 139 138 137 137 137 138 137 137 138 138 136 135 119 65 48 49 50 49 48 50 52 76 107 75 53 49 49 52 83 108 72 52 60 97 100 62 57 86 105 70 83 115 93 78 74 58 59 100 97 59 60 98 97 63 88 102 64 71 107 87 72 108 98 65 84 109 79 62 98 113 100 104 99 65 75 114 116 104 100 83 58 71 105 82 59 89 97 62 50 50 48 47 48 48 48 47 47 48 47 48 47 46 46 47 47 48 48 56 94 121 122 121 119 118 119 136 152 158 160 163 164 163 163 163 163 164 164 164 163 
170 170 169 169 168 168 167 163 156 148 140 134 131 131 133 133 132 131 130 129 129 129 129 129 128 127 126 112 65 48 48 49 49 48 48 49 72 105 76 51 49 48 51 82 108 72 51 55 89 97 59 53 81 106 74 83 119 111 101 93 65 60 100 99 60 59 97 99 64 90 101 62 66 104 88 62 92 112 99 105 113 84 69 104 110 95 100 101 70 80 115 99 77 93 103 69 73 106 83 58 88 101 63 49 49 48 48 48 47 47 47 47 47 47 48 48 47 46 47 47 47 48 49 63 74 75 73 72 72 74 95 137 158 159 163 165 165 165 165 165 165 165 164 163 
170 170 169 168 168 167 166 162 155 142 124 106 97 97 96 96 96 95 94 93 91 90 90 89 88 87 87 80 56 49 48 48 48 49 48 49 73 105 77 52 50 50 52 80 106 71 50 54 90 100 61 54 86 106 70 82 115 91 71 66 55 61 104 103 62 59 97 100 63 87 104 65 70 103 80 54 70 101 105 110 109 80 73 110 94 65 80 104 78 77 111 89 58 79 105 74 68 106 92 65 94 101 63 47 48 48 48 47 47 46 47 47 47 47 47 47 47 47 46 46 47 47 47 48 49 50 49 50 49 49 66 123 159 161 162 163 163 161 163 164 164 164 163 163 
169 168 167 166 166 165 164 160 149 114 78 62 58 57 56 56 57 56 55 56 55 53 52 53 53 53 52 51 49 49 48 48 48 49 49 49 75 110 81 51 49 49 52 79 106 70 50 56 95 107 69 65 95 99 64 80 112 77 51 50 49 57 97 108 74 69 100 98 61 79 109 88 88 102 71 53 73 94 89 100 102 70 67 107 102 75 88 106 75 64 99 101 78 90 100 69 60 95 107 93 103 91 57 47 47 47 47 47 46 46 46 47 47 47 46 47 47 47 46 46 47 47 46 47 48 47 46 47 48 48 63 120 157 162 161 160 159 159 161 162 162 163 163 163 
166 166 166 165 165 164 162 158 145 97 56 51 49 47 48 48 49 48 47 48 49 48 46 47 48 47 47 47 48 48 48 48 48 49 50 50 72 105 78 50 48 49 51 75 103 69 50 56 95 115 98 96 102 83 57 78 112 77 50 49 48 50 79 109 103 99 102 81 54 65 96 108 107 91 60 52 79 109 105 102 85 57 57 91 111 105 106 96 66 52 76 102 103 97 82 56 51 72 99 103 95 71 50 46 45 46 47 47 46 47 47 47 47 47 46 46 46 47 47 46 47 47 47 52 54 55 54 55 56 59 77 124 156 160 160 160 160 160 161 161 162 161 162 163 
165 166 166 166 166 165 163 158 145 99 59 52 51 48 49 50 50 49 48 48 50 48 47 47 48 47 47 47 48 48 48 48 48 48 49 50 60 86 67 49 47 47 50 66 88 65 49 52 78 100 97 92 79 60 51 65 95 71 49 47 47 47 57 77 86 86 75 56 49 52 63 83 84 65 51 49 60 81 89 77 59 49 50 62 80 86 81 66 53 49 54 69 78 71 57 49 47 52 64 70 64 52 48 46 45 46 47 46 47 48 48 47 47 47 46 46 46 46 46 46 46 47 51 75 94 97 97 98 99 98 107 135 157 161 162 162 162 162 162 162 162 162 162 162 
168 167 167 167 166 166 165 160 148 114 79 69 72 74 75 74 76 71 56 48 48 48 47 47 47 47 47 46 47 47 48 48 47 48 49 49 50 58 52 48 48 48 49 52 58 53 48 49 55 63 61 58 53 50 49 52 60 54 48 46 46 46 49 53 54 55 51 49 50 49 49 53 55 52 49 49 49 52 55 53 49 49 49 49 52 52 50 48 48 48 47 48 50 50 47 47 46 47 49 49 49 48 48 47 46 46 46 46 47 48 47 47 47 47 46 45 46 45 45 45 46 47 53 95 132 136 135 135 134 127 132 147 157 160 160 160 160 161 162 160 160 162 163 162 
168 168 167 166 165 165 164 158 149 129 109 108 117 120 121 122 123 114 75 49 48 48 47 47 46 47 47 46 46 47 47 46 47 47 48 49 49 48 48 49 49 49 49 49 49 49 48 48 49 50 47 48 48 49 48 49 50 49 50 47 48 49 49 49 49 48 48 50 49 48 49 49 50 50 49 47 47 48 50 48 47 47 48 47 47 47 47 47 47 47 48 47 47 48 48 47 46 46 47 47 47 47 48 48 47 46 46 47 48 47 46 45 45 45 46 45 44 44 44 45 45 46 54 97 135 141 141 139 136 133 145 154 157 158 160 161 161 161 161 160 159 160 162 161 
166 166 166 165 164 163 163 158 151 142 130 125 130 130 132 134 134 124 81 50 49 47 47 47 46 47 47 47 46 47 47 46 46 47 47 48 48 48 48 48 49 48 49 48 48 48 47 48 48 48 48 49 48 47 47 48 49 50 49 49 49 50 49 49 48 48 48 49 48 48 47 47 48 48 49 48 48 48 48 47 48 47 47 48 47 48 48 46 46 47 47 47 48 49 49 47 47 47 46 46 47 48 48 47 46 46 46 47 47 47 45 44 45 45 46 46 44 45 46 45 45 46 53 94 132 136 137 135 132 132 147 156 158 159 161 163 162 162 162 162 162 162 162 162 
166 166 166 166 164 163 162 160 154 145 136 132 131 129 131 133 133 124 80 49 47 46 47 47 47 46 46 46 47 47 47 47 47 47 47 49 48 48 49 49 49 48 48 49 48 48 48 47 48 49 52 50 50 48 47 48 49 51 50 49 49 49 49 49 49 48 47 49 48 48 48 50 48 47 47 48 47 46 48 49 50 48 48 48 48 47 47 46 46 48 47 46 46 47 49 48 46 47 47 48 48 48 48 47 46 46 46 47 47 47 45 45 45 44 45 45 46 46 46 45 45 45 48 77 106 108 108 107 105 107 124 148 157 160 161 162 161 161 161 162 162 162 162 162 
168 167 166 166 166 165 163 160 153 146 138 128 120 119 119 119 120 112 75 47 45 45 47 47 47 45 44 45 47 47 47 48 48 48 48 54 64 65 55 49 49 51 61 71 65 55 48 48 49 59 74 72 57 49 48 49 63 76 75 61 51 49 47 47 48 48 47 48 48 48 56 72 67 50 48 47 48 47 60 81 69 51 48 48 49 47 47 46 46 48 47 46 45 46 48 48 46 46 47 48 48 47 47 47 46 46 46 46 46 46 45 46 45 45 45 45 46 46 45 45 44 44 44 52 62 63 63 63 61 62 78 123 154 158 159 159 159 160 161 162 162 161 162 162 
166 166 165 165 165 165 164 158 149 135 112 89 80 79 79 78 77 74 60 47 45 47 47 47 46 46 46 45 46 46 47 47 47 47 51 75 97 99 82 55 49 65 95 104 98 87 62 50 54 82 106 104 80 53 49 63 95 106 106 94 64 50 47 46 47 47 48 48 50 63 87 106 90 55 48 47 48 53 83 109 91 54 46 47 49 48 47 46 46 47 47 46 45 45 46 47 47 47 46 46 46 46 46 47 46 46 46 46 46 46 45 45 45 45 46 45 46 45 45 44 43 44 45 44 46 47 46 47 47 48 57 107 150 158 159 159 159 158 158 160 161 161 161 160 
166 167 166 165 164 164 162 156 145 109 69 53 50 51 51 51 49 49 49 46 46 48 47 46 46 47 47 47 45 45 46 46 46 48 62 96 96 94 102 69 52 81 111 91 86 103 82 54 67 101 95 93 100 67 54 83 110 89 89 107 80 50 47 47 48 48 47 47 54 81 106 114 93 56 48 48 51 70 102 112 98 58 45 46 47 48 47 47 47 45 45 45 46 45 45 45 46 46 45 45 46 46 46 47 45 46 45 46 46 47 45 44 45 45 45 45 45 45 45 44 43 44 45 45 46 46 45 46 47 48 58 107 149 156 159 160 159 158 157 159 161 161 161 161 
165 166 166 166 165 164 162 157 146 101 55 47 47 47 47 48 48 46 46 45 46 47 46 46 46 46 46 46 46 46 45 45 45 48 72 102 74 68 100 77 52 82 111 87 81 102 82 53 77 104 72 68 102 80 55 85 113 87 87 106 80 50 48 48 48 48 47 46 49 63 77 104 95 56 48 48 57 93 105 106 98 59 45 45 47 47 47 47 46 44 44 46 47 46 46 46 45 46 46 46 46 45 46 47 46 47 45 45 47 47 45 45 45 45 44 45 45 44 45 44 43 44 45 50 56 58 59 59 60 62 77 119 151 155 158 159 158 158 159 161 162 162 162 163 
164 163 164 165 165 164 162 158 148 109 65 51 51 51 51 51 51 50 47 45 45 45 45 46 45 45 45 45 46 46 45 46 45 48 77 101 63 56 93 84 53 75 111 109 106 108 78 52 83 103 62 57 97 85 55 84 115 112 110 109 77 51 47 46 47 47 46 46 45 47 57 95 96 57 47 52 79 103 88 96 99 61 47 46 47 47 46 46 45 44 45 45 45 45 46 46 46 46 47 46 45 45 46 46 46 48 46 45 46 46 45 45 45 44 45 46 45 44 44 44 43 44 46 71 102 108 109 108 108 105 111 133 152 156 158 159 160 160 161 161 161 162 163 162 
166 165 166 166 165 164 163 159 151 125 97 86 86 85 86 88 87 84 63 46 45 45 44 45 44 45 46 45 45 44 45 45 45 48 76 100 63 57 93 87 57 82 107 92 88 103 85 55 87 106 63 57 98 88 60 95 113 92 90 107 86 53 46 46 47 46 45 46 46 47 57 95 97 57 48 64 103 110 95 103 106 77 53 46 47 46 46 45 44 44 46 45 45 45 45 45 45 45 46 47 46 45 45 45 45 47 46 45 45 45 45 44 45 45 46 46 45 43 44 44 43 44 49 85 128 134 134 134 132 126 136 151 157 157 157 158 160 161 161 160 160 162 163 163 
167 166 165 164 163 162 161 157 150 137 125 119 123 120 121 126 124 118 81 49 46 46 45 44 45 46 47 46 45 45 45 45 46 48 70 102 75 67 98 84 58 91 101 64 59 92 91 57 81 108 74 67 101 83 60 98 102 65 63 97 94 56 46 45 46 45 45 46 46 47 56 95 97 57 48 62 97 107 106 112 112 91 59 46 46 46 46 45 44 45 46 46 46 46 45 45 45 46 47 47 48 49 46 44 45 46 46 46 46 46 45 44 44 46 46 45 44 43 44 43 43 45 49 85 129 136 136 136 133 127 142 156 157 156 156 157 158 159 159 158 158 160 162 162 
167 166 163 161 161 160 159 156 153 145 136 127 125 124 125 129 129 122 83 48 46 46 45 45 45 46 47 46 45 45 45 46 46 47 60 97 98 89 101 75 54 87 106 80 76 100 89 56 66 101 95 92 101 70 54 92 109 86 84 102 89 54 47 46 46 46 45 46 46 47 53 91 97 57 47 49 59 67 73 100 105 72 50 47 47 47 46 45 45 46 46 46 45 44 44 45 45 45 48 49 50 49 46 45 44 44 46 46 46 45 46 45 43 44 45 44 44 44 43 43 44 45 48 80 123 131 130 129 126 122 135 151 157 160 159 160 160 159 159 159 159 160 161 162 
168 167 165 164 164 163 163 161 156 148 139 132 125 124 124 126 127 122 83 49 47 46 45 44 44 44 45 45 45 46 46 46 46 47 51 76 98 95 81 57 49 69 99 103 101 96 71 51 52 76 97 98 81 55 48 71 101 108 104 95 71 50 47 46 45 45 45 46 46 47 52 79 85 54 46 46 46 47 51 83 91 58 46 47 47 46 46 45 46 46 44 44 45 45 44 45 45 44 45 48 48 46 46 46 44 44 45 46 46 45 45 44 44 43 43 44 45 44 43 43 44 45 45 65 90 94 93 93 91 89 105 136 154 160 161 162 161 160 161 162 162 162 162 162 
167 166 166 166 165 165 164 161 155 147 135 117 106 105 104 103 105 102 74 48 47 47 46 44 44 44 44 45 45 46 46 46 46 47 47 54 64 64 54 47 47 51 65 76 76 64 51 47 47 53 64 65 54 47 47 51 63 73 72 62 52 48 48 46 45 46 46 46 46 47 47 54 56 46 45 46 47 46 47 59 63 50 45 46 46 45 46 45 46 46 44 44 44 44 44 45 45 43 43 45 46 44 45 45 45 44 44 45 46 45 43 44 44 43 43 44 43 43 43 43 45 45 44 47 52 53 53 54 53 53 65 110 150 156 159 161 161 160 160 160 161 160 160 161 
165 165 166 166 165 165 162 157 149 129 99 72 62 63 63 61 62 61 53 45 45 45 45 45 46 45 45 45 45 46 45 46 46 47 47 47 47 46 46 46 46 47 48 49 50 48 47 47 47 47 47 48 48 48 47 47 48 49 48 46 46 46 47 47 46 47 46 46 46 46 47 46 45 46 46 46 48 46 45 46 48 46 46 45 45 45 46 45 44 45 45 46 46 45 45 45 45 44 44 45 46 45 45 44 44 44 44 46 46 44 43 43 43 43 43 43 42 43 43 44 45 45 44 44 43 43 44 44 44 45 52 98 149 157 158 160 162 161 160 160 160 159 159 159 
165 166 166 165 165 164 160 156 146 107 61 50 46 46 48 47 47 47 46 45 45 45 45 46 46 45 45 45 44 45 46 46 46 47 47 47 45 45 46 46 45 46 47 46 46 46 46 47 46 46 46 45 47 48 47 47 47 46 45 45 45 45 46 45 46 47 46 47 47 47 47 45 45 46 46 46 46 46 45 46 46 45 46 46 45 46 47 46 45 45 45 46 46 46 47 45 45 46 46 45 45 44 44 44 45 44 44 46 45 44 44 44 43 43 44 44 43 44 43 43 43 44 43 44 45 45 46 45 45 47 57 101 148 157 158 158 160 160 158 159 159 159 158 158 
165 166 166 165 165 163 160 156 146 104 57 49 47 46 46 45 45 46 46 46 45 46 46 46 44 44 45 45 44 45 46 48 47 47 47 47 46 46 47 49 48 46 47 47 47 47 47 48 48 48 48 48 48 48 47 47 47 47 47 48 47 47 47 46 47 48 49 49 49 48 48 47 47 48 49 48 47 48 48 48 49 48 49 50 48 48 50 50 49 49 49 50 49 50 51 49 49 52 52 52 51 50 50 50 50 49 49 50 50 50 50 48 44 44 43 42 42 42 42 43 43 43 43 51 62 66 68 69 69 72 84 117 150 156 157 157 158 158 156 155 156 158 159 158 
164 164 165 165 164 163 160 157 149 117 76 60 58 58 57 56 57 56 49 45 45 45 45 45 43 43 45 45 44 45 46 48 48 47 56 68 69 69 69 70 70 69 70 70 69 69 69 69 70 71 72 71 71 71 69 68 70 72 72 72 71 71 71 70 71 71 72 73 73 72 72 73 73 74 77 76 75 75 75 74 75 75 76 79 77 75 77 79 80 79 79 79 79 80 80 80 81 82 83 85 84 84 83 83 82 82 82 81 81 81 82 75 53 44 42 42 41 42 42 42 43 44 44 68 106 113 114 116 117 114 118 134 152 156 158 159 158 157 157 156 156 157 158 159 
165 164 163 163 163 162 160 157 150 131 107 99 101 102 102 102 102 98 71 46 45 44 44 44 43 44 45 45 44 45 45 47 47 48 73 105 108 107 105 106 106 107 107 108 108 107 109 109 109 109 109 108 109 109 109 108 108 110 108 109 110 110 110 110 111 111 110 111 111 110 110 110 110 111 112 112 111 112 111 111 111 111 111 112 112 110 111 111 112 112 111 111 111 111 111 112 112 110 110 112 113 112 111 111 111 111 111 110 109 108 106 96 61 44 42 42 43 42 42 42 42 43 45 75 122 129 131 132 130 125 134 148 153 155 157 158 158 157 158 158 157 157 158 159 
165 164 163 162 162 161 160 157 153 143 129 122 123 125 124 123 124 120 84 47 45 45 44 44 44 44 44 44 44 43 44 45 44 48 80 117 117 114 114 116 116 116 116 117 118 117 119 118 119 118 119 119 119 119 119 119 118 119 117 118 118 119 119 119 120 120 118 119 119 119 119 118 117 117 119 120 118 118 117 117 118 117 117 118 118 116 117 117 116 116 115 114 115 115 115 116 115 114 115 114 114 115 115 115 115 115 115 115 113 113 109 98 61 44 42 42 43 43 42 42 42 42 45 75 121 130 131 131 129 126 140 154 156 158 157 158 158 159 160 159 160 161 162 162 
165 164 163 162 162 161 161 157 151 145 138 130 126 126 125 124 125 121 86 47 46 47 45 44 44 44 44 45 44 44 44 44 45 48 78 116 116 113 114 115 116 116 116 117 117 117 118 118 118 118 118 118 119 119 118 119 119 118 118 117 118 119 118 118 119 119 117 117 117 118 118 117 117 117 117 118 116 115 116 116 117 115 115 116 116 115 114 115 115 115 114 113 114 114 113 113 114 113 113 112 112 114 115 116 115 114 113 113 111 111 108 95 58 43 42 42 43 43 42 43 42 42 44 70 112 119 121 119 116 115 131 150 156 158 157 158 158 159 159 158 158 160 160 160 
165 165 164 164 163 163 162 159 151 145 141 130 120 119 119 118 119 115 83 46 44 46 44 44 44 44 44 44 44 45 45 45 44 47 76 114 114 112 113 114 115 116 116 115 116 116 116 117 116 117 117 117 118 118 117 116 117 117 117 117 117 118 117 117 118 118 116 117 116 116 116 116 117 116 115 116 115 116 115 115 115 113 114 116 116 115 114 114 114 114 113 113 113 113 112 113 113 112 112 112 112 112 114 115 114 113 112 112 110 110 107 94 57 44 42 42 43 43 42 42 42 43 44 54 75 78 79 78 76 76 92 126 150 156 157 158 158 158 157 155 155 156 158 159 
166 165 165 165 164 163 162 158 152 143 128 103 86 87 86 86 87 85 67 44 42 43 42 43 44 44 42 42 44 45 44 44 44 48 78 114 113 111 111 112 113 114 114 115 115 115 116 116 116 116 116 117 118 118 117 117 117 117 118 118 117 116 116 117 119 118 116 116 115 115 115 115 115 114 114 115 115 116 116 115 115 114 112 114 116 115 113 114 113 114 113 113 114 112 112 113 112 112 112 111 113 112 113 113 112 112 112 112 112 110 108 94 57 44 43 42 42 42 42 42 41 42 43 43 45 47 47 47 47 47 55 95 144 154 157 159 158 157 157 157 157 158 160 161 
165 164 162 162 162 162 161 158 150 123 83 60 52 52 51 51 52 52 47 42 42 43 43 44 44 43 42 43 43 44 44 44 45 48 78 114 113 111 111 112 113 114 113 115 115 115 116 117 117 116 115 116 116 116 117 118 118 117 117 116 116 116 115 116 118 117 116 116 115 116 116 116 115 115 115 114 114 114 115 115 114 114 112 112 114 114 113 113 113 113 112 112 113 112 112 113 113 113 113 112 112 112 111 111 111 110 111 111 111 109 107 94 58 45 43 42 42 42 42 42 41 42 42 42 41 42 42 42 42 42 47 87 142 154 155 157 158 157 157 158 158 159 160 161 
166 164 162 161 161 161 159 156 147 110 57 47 46 46 46 45 45 46 44 43 43 44 44 44 43 43 44 44 42 42 43 43 44 46 75 112 113 110 110 111 113 113 112 112 113 114 115 115 115 115 115 116 115 114 115 116 116 116 117 116 116 115 114 114 116 116 115 114 114 115 116 115 114 115 115 114 113 112 112 111 111 112 113 113 113 113 112 113 114 113 111 111 111 112 112 112 112 111 111 112 111 112 110 111 111 111 111 110 111 108 107 95 60 45 43 42 42 42 42 42 41 42 41 42 44 44 45 45 44 46 55 93 142 153 154 156 158 159 159 159 160 160 160 161 
165 164 164 163 162 160 158 154 146 111 61 50 47 47 47 45 45 46 44 44 43 43 43 43 44 44 44 44 42 43 44 44 44 46 73 111 113 109 110 111 112 111 111 111 112 113 115 115 115 114 114 116 116 115 114 115 114 112 111 111 111 112 113 115 116 116 115 111 110 113 115 115 113 111 113 114 114 112 112 112 111 111 113 113 113 112 111 113 114 112 112 112 112 113 112 111 111 111 111 111 111 112 111 112 112 111 111 111 111 109 107 96 61 45 43 42 42 42 42 42 41 42 41 51 68 73 75 77 79 79 85 112 147 157 157 159 159 159 158 159 159 159 159 160 
162 163 163 162 161 160 159 156 147 123 87 70 68 67 68 68 68 66 56 44 44 43 42 42 43 44 43 43 43 44 44 44 43 45 70 110 113 109 110 111 112 112 112 113 114 114 114 114 114 114 114 115 115 115 115 115 112 91 74 74 74 77 88 106 115 116 113 95 80 102 115 115 112 95 95 113 113 113 114 113 112 112 112 111 112 112 112 113 114 113 111 110 111 112 111 111 110 110 111 112 112 112 111 111 111 111 110 110 109 108 107 96 60 44 43 42 41 42 43 42 41 41 42 63 104 116 118 120 119 115 116 134 152 157 159 159 158 158 158 158 156 157 157 158 
162 162 162 162 162 161 160 157 151 136 117 107 109 109 109 111 110 106 78 45 44 44 42 42 42 43 43 42 43 44 44 44 44 46 71 111 113 109 109 111 111 112 113 114 115 115 114 112 113 114 114 114 115 114 115 114 109 65 49 69 70 61 46 74 109 114 106 65 39 76 111 114 109 72 72 110 114 114 113 112 111 112 111 112 113 112 111 113 113 110 109 109 110 111 110 110 110 109 110 112 112 112 111 110 110 111 110 111 110 108 105 94 58 43 43 42 41 41 42 42 41 41 41 64 110 123 128 128 127 121 131 147 154 157 158 158 158 159 160 159 158 157 158 158 
163 162 161 162 163 162 159 156 151 143 133 123 118 119 119 120 119 117 84 46 43 44 43 42 42 43 43 43 43 43 44 44 44 47 73 113 114 110 110 111 111 112 112 113 114 113 113 113 114 114 114 114 116 114 115 115 107 59 63 102 106 98 54 53 103 112 93 53 52 55 99 112 108 67 67 109 115 114 113 111 111 112 111 111 110 110 111 111 112 110 109 110 111 111 109 110 110 109 110 111 111 111 110 109 109 109 109 110 110 107 104 94 57 42 41 42 41 40 41 42 41 41 41 64 109 121 126 127 126 123 136 148 151 153 156 156 156 157 158 159 160 161 161 161 
163 162 161 161 161 160 159 156 150 144 138 130 119 118 116 117 116 114 85 46 42 43 43 42 42 43 43 43 43 43 43 43 43 46 72 112 113 110 111 111 111 112 112 113 114 113 113 114 115 114 114 114 115 115 115 115 106 58 62 107 110 104 65 55 104 109 73 58 85 52 75 110 109 71 69 109 114 114 114 112 112 113 113 112 111 112 113 111 112 112 111 112 112 112 111 112 111 110 112 113 112 112 111 110 110 111 110 109 109 107 106 96 58 41 41 42 42 42 41 41 41 41 41 60 97 107 109 109 106 106 118 138 149 153 156 156 156 156 158 160 161 161 161 161 
161 161 161 160 160 160 158 155 148 143 139 125 109 107 104 103 102 102 80 47 42 42 42 43 43 43 42 42 43 42 43 43 43 45 71 112 113 110 111 112 112 112 112 114 115 114 114 115 114 114 115 115 116 115 115 115 107 61 46 78 81 75 56 74 109 102 56 63 94 56 52 101 108 70 66 110 115 115 113 112 112 112 113 113 113 114 114 112 112 110 111 113 112 111 112 114 113 113 113 113 112 111 110 111 110 111 111 111 110 108 107 98 61 42 41 42 42 42 42 41 41 42 41 47 64 68 67 67 64 64 74 108 146 155 157 157 158 158 158 158 159 159 159 159 
162 162 161 161 160 160 158 154 147 136 115 86 71 71 68 67 67 67 58 43 41 42 42 42 42 42 41 41 43 42 42 43 42 45 73 113 113 111 112 113 113 112 113 115 116 115 114 115 115 115 116 116 117 116 114 115 108 64 45 67 69 76 85 103 112 88 39 44 64 46 36 85 106 69 65 107 114 114 113 113 113 112 113 113 113 115 114 112 110 109 110 111 112 111 110 111 112 113 113 111 110 110 110 110 110 111 111 111 111 107 105 98 62 42 40 41 40 40 41 40 40 41 41 41 43 43 45 45 44 44 47 81 139 155 156 156 157 157 157 157 159 160 160 159 
160 160 160 161 160 159 158 155 148 119 72 50 46 46 45 44 45 45 44 43 41 41 41 42 42 42 41 42 42 41 42 43 42 46 74 111 113 111 112 113 112 112 112 113 114 113 113 115 115 115 116 116 117 116 114 113 108 66 63 100 105 109 112 113 108 70 48 66 73 70 46 66 102 70 65 106 112 112 113 114 113 112 113 112 112 112 111 111 110 109 109 110 112 112 110 110 110 111 111 111 110 111 111 110 110 111 111 111 111 107 104 97 62 42 40 40 40 40 40 39 40 41 40 40 41 41 42 43 43 42 45 78 137 153 154 154 155 155 155 156 158 160 159 158 
160 160 160 160 160 160 159 155 147 113 59 44 44 43 43 42 42 42 43 44 43 42 42 41 41 41 42 43 41 40 43 44 44 46 73 110 112 112 112 113 111 111 112 113 114 113 113 114 113 113 114 115 115 114 114 113 107 65 66 108 113 115 113 113 100 59 79 106 109 106 76 48 89 70 52 88 98 96 102 111 112 112 113 113 112 112 112 112 112 111 110 111 112 113 112 111 110 110 109 110 111 111 110 110 111 111 111 112 112 109 107 98 62 42 41 41 40 41 41 39 39 40 40 41 45 45 46 48 48 48 55 90 138 153 154 154 155 154 153 153 155 156 156 156 
161 162 162 160 160 159 158 154 147 119 70 49 46 46 45 44 44 45 45 43 43 43 43 42 42 42 42 42 41 41 42 43 45 46 72 111 112 112 112 112 111 111 112 114 115 115 114 114 114 114 114 115 115 115 115 114 110 80 76 108 113 115 113 113 99 73 100 114 114 112 98 67 90 82 54 66 77 75 88 108 113 113 112 113 112 111 112 112 112 113 111 111 112 113 113 110 109 111 110 110 110 111 110 109 110 111 110 111 111 109 107 98 62 42 41 41 40 40 40 39 38 38 41 50 72 82 83 85 85 85 88 112 143 153 156 156 156 155 154 153 154 155 155 155 
162 162 163 162 161 160 159 154 148 130 99 80 77 78 77 77 77 75 62 44 43 42 42 42 42 42 42 41 41 41 41 42 45 46 71 112 113 111 111 111 112 111 112 114 115 115 114 114 114 114 114 114 115 114 116 115 113 106 104 113 114 114 114 114 110 105 113 116 115 113 111 104 108 106 97 98 100 100 106 112 114 113 111 112 113 111 111 111 111 112 110 110 111 111 110 109 110 111 110 109 109 110 110 109 110 110 110 109 109 108 108 100 63 42 40 40 39 39 39 39 39 39 40 56 97 116 118 117 116 113 118 137 150 153 155 156 156 157 156 155 156 156 156 156 
162 162 163 163 162 161 159 156 151 140 124 112 108 109 110 110 107 103 81 46 42 42 41 41 41 41 41 42 42 42 41 42 44 45 70 112 113 110 111 110 111 111 111 113 113 113 113 113 112 113 113 113 114 114 115 115 113 114 113 114 114 113 113 114 113 113 114 114 114 113 114 112 112 113 113 112 113 113 112 112 112 112 111 110 112 111 109 111 112 110 109 110 110 110 109 110 111 110 109 109 109 108 108 109 109 109 109 108 108 107 108 100 64 42 40 40 39 39 39 40 40 39 40 58 103 121 124 122 118 114 129 147 152 153 154 155 156 157 157 157 158 157 156 157 
160 160 162 162 162 161 159 156 152 144 134 123 111 111 115 115 111 105 84 47 41 41 41 40 40 40 41 42 41 42 43 42 42 43 69 111 114 110 111 112 112 112 112 113 113 113 113 114 114 114 114 115 115 113 114 115 114 114 114 115 115 114 113 114 114 113 115 114 114 114 114 113 112 112 113 113 113 112 112 112 113 113 112 111 113 112 110 113 112 110 110 109 110 110 111 111 110 109 108 108 108 108 109 109 109 108 108 109 109 107 106 98 62 42 40 40 40 39 40 41 39 39 42 60 104 119 122 120 115 111 126 145 151 154 155 157 158 158 157 157 157 156 156 156 
159 159 161 161 161 160 159 156 150 143 135 125 108 108 114 114 111 105 83 46 41 41 41 41 41 41 42 42 41 41 42 42 41 43 61 95 99 96 98 98 99 100 101 102 101 102 103 102 102 103 104 104 105 104 105 106 106 105 105 105 106 106 106 107 106 105 106 104 104 105 104 104 103 103 103 104 103 102 102 103 103 103 103 103 102 101 100 102 100 98 100 98 97 97 98 99 98 98 98 97 95 96 97 97 98 97 96 94 92 92 91 83 56 42 39 39 41 41 41 41 39 39 40 54 86 98 98 96 92 90 99 126 146 153 154 155 155 155 154 155 154 154 154 155 
157 159 160 161 160 160 159 155 147 141 134 111 91 91 95 95 93 89 73 45 41 40 41 41 40 41 42 41 42 42 41 41 42 43 48 59 60 59 59 60 60 62 62 63 63 63 63 63 63 64 64 64 67 67 67 67 66 66 66 66 66 66 66 68 66 65 66 66 66 67 65 65 64 62 64 66 65 66 64 64 65 65 66 65 65 64 64 66 63 63 64 62 62 62 62 62 62 62 62 60 58 58 58 60 62 62 60 57 54 55 56 54 45 41 40 39 40 41 40 40 39 39 40 43 52 57 58 56 54 53 58 90 135 151 152 152 152 152 153 154 153 153 153 153 
158 158 159 159 159 159 159 154 146 131 102 70 56 57 58 57 56 55 52 43 42 42 41 41 41 41 41 41 41 41 40 41 41 42 44 43 42 43 42 42 43 44 43 43 43 43 44 44 44 44 44 44 46 45 44 44 43 43 44 44 44 44 44 45 44 42 44 44 44 43 44 45 44 42 42 43 43 44 43 44 44 42 44 44 44 44 44 44 43 43 43 43 44 43 43 43 43 43 43 43 43 42 42 41 41 43 43 42 41 41 42 41 40 41 41 40 39 39 39 39 39 39 39 39 40 39 41 41 40 39 41 67 128 152 153 154 155 155 155 154 154 153 153 155 
158 157 157 158 159 159 159 153 146 118 66 45 42 42 43 42 42 42 42 41 42 42 41 40 40 41 41 41 40 40 41 41 40 41 43 42 42 42 42 42 42 42 42 42 41 41 42 42 43 42 41 42 42 42 41 41 41 41 42 42 42 41 41 43 41 40 42 43 42 41 41 42 42 41 41 41 41 42 42 42 42 41 41 41 41 41 41 41 41 41 40 41 41 41 42 42 41 41 41 42 42 40 40 40 40 40 40 41 41 41 41 39 39 39 40 40 39 38 39 40 39 39 38 39 39 39 39 39 38 38 41 67 128 153 156 157 157 156 155 154 153 153 153 154 
159 158 158 159 158 158 158 154 146 117 61 42 41 41 43 41 42 42 41 41 41 41 41 40 40 40 40 41 40 40 40 41 41 41 41 41 42 42 41 42 42 41 41 41 41 41 41 42 41 41 41 42 42 42 42 41 41 41 42 41 40 40 41 41 41 40 42 42 42 41 41 41 42 42 42 41 40 41 40 40 41 42 41 40 40 40 40 41 41 41 42 42 41 41 41 41 40 40 41 41 40 39 39 40 41 40 39 41 40 41 41 40 40 40 40 41 40 39 38 39 39 39 39 41 46 49 50 52 52 52 58 83 131 154 156 156 155 157 157 155 155 154 154 154 
160 160 161 159 157 157 157 155 149 127 81 57 51 51 52 51 50 51 47 41 40 40 40 40 40 41 41 41 40 40 40 41 41 41 40 41 42 41 41 42 42 41 41 41 41 41 41 42 41 40 41 41 41 42 42 41 41 40 41 41 40 39 40 40 41 41 41 41 41 40 40 41 41 42 42 41 40 40 39 39 40 41 40 39 39 39 40 40 40 40 41 42 41 41 41 40 40 40 40 40 39 38 39 39 40 40 38 39 39 40 40 39 39 39 40 40 40 39 38 38 39 39 39 50 78 91 93 96 97 94 98 115 142 153 155 155 154 155 156 156 155 155 154 154 
162 162 161 160 158 158 158 156 151 137 112 94 91 92 92 90 90 88 73 45 39 39 40 39 40 41 41 40 40 40 40 40 40 40 40 41 41 41 41 41 41 40 40 41 41 41 41 42 41 40 41 40 40 41 42 41 40 39 40 41 40 39 40 40 40 40 41 40 39 39 39 40 41 41 41 40 41 41 39 39 40 41 40 39 39 40 41 41 41 40 41 41 40 40 40 39 39 39 40 40 39 39 40 39 39 39 37 37 39 40 39 39 39 39 39 39 39 39 38 38 39 39 38 54 98 115 116 118 118 113 121 140 150 150 151 152 153 154 155 155 155 156 156 155 
161 160 161 162 161 160 158 156 150 142 131 119 114 112 112 111 110 107 85 47 39 39 40 39 40 41 41 40 40 41 40 40 40 40 40 41 41 41 41 41 41 40 40 41 41 41 41 40 41 41 42 40 40 41 41 41 41 41 41 40 40 40 40 39 40 39 40 40 40 40 39 40 40 41 41 40 41 41 39 39 40 41 40 40 39 39 40 40 40 40 40 41 40 40 40 39 39 39 39 39 39 40 40 40 39 40 39 39 40 40 39 38 38 38 38 38 39 38 38 39 39 39 38 53 99 115 119 119 119 114 126 144 150 148 148 150 152 154 154 153 154 154 155 156 
161 160 161 162 160 158 156 154 147 142 135 127 117 113 114 113 111 106 86 48 40 39 40 39 40 40 40 39 40 40 40 39 41 40 39 40 40 40 40 40 41 40 39 41 41 41 40 40 41 41 41 40 40 41 40 40 40 41 40 40 39 40 40 40 39 39 40 40 40 40 40 40 40 39 40 40 41 40 39 40 40 40 40 40 40 39 39 39 40 39 39 39 39 39 39 39 39 38 38 38 39 39 39 39 39 39 38 39 40 40 39 38 38 38 38 38 38 38 38 38 40 40 39 51 95 111 114 114 113 108 119 138 148 151 151 152 154 155 156 155 155 156 156 156 
162 162 162 161 159 157 156 152 145 140 136 129 112 108 109 109 107 102 83 47 40 40 40 39 40 40 39 40 39 39 40 40 41 40 40 40 40 39 39 40 42 42 40 40 40 40 39 40 41 39 39 39 39 40 39 39 39 40 39 40 39 40 40 40 39 39 40 39 39 39 40 40 40 39 40 40 39 39 39 40 40 40 39 40 40 39 40 40 40 39 39 39 39 39 39 39 39 39 40 39 38 39 39 38 39 39 38 37 38 39 39 38 38 38 38 37 37 38 37 37 39 40 39 45 73 82 84 84 83 78 87 110 136 151 154 154 154 154 155 156 156 157 157 157 
162 162 161 160 159 158 156 152 147 139 129 107 82 79 80 79 78 76 66 44 40 40 40 39 39 39 40 40 38 39 40 40 39 39 40 40 40 39 40 41 41 40 40 40 39 39 40 40 40 39 39 38 39 39 39 39 39 40 39 40 39 40 39 39 40 40 39 39 38 38 39 39 39 39 40 39 38 38 39 40 40 39 38 40 40 39 40 40 40 39 39 39 39 39 39 39 38 38 40 39 38 38 39 38 39 39 38 38 38 38 39 40 39 39 38 38 38 38 38 38 37 38 39 39 45 48 49 49 48 46 50 70 121 150 153 153 153 153 153 154 154 155 155 155 
163 162 160 159 159 159 157 154 148 130 92 63 49 48 49 48 47 48 46 41 40 40 40 40 39 39 40 40 39 39 40 40 39 39 39 40 40 39 40 40 39 40 40 39 38 39 39 39 40 39 40 40 40 40 40 39 40 41 40 41 39 40 39 39 41 41 40 40 39 38 38 39 40 39 40 40 40 39 38 39 39 38 40 43 43 42 41 40 40 39 39 42 43 43 43 40 38 38 39 40 44 45 44 43 40 39 38 39 42 47 48 48 45 39 38 38 39 45 50 52 52 45 39 38 38 40 39 39 38 38 39 53 112 149 154 153 153 153 153 153 153 154 154 153 
162 161 160 159 159 159 157 154 148 124 66 44 42 41 41 40 40 40 40 40 42 49 57 59 58 48 40 39 39 44 54 58 58 55 44 40 40 40 48 58 60 59 53 40 38 38 39 51 59 60 59 47 40 41 40 43 57 61 63 61 46 40 39 40 48 63 65 65 59 42 38 39 40 52 66 68 69 58 41 38 38 40 58 73 75 71 57 41 39 39 45 68 77 79 75 52 39 39 39 49 76 83 82 74 49 39 39 40 60 85 89 87 73 45 39 38 41 69 90 94 93 69 43 38 36 37 38 39 39 38 38 50 109 148 153 153 153 153 154 154 154 155 155 156 
160 160 161 160 160 158 155 154 149 124 63 42 41 41 40 39 40 40 40 40 45 73 95 98 95 69 41 39 39 53 87 98 98 92 57 39 39 40 65 98 103 102 83 45 39 39 43 79 102 104 101 71 40 39 40 51 91 105 106 98 61 39 39 39 60 100 107 107 94 53 38 37 39 72 107 109 110 88 46 38 38 43 83 109 111 105 78 43 39 38 51 94 110 111 106 67 40 38 38 58 102 113 113 100 58 40 39 40 71 109 112 110 92 50 39 38 42 81 111 115 112 82 45 38 36 36 38 39 39 38 38 49 107 147 150 151 153 153 153 154 155 155 156 156 
158 158 159 158 159 159 156 156 151 126 64 42 40 41 40 40 39 39 40 40 46 81 106 109 105 77 43 39 39 55 95 109 110 102 60 40 38 39 69 107 113 112 92 49 40 39 44 86 113 115 112 79 43 40 40 52 98 115 115 106 65 40 38 40 62 106 115 114 102 57 39 39 41 75 113 116 115 94 48 39 38 44 87 113 116 112 83 44 38 38 50 95 116 115 111 70 40 39 38 60 106 116 117 105 61 41 39 41 72 111 116 114 95 51 39 38 41 83 114 117 114 86 45 38 37 37 37 37 37 38 39 48 106 147 150 151 153 153 153 153 154 154 155 155 
159 159 158 157 158 158 157 156 151 126 64 41 40 40 40 40 39 38 39 40 44 81 108 110 107 77 43 38 39 55 96 111 112 101 60 41 39 38 69 108 113 112 92 48 41 39 43 85 115 117 112 80 44 40 40 52 98 115 115 107 63 40 39 40 62 106 116 113 102 57 39 39 41 74 111 116 116 95 47 38 38 43 88 115 117 113 82 43 38 38 51 96 117 117 110 70 41 38 38 60 106 117 117 105 60 39 38 41 72 111 118 115 96 53 39 38 43 85 116 119 116 87 45 38 38 37 37 37 37 38 39 46 103 148 153 153 153 154 154 154 155 155 155 155 
161 160 158 158 158 158 156 153 147 123 64 42 40 40 39 40 39 38 39 39 44 81 108 111 107 77 42 39 39 55 97 111 112 103 59 39 40 40 69 109 115 114 93 48 39 39 43 84 113 115 112 80 44 39 40 51 95 115 114 106 65 40 39 39 61 107 115 113 101 57 38 38 41 73 111 116 116 95 48 39 38 44 87 115 116 111 80 44 39 39 50 95 116 118 110 69 40 38 37 58 105 116 115 103 59 38 38 41 71 111 118 116 96 53 39 38 43 86 117 119 116 87 45 37 37 38 37 36 38 38 39 46 100 147 153 154 154 155 156 156 157 157 156 155 
161 160 159 159 159 159 158 153 146 125 65 42 40 40 39 40 40 39 40 40 45 80 109 112 108 80 43 39 40 55 96 113 113 104 61 40 39 41 68 109 115 114 95 49 38 39 43 84 111 115 112 81 43 39 40 52 97 113 113 106 66 41 39 39 62 107 116 114 101 56 37 38 41 73 112 119 116 94 49 39 38 44 85 115 117 112 81 45 40 39 49 95 116 118 111 70 40 38 38 56 102 113 115 104 61 38 39 40 71 110 117 116 97 52 39 37 42 83 115 117 115 86 46 38 37 37 37 37 37 39 41 53 103 145 152 154 156 156 156 156 157 156 155 154 
161 160 160 160 158 158 157 154 147 129 71 45 40 41 40 39 39 40 40 40 45 80 106 107 105 81 43 39 39 53 94 109 111 104 63 40 39 41 68 105 111 113 95 50 40 40 42 83 110 112 111 82 43 40 40 51 95 109 111 108 67 40 39 40 62 104 110 111 102 58 38 39 41 71 108 114 115 95 47 37 38 43 85 110 111 110 81 44 40 39 51 93 108 111 110 71 40 39 39 58 96 101 107 102 60 40 39 41 69 96 99 106 96 52 38 38 44 78 94 96 104 86 47 38 37 37 36 38 38 42 59 92 126 150 153 153 155 155 155 155 156 156 155 154 
160 160 160 159 156 156 156 153 147 133 98 70 48 40 40 39 39 40 39 38 49 77 86 83 89 78 43 40 41 58 85 85 87 94 63 41 39 42 69 88 85 92 91 51 39 38 47 80 90 87 97 80 43 40 42 58 85 84 86 96 68 40 40 44 66 88 83 89 96 60 39 39 45 73 85 84 94 91 49 38 39 51 79 80 79 92 80 46 41 42 60 81 76 79 94 71 41 39 44 67 75 68 77 89 60 38 39 50 68 67 64 77 85 53 39 40 57 67 63 62 77 77 47 38 37 38 38 41 42 51 92 133 146 152 153 152 152 153 154 155 155 155 155 155 
159 159 159 157 155 155 156 153 148 138 125 105 66 43 42 42 42 42 40 40 56 71 64 59 67 70 46 40 45 68 70 58 58 74 64 42 39 53 73 65 56 62 76 54 40 41 60 71 59 56 68 74 46 40 46 66 68 55 56 72 69 42 40 53 70 62 54 59 78 60 39 40 56 69 58 54 63 77 51 40 42 62 65 53 50 65 72 48 40 48 67 61 50 52 69 67 43 39 52 65 52 47 52 68 57 39 40 56 61 49 47 52 65 52 39 42 58 55 47 46 56 61 48 41 43 44 47 57 69 84 120 144 151 152 153 152 152 153 154 154 155 155 155 156 
159 159 158 157 155 155 155 154 150 141 133 121 92 68 58 54 53 52 50 50 58 62 56 53 55 61 49 43 47 62 55 49 49 56 59 44 42 54 64 52 47 48 58 52 42 44 58 58 48 48 52 61 47 40 47 59 54 46 46 54 60 46 42 53 60 49 47 48 57 53 43 43 53 55 48 48 49 57 50 43 44 53 52 47 46 50 56 47 42 46 56 50 46 45 53 54 44 43 48 52 46 45 46 50 49 43 42 47 49 44 43 43 48 45 41 42 47 46 44 44 47 50 50 49 52 55 63 82 106 122 138 148 153 153 154 153 154 153 154 155 156 156 157 157 
159 159 158 157 157 156 155 154 150 143 135 125 113 97 81 71 68 66 64 63 61 59 57 55 53 53 50 48 48 51 49 47 49 48 51 47 47 49 51 49 48 46 49 49 45 47 49 48 47 47 47 49 47 47 46 49 47 47 47 49 50 48 47 48 49 47 48 47 48 48 45 45 47 47 47 46 46 47 47 45 45 46 47 47 47 47 48 47 46 45 47 46 46 46 47 47 45 46 46 46 46 46 45 45 45 43 44 44 45 44 42 41 43 43 43 43 43 43 44 46 47 49 50 52 55 59 70 93 116 131 140 146 150 151 152 154 155 155 155 155 155 155 155 156 
158 158 157 158 158 157 155 154 150 143 136 128 118 104 87 77 72 71 69 68 63 60 59 57 54 52 50 49 50 49 49 49 49 48 48 47 48 49 49 50 48 47 48 48 47 48 46 46 46 47 48 46 48 47 47 48 48 48 47 48 48 48 48 48 47 48 49 48 48 48 48 48 48 47 48 46 46 47 46 46 46 46 46 47 46 47 47 46 46 47 46 45 46 46 46 45 45 45 45 46 46 45 45 45 44 44 44 45 44 44 42 42 43 42 42 42 42 43 44 46 48 49 51 54 57 60 73 95 118 132 140 146 150 151 152 152 152 154 156 156 155 154 153 154 
159 158 156 156 157 156 155 153 149 142 135 127 118 105 88 78 73 72 70 68 64 63 61 57 56 54 52 50 49 49 50 50 49 48 48 48 48 49 49 49 48 48 49 49 48 48 48 48 47 48 49 48 49 49 48 48 47 48 48 49 49 50 49 49 49 48 47 47 47 47 48 48 48 48 47 47 46 47 47 47 46 46 45 46 47 47 46 46 46 46 46 46 46 46 46 45 45 45 45 46 45 44 44 44 44 44 44 45 44 43 43 43 43 43 43 44 44 46 47 48 49 51 53 56 59 65 78 100 120 133 142 147 150 152 151 151 151 153 155 155 154 153 154 154 
159 159 157 157 157 157 157 153 147 140 133 125 117 104 88 78 74 73 70 68 65 63 62 59 58 57 53 50 49 50 51 50 50 49 49 49 49 48 48 49 48 48 49 49 49 48 48 48 48 48 48 48 48 49 48 48 48 48 48 49 50 50 49 49 49 48 47 47 47 47 48 48 48 48 48 48 46 46 46 46 46 47 47 46 46 47 46 46 46 46 46 47 46 46 46 45 45 45 45 46 46 44 44 45 44 44 43 43 43 43 43 44 44 44 44 45 45 47 49 49 50 52 54 55 60 68 83 103 120 132 141 145 148 150 151 152 152 152 153 153 152 152 153 153 
160 159 158 157 158 158 158 155 149 141 133 125 117 104 88 78 75 74 71 69 67 65 64 62 61 59 55 53 52 51 52 52 51 51 50 49 49 50 50 50 49 49 50 50 50 49 49 49 49 49 49 48 48 48 47 47 48 48 48 49 50 50 49 49 49 48 48 48 48 48 48 48 48 48 48 49 47 46 46 47 47 48 48 48 46 47 47 46 46 46 46 47 46 46 46 46 46 46 46 46 46 46 45 45 44 44 43 43 43 43 44 44 45 46 46 46 46 48 50 51 52 54 56 57 61 71 87 106 121 133 142 147 151 152 153 153 153 153 153 153 154 154 154 155 
160 159 159 158 158 157 157 155 149 142 134 125 117 105 89 79 75 74 72 71 70 67 66 66 64 61 58 57 56 54 53 53 52 52 51 50 50 50 50 50 49 50 50 51 50 50 49 49 49 49 49 49 49 49 48 48 47 48 48 49 50 50 49 49 49 48 48 49 49 49 49 48 48 48 48 48 47 47 48 48 48 48 48 48 47 48 47 46 46 46 47 47 46 46 46 46 46 46 46 46 47 47 46 45 44 44 44 46 45 45 45 45 46 47 47 47 48 49 51 52 53 55 58 60 64 74 90 108 122 132 141 147 150 152 153 153 152 151 150 151 153 155 155 155 
159 159 160 160 159 158 156 153 147 141 134 126 118 105 90 80 76 75 74 72 71 67 67 67 65 62 60 59 58 56 54 53 53 53 52 52 51 51 50 50 51 50 51 52 51 51 50 50 50 50 50 50 50 49 48 48 48 48 49 49 50 50 50 49 49 49 49 49 49 49 49 50 49 49 48 47 47 48 49 50 49 48 48 48 47 47 48 48 48 48 48 47 46 46 46 47 47 47 46 46 46 46 47 47 45 45 47 48 48 47 46 47 48 48 49 49 49 51 53 54 55 56 58 60 65 76 93 110 123 133 142 147 149 151 153 154 154 153 151 151 152 153 153 153 
159 159 159 159 158 157 156 152 147 140 133 127 118 106 91 81 77 76 74 73 71 68 68 68 67 64 63 62 60 57 57 56 56 55 54 53 53 52 51 50 51 51 51 52 52 51 51 52 52 52 51 51 51 50 50 50 50 50 50 50 50 50 50 50 50 50 51 50 50 50 50 50 50 49 49 48 49 49 50 51 51 50 50 50 49 48 49 50 49 49 49 48 48 48 48 48 48 48 48 48 48 48 48 49 47 46 48 49 49 48 48 49 49 50 51 52 52 53 54 56 57 59 60 62 68 79 96 112 125 135 143 149 151 152 154 154 155 156 156 155 154 153 153 153 
158 158 157 157 157 156 155 153 147 141 134 126 117 106 92 82 77 76 75 73 73 71 71 69 68 67 66 64 62 60 60 59 58 57 56 56 56 55 54 53 53 53 53 53 53 52 53 53 53 53 53 53 53 53 53 52 52 52 52 52 52 52 52 51 52 52 53 53 53 53 52 51 51 51 51 51 51 52 52 51 51 51 52 52 51 51 51 50 50 50 50 49 49 50 51 51 51 51 51 50 50 50 50 51 51 49 50 52 52 52 51 52 52 53 54 55 55 56 57 58 60 61 62 65 71 82 97 111 122 132 141 149 151 152 152 151 152 154 156 156 155 156 156 154 
158 157 157 158 158 156 155 153 148 142 134 126 117 106 94 84 79 77 76 75 74 72 72 71 70 69 68 66 64 63 63 63 61 60 59 58 58 57 56 56 56 56 56 56 56 55 55 55 55 55 54 54 55 56 55 54 54 54 55 56 55 55 54 53 54 54 55 55 55 55 54 53 54 54 54 53 54 54 54 53 54 54 55 55 54 53 54 53 53 53 53 51 52 53 53 53 53 53 53 52 52 52 52 53 53 52 53 55 56 55 54 55 56 56 57 57 58 59 61 61 63 64 65 68 76 88 102 112 122 131 141 149 152 151 151 151 151 153 155 156 156 156 156 156 
158 158 158 157 156 155 155 153 148 142 135 126 117 107 96 86 81 81 79 77 75 74 74 74 73 70 69 69 68 67 66 65 65 64 62 61 61 61 61 60 60 60 60 59 59 58 58 59 59 58 57 57 58 58 58 58 57 57 57 58 58 58 56 55 56 57 57 57 57 57 57 57 57 56 56 56 57 57 57 57 57 57 57 57 57 57 57 56 56 56 56 56 56 56 56 56 56 55 55 56 56 56 55 56 56 55 57 58 59 58 58 59 59 60 61 61 62 63 65 65 65 66 70 75 84 97 109 119 127 134 141 148 150 150 151 152 152 153 154 155 155 155 155 156 
157 157 158 157 155 155 156 154 150 143 137 129 121 111 101 90 84 83 82 81 81 80 78 78 77 74 74 73 73 73 71 69 69 68 68 67 67 67 67 66 64 64 64 64 65 65 64 64 64 63 62 62 63 63 63 63 62 62 62 61 62 62 61 61 61 62 61 61 61 63 63 62 62 61 61 62 63 63 62 62 62 62 62 62 62 62 62 63 63 62 62 62 62 63 64 64 64 63 63 62 63 64 65 65 65 65 66 66 66 67 69 69 69 70 71 71 72 71 72 71 68 70 76 85 96 107 117 126 134 141 146 150 152 152 152 153 153 154 154 154 154 154 155 155 
157 157 158 158 158 157 157 156 152 147 142 135 128 120 110 98 89 85 85 88 92 93 91 90 89 88 87 87 87 87 84 82 81 81 82 82 82 82 81 80 78 77 77 77 80 79 78 78 77 75 74 76 78 79 78 77 76 76 74 73 76 78 78 78 77 77 76 76 76 79 79 79 77 75 75 75 77 78 79 80 79 78 77 77 78 81 81 81 80 80 79 79 80 82 83 83 83 83 81 80 82 85 86 85 85 86 86 87 87 89 91 92 91 92 93 92 92 90 88 83 79 80 87 96 108 118 125 131 139 146 151 153 154 154 153 153 153 153 154 155 155 155 155 155 
159 158 158 157 158 157 156 155 154 151 147 141 136 130 122 113 104 98 98 101 107 110 111 111 111 110 110 109 108 108 106 105 105 105 105 106 105 103 102 103 102 102 102 102 102 102 101 101 101 101 100 101 101 102 101 99 98 99 99 98 99 101 102 103 102 102 102 102 102 104 103 103 102 101 101 101 102 102 102 103 104 104 104 103 104 105 106 106 105 105 104 105 108 108 108 109 109 108 108 107 108 110 110 109 110 112 112 112 114 116 117 117 116 116 117 118 118 117 113 108 104 105 110 116 122 129 134 139 145 149 153 154 154 154 153 152 152 153 153 154 154 155 155 154 
158 158 157 156 158 157 156 155 154 154 152 148 144 141 138 134 129 124 123 124 128 130 130 131 132 131 130 131 131 130 128 128 129 129 129 128 127 125 125 126 126 127 128 128 126 125 125 125 126 126 127 126 125 123 123 122 122 124 125 125 126 126 126 125 125 124 125 126 126 127 127 126 127 127 128 127 127 128 126 125 125 127 129 129 128 128 127 127 126 126 128 129 130 131 132 131 130 130 131 133 133 133 132 131 131 132 133 134 136 137 137 137 137 137 137 138 138 139 138 135 133 134 137 139 141 143 147 148 150 151 153 154 154 154 154 154 154 154 153 153 152 153 155 155 
157 157 156 156 158 157 157 157 157 157 156 154 151 150 149 148 146 144 144 145 145 143 143 144 145 145 145 146 147 145 143 144 143 143 142 142 143 144 144 141 141 141 143 143 142 141 142 142 142 142 142 142 141 140 140 140 141 142 141 141 143 144 143 143 143 142 142 142 143 143 142 141 141 142 143 143 143 144 143 142 141 143 144 143 144 144 143 142 142 142 142 143 144 144 143 143 142 143 145 146 146 146 146 146 145 144 145 146 147 147 146 147 148 148 148 148 148 150 150 149 149 150 150 150 149 150 151 151 152 153 154 156 156 155 155 156 156 155 155 154 152 152 154 155 
159 158 157 157 158 156 156 157 157 157 156 155 156 155 154 153 153 153 153 153 151 148 148 149 150 150 151 152 152 151 150 150 150 149 148 148 148 148 149 147 147 147 148 148 148 147 148 149 148 148 148 148 148 149 149 148 149 149 148 149 149 149 149 150 150 150 150 149 148 147 147 147 147 148 148 148 148 149 148 148 148 148 148 148 149 150 149 148 148 147 147 147 148 148 147 147 148 149 150 151 151 151 151 151 150 149 149 150 150 149 148 149 149 150 150 151 152 152 152 151 152 153 152 153 152 151 151 152 153 154 155 157 156 155 155 157 156 155 155 155 155 156 157 157 
159 159 159 159 157 155 155 155 155 155 154 155 157 157 155 155 156 155 155 154 152 150 151 151 151 152 154 153 152 152 152 151 150 150 151 152 151 151 151 151 151 150 150 151 150 149 149 150 150 150 151 152 151 151 152 151 150 150 150 151 149 149 149 150 150 151 151 150 149 148 148 150 152 152 151 150 150 151 150 150 150 150 149 149 150 150 150 149 148 149 149 149 149 150 150 150 151 152 151 152 152 151 152 152 151 151 152 151 152 151 150 150 151 151 152 153 153 153 152 151 152 152 153 154 155 155 154 153 154 155 155 155 156 155 155 155 155 155 155 155 154 155 157 157 
158 158 159 159 158 156 155 155 155 155 155 156 157 157 156 156 156 156 155 154 153 152 153 153 153 154 154 153 153 152 151 150 151 152 153 153 153 153 153 152 153 152 152 153 152 151 151 151 151 152 153 153 152 152 153 153 153 153 153 152 150 149 149 150 150 151 151 150 149 148 148 151 154 153 152 151 151 150 150 151 150 149 148 148 148 149 149 150 149 150 151 151 150 151 152 152 152 152 152 152 152 152 151 150 150 151 151 152 152 152 151 151 151 152 152 153 154 154 152 151 151 152 153 153 154 154 154 154 154 154 154 154 155 154 152 152 153 154 154 155 153 154 154 155 
158 158 159 158 158 157 156 156 155 155 155 156 156 156 157 156 156 155 155 154 154 153 155 155 155 155 154 154 154 153 151 151 152 153 154 154 154 154 154 153 153 152 153 154 153 152 153 152 152 154 155 154 152 153 154 154 154 154 154 153 151 150 150 149 150 150 150 150 150 150 151 153 155 154 152 151 150 150 149 150 150 149 148 147 148 148 149 150 151 151 152 151 150 151 153 153 153 152 152 152 152 152 152 150 150 151 151 152 153 152 151 151 152 152 152 153 154 154 154 153 152 151 151 152 152 152 152 153 153 153 152 153 154 153 151 151 152 153 154 154 154 153 152 153 
