174 172 171 172 173 174 174 173 173 174 174 175 176 176 175 176 
172 172 172 172 173 173 174 174 174 174 175 176 176 176 175 177 
171 172 172 173 173 173 174 174 174 174 175 176 177 177 177 177 
170 171 172 172 172 172 173 173 174 174 175 176 176 177 177 176 
170 170 171 168 153 144 154 161 158 164 161 166 164 168 167 170 
170 170 170 152 101 82 105 120 110 126 112 130 116 134 123 138 
170 170 169 142 83 68 84 93 85 99 86 103 87 106 90 109 
169 169 167 147 107 91 73 69 68 71 69 74 70 77 72 80 
168 167 165 141 103 88 67 61 62 62 62 62 62 63 63 64 
167 166 162 135 98 84 65 61 61 61 61 61 61 62 64 65 
165 164 161 132 98 84 65 60 61 61 61 61 61 63 79 91 
164 164 159 126 92 78 63 60 60 60 61 61 61 62 77 106 
164 163 157 126 99 84 63 59 60 60 60 61 61 61 64 84 
163 162 156 118 87 74 61 59 60 60 60 61 60 61 61 65 
163 162 156 123 99 81 61 59 59 63 66 64 64 65 64 64 
161 161 152 108 79 68 59 59 60 73 84 82 79 80 80 81 
