182 176 174 175 176 175 176 175 174 173 173 174 177 176 176 176 176 175 172 137 81 69 91 118 95 67 62 62 62 63 63 77 109 121 123 124 124 125 124 120 93 64 60 68 93 100 105 96 68 60 62 86 90 98 103 73 58 57 57 56 56 55 54 55 
176 174 174 176 176 175 175 175 174 174 174 174 176 176 175 175 175 175 171 139 87 68 74 88 78 65 63 62 62 63 66 89 115 121 120 119 116 113 108 100 78 63 69 75 84 93 98 92 67 60 63 82 97 101 101 77 58 57 57 56 56 55 55 55 
174 174 175 176 175 175 174 174 173 174 174 174 175 175 175 175 174 173 166 148 119 92 72 65 64 63 63 62 62 62 69 93 101 95 89 84 78 74 71 67 63 63 83 100 91 82 78 73 62 67 82 88 87 85 90 71 59 64 64 58 56 56 55 55 
174 174 175 175 175 174 174 173 173 175 174 173 174 175 174 175 174 159 130 125 132 126 93 66 62 62 62 62 61 61 64 68 68 65 63 62 62 61 61 61 60 62 76 103 108 98 72 60 60 77 95 90 90 75 66 60 59 80 93 80 70 58 55 55 
174 174 175 175 175 174 174 173 174 175 174 173 174 173 174 174 169 130 82 80 102 115 87 65 63 62 62 61 60 61 62 62 61 61 61 61 61 61 61 61 66 74 78 96 100 82 66 60 66 77 91 89 93 82 61 57 58 74 100 103 95 67 55 58 
174 174 175 176 175 174 172 173 174 175 174 174 174 175 174 173 168 132 87 69 70 77 68 62 62 62 61 62 61 61 61 61 61 61 61 61 60 60 60 63 82 96 100 93 77 62 59 61 74 89 88 88 86 72 59 59 59 64 89 98 84 67 57 72 
174 174 174 175 174 174 173 174 174 175 174 174 174 175 173 168 156 142 123 98 73 64 63 62 62 61 61 61 61 61 61 61 61 61 61 60 60 61 61 66 86 97 104 102 75 60 61 72 77 80 91 85 65 59 59 76 79 66 71 72 60 57 65 95 
173 174 173 172 173 173 175 175 174 174 174 173 174 174 169 139 106 112 128 122 85 64 63 62 61 61 61 60 60 61 61 61 61 61 60 60 61 61 69 83 79 83 92 96 74 62 67 79 91 88 88 87 63 58 60 83 94 87 73 60 56 59 84 112 
173 173 172 171 171 173 175 173 174 175 174 173 174 173 162 112 73 74 92 98 73 64 62 61 61 61 61 61 60 61 61 61 60 60 60 60 60 63 82 96 86 68 68 72 64 69 85 78 77 86 90 75 60 57 58 65 67 76 81 63 57 73 106 118 
173 174 172 171 172 175 174 172 174 175 174 173 174 173 163 130 93 72 67 67 64 63 62 61 62 61 61 61 61 61 61 60 60 60 60 60 61 68 81 78 89 80 63 60 61 77 98 92 79 64 62 60 58 57 57 56 55 57 61 58 63 94 116 118 
173 173 172 172 173 173 172 172 173 174 173 173 172 155 139 135 126 102 73 63 62 62 61 61 62 61 60 61 61 60 61 60 60 61 60 60 62 77 82 67 73 82 66 60 64 75 92 103 87 64 57 57 58 57 57 55 55 55 55 59 80 111 118 118 
172 172 172 172 172 172 171 172 173 173 173 173 159 112 85 99 120 111 75 63 62 61 61 61 62 61 60 60 61 60 60 60 61 60 61 61 68 80 94 80 64 64 61 64 83 91 91 90 89 73 59 62 72 68 60 56 55 55 56 70 102 118 118 118 
173 172 172 172 172 171 173 173 173 173 173 167 131 81 66 68 81 81 66 63 61 61 61 61 62 61 60 60 61 60 60 60 60 60 61 64 80 91 99 100 76 61 60 74 95 83 84 90 72 62 59 77 96 95 81 65 57 55 61 90 115 118 117 117 
173 172 172 172 171 172 174 173 172 172 172 154 100 68 65 63 64 66 64 62 61 61 61 61 61 61 61 60 60 60 60 61 61 60 64 78 88 87 82 84 73 61 68 82 90 89 86 91 70 58 59 79 101 102 94 82 59 57 77 109 119 118 116 108 
172 172 171 171 172 172 174 173 172 172 171 148 89 66 64 64 68 86 81 65 62 61 61 60 60 60 60 60 60 60 60 60 60 60 70 94 90 93 83 64 60 64 86 92 74 77 92 85 63 61 68 75 88 98 94 81 59 67 99 118 119 119 117 103 
172 172 172 172 172 172 173 172 172 171 171 153 95 66 64 65 83 117 113 78 62 62 61 60 60 60 60 59 59 59 60 60 59 59 68 92 86 86 90 66 60 72 93 96 89 72 67 64 59 73 91 90 86 82 80 66 60 85 114 119 118 117 115 111 
