172 169 164 166 166 166 166 165 164 163 163 162 162 160 159 154 157 168 
168 150 126 131 131 130 130 129 128 126 125 125 124 123 121 114 129 164 
165 133 89 81 80 80 80 79 79 78 78 78 77 77 77 82 115 158 
162 134 87 65 62 62 65 73 74 68 74 76 67 63 63 75 115 154 
159 131 85 63 60 61 65 88 102 90 97 91 68 61 62 73 112 152 
158 130 84 62 61 62 63 75 95 94 85 72 61 60 60 71 110 150 
157 129 83 62 66 74 74 77 82 78 65 60 59 59 59 69 107 149 
156 129 85 67 67 76 75 77 78 75 68 67 65 61 58 67 105 148 
156 128 89 74 66 72 77 78 76 79 80 80 76 64 57 65 103 146 
154 127 81 61 62 71 75 74 68 70 71 64 62 58 55 63 101 145 
154 126 79 58 64 78 80 79 69 71 72 63 61 61 57 62 98 143 
153 125 77 57 69 94 99 98 95 96 97 96 95 93 72 61 96 142 
152 124 76 56 73 108 115 108 101 104 112 114 114 110 80 60 93 140 
150 123 74 55 68 96 102 97 92 92 98 101 100 97 73 58 91 138 
150 123 73 54 56 62 64 64 63 63 63 64 63 62 56 57 88 136 
149 118 69 61 61 61 61 61 61 61 62 62 61 61 61 62 80 133 
149 124 77 65 63 62 62 62 62 62 61 61 60 60 60 64 94 139 
150 134 96 77 71 69 68 68 68 67 67 66 66 67 69 78 116 144 
151 144 128 120 117 115 114 114 114 114 114 114 115 116 118 122 137 148 
