172 172 173 174 174 175 176 176 176 176 176 177 177 177 176 175 174 173 172 
171 172 171 170 171 171 172 172 172 171 171 171 171 170 169 168 165 168 171 
170 168 145 129 134 134 134 133 132 131 130 129 128 127 127 125 117 140 167 
169 164 121 86 83 82 82 82 81 81 80 80 79 79 79 79 86 127 162 
168 162 123 80 64 63 63 66 73 71 68 74 73 65 63 65 81 126 158 
165 159 120 78 62 61 61 69 93 98 88 98 86 65 61 62 79 123 156 
164 158 119 77 61 61 62 64 80 98 93 85 70 61 60 61 77 121 155 
163 157 118 76 61 68 74 73 78 82 76 64 60 59 59 60 75 119 153 
162 156 118 79 65 70 76 75 78 78 73 66 65 64 60 59 73 116 152 
162 156 118 84 71 67 74 78 78 77 79 80 79 74 61 57 71 114 151 
160 154 116 75 60 64 72 75 73 68 72 70 64 62 57 55 69 112 150 
159 153 115 71 57 67 79 80 77 67 72 70 61 60 59 56 67 110 148 
158 153 114 70 56 74 94 97 96 93 94 94 93 93 88 66 66 108 147 
157 151 113 69 56 82 112 114 106 102 106 113 114 113 106 72 64 105 146 
156 150 111 67 54 76 101 103 97 93 94 102 103 102 96 67 62 103 144 
155 149 111 66 53 58 65 66 66 65 65 65 65 65 63 55 60 100 142 
154 149 105 64 60 60 61 60 61 61 61 61 61 61 61 61 62 92 141 
153 149 111 70 64 63 62 62 62 62 62 62 61 61 60 60 66 104 143 
152 149 124 85 70 64 62 61 61 61 60 60 60 59 60 62 78 122 146 
