163 164 165 165 165 163 152 116 86 114 158 174 176 176 175 175 176 176 175 176 
163 163 164 164 163 156 130 96 78 95 135 166 176 176 176 176 176 176 175 176 
163 163 163 162 154 128 94 72 64 70 95 134 166 176 176 176 176 176 176 176 
162 162 161 154 127 93 71 61 61 62 70 94 133 166 175 176 176 176 176 176 
160 159 152 126 95 71 61 61 61 61 65 71 93 132 164 175 176 176 176 175 
157 151 124 92 81 69 66 71 64 63 79 76 71 92 130 164 176 176 175 175 
144 123 88 67 63 66 72 77 73 69 95 95 69 70 91 129 163 175 175 175 
105 86 64 57 62 67 74 75 77 78 92 100 87 77 71 90 128 162 174 175 
69 62 56 64 73 77 75 79 77 80 81 85 96 91 71 69 90 126 160 172 
54 54 69 94 92 81 77 72 77 76 69 65 70 70 65 63 69 89 118 158 
51 57 88 112 111 94 76 66 72 80 72 61 60 60 61 62 66 82 110 154 
57 57 74 104 110 105 90 72 71 73 80 71 61 59 60 64 78 109 145 164 
65 62 58 75 96 99 105 92 72 60 67 72 61 59 61 76 105 140 159 165 
60 63 62 58 74 92 107 110 89 64 57 59 57 59 73 102 138 157 162 165 
61 60 63 62 58 73 101 114 110 89 63 55 57 70 99 135 155 160 163 165 
90 73 60 63 62 58 75 102 113 105 74 56 67 96 133 153 158 161 163 164 
133 110 74 60 63 62 58 74 98 89 64 65 92 130 152 157 160 161 162 163 
147 140 111 73 59 62 62 57 65 61 63 89 127 149 155 158 160 161 162 162 
149 148 140 111 73 58 62 62 55 60 86 124 148 154 157 159 160 161 161 161 
149 149 148 140 110 70 57 62 62 78 119 146 153 155 157 159 159 160 160 160 
