176 176 175 176 176 176 175 175 176 173 148 94 108 150 160 162 163 163 162 161 161 
176 175 176 176 176 176 176 176 175 163 127 88 94 129 153 160 161 162 161 162 161 
175 175 176 175 176 176 176 176 164 129 91 70 72 93 126 151 158 159 160 161 160 
175 176 176 175 175 176 175 165 130 92 70 63 63 70 91 123 149 157 158 159 159 
176 176 176 176 176 175 165 131 92 71 66 62 61 61 67 87 120 147 155 157 157 
175 175 175 176 176 166 132 93 71 77 83 64 60 59 59 65 85 118 145 154 155 
175 175 175 176 167 134 94 71 68 92 92 65 59 60 59 57 62 82 115 143 152 
174 174 174 166 135 95 72 75 88 96 82 62 61 69 67 57 55 60 78 112 141 
174 173 166 135 95 71 68 89 103 94 76 64 71 79 67 57 60 64 60 76 106 
172 164 134 96 70 62 63 69 75 81 80 75 80 71 58 63 86 96 72 58 70 
168 139 94 73 62 61 61 64 73 79 77 78 74 70 67 88 109 111 90 59 57 
168 148 110 81 65 60 62 73 76 76 78 71 66 74 91 110 113 103 74 57 62 
169 166 146 108 79 64 62 71 74 76 75 75 71 89 107 111 103 76 58 62 62 
169 167 162 142 107 78 64 66 68 70 77 81 92 104 99 95 75 58 62 62 57 
167 166 165 160 141 106 83 75 61 67 78 93 110 105 94 74 58 62 63 59 69 
166 166 165 164 159 140 107 78 60 59 75 105 115 103 75 58 62 63 59 72 107 
165 165 165 164 162 158 138 102 73 58 61 85 98 76 58 62 63 60 73 109 138 
165 164 164 163 163 161 156 137 101 71 56 59 64 58 62 63 60 73 109 139 148 
164 163 163 163 162 161 159 155 136 99 68 55 54 61 63 61 73 109 139 147 149 
163 163 162 162 162 161 160 158 154 134 97 66 61 64 62 75 110 140 148 148 147 
162 162 162 162 161 160 160 158 156 152 132 89 69 69 79 112 140 147 149 145 123 
161 161 161 161 160 160 159 158 156 155 150 131 105 92 115 141 148 149 148 123 63 
