172 172 173 173 174 175 175 175 176 176 175 176 176 175 175 175 174 174 173 172 171 171 
171 171 172 173 174 174 175 175 175 176 176 176 176 176 175 175 174 174 173 172 171 171 
171 171 172 172 173 174 175 176 176 176 176 176 176 176 176 175 175 174 173 172 171 170 
170 170 171 169 166 167 168 168 169 168 167 167 167 167 166 165 164 161 163 170 170 169 
170 170 168 142 117 123 123 122 122 121 120 119 119 118 117 117 115 109 129 164 168 168 
169 169 166 129 86 77 76 76 76 76 75 75 75 75 74 74 74 82 119 159 166 167 
168 167 163 129 84 64 62 62 65 76 76 69 77 78 67 63 63 77 118 156 164 166 
166 165 161 127 82 62 60 61 66 90 104 92 99 88 66 61 62 75 116 154 162 164 
165 165 160 125 81 62 61 63 64 75 93 91 81 69 61 60 60 73 114 153 161 163 
165 164 159 125 80 61 67 76 75 78 82 76 64 60 59 59 59 71 112 151 159 161 
163 163 158 124 84 68 68 75 75 77 77 75 69 68 66 61 58 69 109 150 158 160 
162 162 157 123 85 71 66 72 78 77 76 79 80 79 74 62 57 68 108 149 157 160 
162 161 156 122 77 59 63 73 76 74 67 70 70 62 60 57 55 65 105 147 156 158 
161 160 155 121 75 57 66 79 81 79 70 73 73 65 64 63 57 64 103 146 155 157 
160 159 154 120 74 56 73 98 102 100 98 100 100 100 99 95 71 63 101 145 154 156 
159 158 153 119 72 56 78 111 115 106 100 104 113 114 114 108 76 62 99 143 153 155 
157 156 152 117 70 54 70 94 97 93 89 89 95 97 96 92 68 60 96 141 151 154 
156 155 151 116 69 54 56 60 61 61 61 61 61 61 61 60 55 59 93 140 151 153 
155 155 150 111 66 62 62 62 62 62 62 63 63 62 62 62 62 62 86 138 150 152 
154 154 150 120 76 65 62 61 61 61 61 61 60 60 59 59 59 66 103 142 150 151 
153 152 150 131 96 81 75 73 72 71 71 71 71 70 70 71 73 85 123 146 149 150 
152 152 151 144 132 127 125 123 123 122 122 122 122 122 123 123 125 129 141 148 149 150 
151 151 150 149 148 147 147 146 146 146 145 145 145 145 145 145 146 146 148 148 149 149 
