162 152 126 112 82 60 60 60 60 60 60 61 61 64 92 120 123 115 94 93 108 94 66 61 
161 151 115 95 74 60 59 60 60 60 60 60 60 62 77 108 119 115 99 91 96 78 63 61 
161 149 106 85 70 60 59 60 61 61 61 61 62 62 64 77 86 86 82 78 72 63 60 60 
161 151 115 95 74 60 59 60 69 74 72 72 75 74 74 73 76 77 69 62 60 60 60 60 
161 148 104 82 68 59 59 61 79 87 87 81 80 84 93 91 91 91 78 61 59 59 59 59 
160 150 115 96 74 59 58 59 72 78 75 71 69 72 81 77 77 79 70 60 59 59 59 59 
159 147 103 81 74 70 66 60 67 72 72 72 71 71 72 68 67 70 69 69 68 69 70 67 
160 149 115 97 96 95 83 62 71 79 79 84 86 88 85 81 83 86 86 90 89 91 90 85 
158 146 102 80 75 71 66 59 65 70 70 76 83 82 75 78 82 82 81 86 85 85 83 80 
157 147 111 91 71 57 56 56 61 63 64 65 68 66 64 62 63 65 64 66 63 62 61 60 
157 146 103 79 65 56 55 57 70 77 81 78 79 79 81 62 60 72 69 77 65 56 55 56 
156 146 108 85 68 55 55 57 74 83 88 85 84 86 87 64 58 71 75 85 68 56 55 55 
157 146 106 81 66 55 54 56 65 70 72 71 71 71 72 62 59 64 65 68 64 59 58 58 
156 145 105 81 66 55 54 56 75 89 90 91 91 91 91 90 90 90 90 90 90 90 90 90 
155 146 108 83 66 54 53 57 88 113 115 116 117 117 116 116 116 116 116 116 115 115 115 114 
155 144 102 76 62 53 53 57 88 113 116 117 117 114 103 104 106 107 111 115 116 115 115 114 
154 145 109 82 65 53 52 56 88 113 116 117 117 109 91 93 88 89 101 113 115 115 114 114 
154 143 98 71 60 52 52 56 87 113 115 116 117 111 102 105 99 95 98 110 114 114 114 114 
153 145 108 81 64 52 51 54 75 93 95 96 97 97 96 96 96 94 93 95 97 96 95 95 
152 142 97 69 58 51 51 51 55 58 59 59 59 59 59 59 59 59 59 59 59 59 59 59 
153 144 109 81 63 51 50 50 50 51 51 51 51 50 51 50 50 50 51 50 50 50 50 50 
152 141 94 63 58 60 56 59 56 59 58 57 59 56 60 56 61 55 61 56 60 58 59 60 
151 139 85 52 56 74 64 73 66 72 69 68 73 66 75 64 76 64 76 66 73 69 70 73 
151 142 100 62 58 68 62 67 62 66 64 64 66 62 68 62 68 61 68 62 66 64 64 66 
