30 10 3 3 3 3 3 3 3 4 4 4 4 4 4 3 4 4 5 5 5 4 4 4 4 4 4 4 4 4 4 5 5 5 5 6 6 7 17 58 117 160 168 137 57 16 8 7 7 6 6 6 6 5 5 5 5 5 6 5 5 5 5 5 5 5 5 5 5 5 6 5 4 4 9 49 
10 5 3 3 3 3 3 3 4 5 5 5 5 5 4 3 4 4 5 5 5 4 4 4 4 4 4 4 4 4 4 5 5 5 5 6 6 7 9 22 46 67 72 56 24 9 7 6 7 6 6 6 6 5 5 5 5 5 6 5 5 5 5 5 5 5 5 5 5 5 6 5 5 4 7 38 
3 3 3 3 3 3 3 3 4 5 5 5 5 5 4 4 4 4 5 5 5 4 4 4 4 4 4 4 4 4 4 5 5 5 5 6 6 6 6 6 7 8 10 10 7 6 5 6 6 6 6 6 5 6 6 6 6 5 5 5 5 5 5 5 5 6 5 6 5 5 6 5 5 4 4 11 
3 3 3 3 3 3 3 3 4 5 6 5 5 5 5 4 4 4 5 5 5 4 4 5 4 4 4 4 4 4 4 5 4 5 5 5 6 6 6 6 5 5 7 9 6 5 5 6 6 5 6 6 6 6 6 6 6 5 6 5 5 5 5 5 5 5 5 5 5 5 5 5 5 5 4 4 
3 3 3 3 3 3 3 3 4 5 5 5 5 5 5 4 5 5 5 5 5 5 4 5 5 5 4 4 4 4 4 4 5 4 5 5 5 5 6 5 5 5 6 6 5 5 5 5 6 5 6 6 6 6 6 6 6 5 6 6 6 5 5 5 5 5 5 5 5 5 5 4 4 4 4 4 
3 3 3 3 3 4 4 7 10 9 10 10 7 6 5 5 7 9 11 10 10 9 6 5 5 5 4 5 7 8 10 12 10 7 6 5 5 5 6 7 8 8 9 8 6 5 5 5 6 8 9 8 8 8 7 6 6 5 6 7 9 10 9 8 7 6 5 5 5 4 4 3 2 2 3 4 
3 3 3 3 4 4 6 29 52 50 53 46 18 6 6 15 36 49 52 49 52 41 16 6 5 6 10 21 35 46 54 58 52 41 25 11 6 6 13 34 43 40 43 37 16 6 6 6 13 33 42 38 40 32 13 6 6 9 20 34 45 49 45 40 30 18 8 5 5 5 4 2 2 2 2 3 
4 4 3 4 4 5 8 47 87 90 91 79 33 8 14 48 83 92 92 91 87 59 19 7 6 16 43 71 85 90 93 94 92 88 74 48 20 8 21 59 85 87 88 82 48 13 7 9 35 77 89 88 86 61 19 7 13 35 64 82 88 88 87 85 78 61 33 12 5 5 4 2 2 2 2 2 
4 4 4 4 4 5 10 52 91 94 95 85 38 14 42 82 96 96 96 90 66 28 9 7 15 49 83 95 96 96 96 96 96 96 95 86 58 23 13 30 71 93 95 93 76 33 10 20 64 93 97 97 84 42 11 12 41 77 91 94 94 93 93 93 93 90 75 42 12 5 4 2 2 2 2 2 
4 4 4 4 5 5 10 52 92 95 95 84 42 41 79 94 96 96 90 65 28 8 6 10 39 82 94 95 95 89 78 78 87 94 95 95 87 48 12 9 39 82 95 94 89 61 25 45 86 96 96 91 58 17 8 31 75 93 94 93 89 83 81 87 93 93 91 74 30 7 5 3 2 2 2 3 
4 4 4 5 5 5 9 50 91 96 96 87 62 77 94 96 96 91 68 29 9 5 6 17 62 92 94 95 88 57 28 28 46 80 95 96 94 72 25 6 14 54 90 95 94 83 62 77 94 96 95 73 28 9 13 53 90 95 94 86 60 38 34 52 82 93 94 88 56 14 5 5 4 4 4 4 
4 4 4 5 5 6 11 54 92 96 96 94 89 94 96 96 94 74 33 10 6 6 7 27 76 94 94 94 72 24 6 6 14 56 91 95 94 85 40 7 6 25 70 93 95 93 89 92 95 95 84 43 12 7 21 70 94 96 92 69 25 8 7 17 58 91 94 92 72 23 6 5 5 5 5 5 
4 4 5 5 5 6 10 51 92 96 97 97 96 96 96 96 94 69 24 8 6 6 8 34 82 94 94 91 56 13 5 5 8 41 86 94 94 88 47 9 5 10 39 81 94 94 94 94 94 90 58 18 7 8 28 78 95 96 90 54 13 6 6 8 41 86 94 93 80 32 7 5 5 6 5 5 
4 5 5 5 6 6 11 53 92 96 97 98 97 96 96 95 95 85 47 13 6 8 15 43 85 93 94 91 53 11 5 5 6 34 84 94 94 87 45 8 5 6 16 54 88 94 94 94 93 71 28 9 7 9 33 81 95 95 89 49 11 7 6 8 36 84 95 93 82 37 8 5 5 5 5 5 
4 4 5 5 6 6 11 54 92 96 97 97 96 93 93 95 96 94 73 29 8 8 23 51 84 90 93 90 52 11 5 6 7 35 83 94 94 87 45 8 5 6 7 26 73 93 94 94 85 44 12 8 8 9 31 79 91 95 90 50 12 7 7 9 41 86 95 94 80 33 7 6 5 5 5 5 
5 5 5 6 6 6 11 51 91 96 97 96 90 71 73 92 95 96 89 55 16 7 12 34 78 91 94 92 59 16 6 6 10 46 88 94 94 84 39 7 5 6 7 14 59 92 94 94 77 29 9 8 8 9 24 72 89 93 93 60 16 8 8 12 49 89 96 93 77 30 7 6 6 6 6 5 
5 5 5 6 6 7 12 54 91 96 96 92 68 31 38 80 95 96 95 80 38 9 6 19 66 92 94 93 79 41 17 14 29 69 92 93 93 76 28 6 5 6 6 13 56 91 94 94 79 30 9 8 8 10 19 64 90 90 94 77 38 18 16 30 70 94 97 92 69 23 7 6 6 6 6 5 
6 6 6 6 7 7 12 52 91 96 96 85 43 12 18 59 91 96 96 92 66 22 7 11 43 85 94 94 92 80 64 58 72 90 94 93 89 58 15 6 6 6 7 14 60 92 95 94 76 28 10 9 9 10 14 45 82 86 92 93 78 61 60 74 91 97 95 87 52 15 8 7 7 6 6 6 
7 8 7 8 8 8 13 55 92 95 95 83 37 10 10 34 80 95 96 95 85 48 14 8 20 60 88 94 94 94 92 91 93 94 93 91 72 30 8 6 7 8 7 14 58 92 96 95 77 29 11 11 11 11 12 22 58 83 92 96 95 93 93 95 96 95 90 70 29 10 9 8 8 7 7 7 
9 10 10 9 9 9 14 55 89 92 92 79 35 11 9 18 58 89 93 92 91 72 29 10 10 26 59 82 91 93 93 93 93 91 86 68 35 11 6 7 8 9 8 16 60 90 93 93 76 30 12 12 12 12 12 14 29 58 80 90 93 94 94 93 91 86 68 37 15 10 10 10 9 9 10 11 
11 11 11 10 11 11 13 36 58 63 61 50 24 11 9 11 29 57 61 64 62 56 32 11 9 11 21 38 57 68 72 74 67 57 46 27 12 8 7 8 8 9 9 14 44 61 61 64 51 22 13 13 13 13 13 13 14 23 41 59 68 73 71 66 60 51 30 16 12 12 13 12 11 11 12 12 
11 10 10 10 11 11 10 13 17 19 17 15 12 10 9 9 12 17 19 20 19 17 13 10 9 9 9 12 17 22 24 25 21 15 13 10 8 7 7 8 8 9 9 10 15 18 18 20 19 14 13 12 13 13 13 13 13 14 16 22 25 30 27 24 22 20 14 13 13 13 14 13 12 12 12 13 
9 8 8 8 9 9 8 7 8 9 8 8 9 9 8 8 8 9 10 10 9 8 8 8 8 8 8 9 9 8 8 8 8 7 8 8 6 6 6 7 7 8 9 8 8 9 9 10 12 12 12 12 12 13 13 12 13 13 13 14 14 15 14 14 15 16 13 13 13 12 13 12 12 11 11 12 
8 8 7 7 8 8 7 6 7 8 7 7 8 8 7 7 7 8 9 9 8 8 7 8 8 7 7 8 8 7 6 7 7 6 6 7 6 5 5 6 7 8 8 7 7 8 8 9 10 11 11 11 11 12 13 12 12 12 12 12 13 14 14 13 14 15 13 12 12 12 12 12 11 10 9 10 
7 7 7 8 8 9 7 6 7 8 7 7 7 7 7 7 7 7 8 8 8 8 7 8 7 7 7 7 8 6 6 7 7 6 6 7 6 5 5 6 6 7 7 7 7 7 8 9 10 10 10 11 11 12 13 13 12 12 12 12 12 14 13 12 13 15 14 13 11 11 12 12 11 10 9 9 
7 7 7 8 8 8 7 6 7 7 7 7 7 7 6 7 6 7 8 7 7 7 7 9 8 8 7 7 8 6 6 7 7 6 6 7 6 5 5 6 6 7 7 7 7 7 8 10 11 11 11 12 11 12 14 14 13 12 12 13 14 14 13 12 14 15 16 15 13 12 13 12 11 10 9 9 
7 7 7 8 8 9 7 6 7 8 7 7 7 7 7 7 6 7 8 8 7 6 7 8 8 8 7 8 8 7 6 7 7 6 6 7 6 6 5 6 6 6 7 8 7 8 8 10 11 11 12 12 12 12 14 14 14 13 13 14 14 15 14 14 14 15 15 15 13 12 13 12 11 10 9 9 
8 7 7 8 9 10 8 7 7 9 8 7 8 7 7 7 7 7 8 8 7 7 7 8 8 8 7 8 8 7 7 7 7 6 6 7 6 6 6 6 6 7 8 8 8 8 8 9 11 12 12 12 13 13 13 14 13 13 13 13 14 15 14 14 15 15 14 14 12 12 12 11 10 9 9 8 
