16 16 16 16 16 16 16 16 16 16 16 16 21 68 150 173 174 173 173 173 172 171 170 169 169 168 166 165 164 162 160 159 156 134 61 20 16 16 16 16 
16 16 16 16 16 16 16 16 16 16 16 18 45 115 165 174 174 174 173 173 172 171 170 170 169 168 167 165 164 163 161 159 157 147 101 40 18 16 16 16 
16 16 16 16 16 16 16 16 16 16 18 45 114 165 174 174 175 174 174 173 172 172 171 170 169 168 166 165 164 163 161 159 157 155 145 100 40 18 16 16 
16 16 16 16 16 16 16 16 16 18 45 114 165 175 175 175 175 174 174 173 173 172 171 169 168 168 166 165 164 162 161 159 158 156 154 143 99 40 18 16 
16 16 16 16 16 16 16 16 18 45 115 165 175 176 175 175 175 175 174 174 173 170 167 168 167 166 166 164 163 162 161 160 158 157 155 152 142 98 40 18 
16 16 16 16 16 16 16 18 45 115 165 175 176 176 176 176 175 175 175 175 170 143 135 158 163 164 164 164 163 162 161 160 159 157 155 153 151 141 97 40 
16 16 16 16 16 16 18 45 114 165 176 176 175 176 176 176 175 176 176 172 149 106 95 128 153 160 162 162 162 161 161 160 159 157 155 154 152 150 139 100 
16 16 16 16 16 18 45 114 165 175 175 175 176 176 176 176 176 176 173 151 111 79 73 93 125 151 159 160 160 161 161 160 158 157 156 154 152 150 148 140 
16 16 16 16 18 45 114 164 175 176 175 176 176 175 175 176 176 173 152 112 80 65 63 70 90 122 148 157 159 160 160 159 158 157 156 154 152 151 149 146 
16 16 16 18 45 113 164 174 175 175 175 176 176 176 176 176 173 153 112 80 67 63 61 61 67 86 119 147 156 157 158 158 157 157 155 154 152 150 149 146 
16 16 18 44 113 164 174 174 174 175 175 175 175 176 176 173 153 114 80 71 79 68 61 60 60 65 84 116 145 154 155 156 156 156 155 153 152 150 148 146 
16 18 44 112 162 173 173 173 174 175 175 175 175 176 174 155 115 81 67 81 98 72 60 59 59 58 62 81 113 142 152 154 154 154 154 153 152 150 148 146 
21 44 111 162 172 173 173 174 174 174 175 174 175 173 156 116 82 70 77 91 92 68 60 63 66 58 55 60 78 110 141 151 152 153 153 152 152 150 148 145 
67 112 160 171 172 172 173 173 173 173 174 174 172 155 117 82 67 81 103 102 82 65 65 76 73 59 56 60 60 75 107 138 149 151 151 151 151 150 147 145 
146 160 170 171 171 172 172 172 172 172 173 171 155 117 82 65 63 71 80 83 81 73 77 78 63 58 71 89 73 59 72 103 134 148 150 150 150 149 147 146 
168 169 170 170 171 171 171 172 171 172 172 157 112 83 66 61 61 62 68 79 79 77 78 71 63 72 99 111 98 65 56 68 97 140 148 149 149 148 148 147 
168 168 169 170 170 170 170 171 171 171 171 155 111 84 66 61 61 67 75 75 78 75 68 71 79 100 113 111 91 62 58 63 77 124 146 149 149 149 148 140 
166 167 168 169 169 170 170 170 170 170 170 167 149 112 81 64 61 70 76 76 77 74 69 76 100 112 111 92 65 58 63 60 69 112 144 148 149 149 137 96 
166 167 168 168 169 169 169 169 169 169 169 168 164 145 109 80 64 64 69 71 74 79 83 99 103 100 90 65 58 63 59 61 90 130 147 149 149 138 92 38 
165 166 167 167 168 168 169 168 168 168 168 167 165 161 143 108 81 76 65 65 76 84 102 107 98 86 64 58 64 60 61 87 127 145 148 149 139 93 37 18 
164 164 165 166 167 168 167 168 167 167 167 166 165 164 160 142 109 84 63 58 69 96 114 111 90 65 58 64 61 61 86 126 145 149 149 138 93 37 18 16 
162 163 164 165 166 166 166 166 166 166 166 166 165 164 163 159 141 105 75 59 60 84 105 93 65 58 64 61 62 86 125 145 149 149 138 93 37 18 16 16 
161 162 163 163 164 164 165 165 165 165 165 165 165 164 163 162 157 139 104 73 57 60 72 63 58 64 61 62 87 125 144 149 149 138 93 37 18 16 16 16 
142 154 161 162 163 163 163 164 164 165 164 164 164 163 163 162 160 156 138 102 70 55 53 57 64 61 63 87 125 145 148 149 139 93 37 18 16 16 16 16 
69 110 152 160 161 162 162 163 163 163 163 163 163 163 162 161 160 159 155 136 99 68 59 63 62 64 88 126 145 148 148 138 93 37 18 16 16 16 16 16 
21 45 109 151 159 160 161 162 162 162 162 162 162 162 161 161 160 159 157 152 135 94 66 66 68 90 126 145 148 148 138 93 37 18 16 16 16 16 16 16 
16 19 45 109 151 158 159 161 161 161 161 161 161 161 160 160 159 159 157 155 152 132 102 86 98 129 146 149 149 139 93 37 18 16 16 16 16 16 16 16 
16 16 19 45 108 150 158 159 159 159 159 160 160 160 159 159 159 158 157 155 154 151 141 126 134 147 150 149 139 94 37 18 16 16 16 16 16 16 16 16 
16 16 16 19 45 108 149 156 157 158 158 158 158 158 158 158 158 157 156 155 154 153 151 148 149 149 149 140 94 37 18 16 16 16 16 16 16 16 16 16 
16 16 16 16 19 46 112 151 156 156 156 156 156 157 157 157 157 156 155 154 153 152 152 151 150 150 143 98 38 18 16 16 16 16 16 16 16 16 16 16 
