152 154 157 161 163 165 166 168 168 169 170 171 172 173 173 173 174 174 174 175 175 175 174 174 174 174 172 172 172 171 171 170 170 169 168 166 165 163 160 157 
153 155 158 162 165 166 167 168 169 171 172 172 173 174 174 174 175 175 175 176 176 176 175 175 175 174 174 173 173 173 172 172 170 169 168 167 166 164 162 158 
156 158 161 164 166 167 168 169 171 172 172 173 173 174 174 174 175 176 175 176 176 176 176 176 175 175 174 174 174 173 172 172 171 170 169 168 167 165 163 159 
157 159 162 164 166 167 168 169 170 171 172 173 173 173 173 174 175 175 175 175 176 175 176 176 175 175 175 174 174 173 173 172 171 170 169 168 167 165 163 160 
159 160 163 165 166 168 168 169 170 171 172 173 173 174 174 174 175 175 175 176 176 176 176 176 176 175 175 174 174 173 173 172 171 170 169 168 167 165 163 161 
159 161 163 164 166 168 168 169 170 171 171 172 173 173 174 174 175 175 176 176 175 176 176 176 176 175 174 174 173 173 172 171 170 169 169 167 166 164 163 161 
159 161 163 164 166 167 168 169 170 170 171 171 172 173 174 174 175 175 175 176 176 176 176 176 176 175 174 174 173 172 172 171 170 169 169 167 166 164 162 161 
159 160 162 164 166 167 168 168 169 170 171 171 172 172 173 174 174 175 176 176 176 176 176 176 176 176 175 174 173 172 172 171 170 169 168 167 166 164 163 161 
159 160 162 163 165 166 167 168 169 169 170 170 171 172 170 171 172 172 173 173 173 172 172 172 172 171 170 168 167 171 171 170 169 168 168 166 165 163 162 160 
159 160 161 163 164 165 166 168 168 168 169 170 170 159 134 136 138 137 137 136 135 134 133 133 132 132 130 125 128 160 169 169 168 168 167 166 164 162 161 160 
158 159 160 162 163 165 166 167 168 168 169 169 169 146 96 85 84 84 84 84 83 83 82 82 82 81 81 82 103 152 166 168 168 167 166 165 164 162 161 160 
158 159 160 162 163 165 166 166 167 167 168 168 167 145 96 68 63 63 64 70 72 67 70 74 68 64 64 71 104 149 163 166 166 166 165 164 163 162 160 159 
157 158 159 161 162 164 165 165 166 166 167 166 164 142 94 66 61 61 63 82 100 89 92 95 73 62 62 68 101 146 161 164 165 164 164 163 162 161 160 158 
157 157 159 161 162 162 164 165 165 165 166 165 163 140 93 65 60 61 62 71 95 98 90 79 64 60 60 67 99 145 160 163 164 163 163 162 161 160 158 156 
156 157 158 160 161 162 163 164 164 165 165 164 162 140 92 64 63 72 72 75 81 81 69 62 60 59 59 65 97 143 159 161 162 162 162 161 160 159 157 155 
155 156 157 159 160 161 163 163 163 164 164 163 161 139 92 68 65 75 75 77 79 76 68 65 64 61 58 64 95 141 158 160 161 162 161 161 159 158 156 155 
154 155 157 158 159 160 162 162 163 163 163 163 161 138 95 77 67 71 77 79 77 78 80 80 77 67 57 62 93 140 157 159 161 161 160 159 158 157 155 154 
154 154 156 157 158 160 161 161 162 162 162 162 159 137 89 65 61 70 74 75 69 70 72 67 64 60 55 60 91 139 155 158 160 160 159 159 158 156 154 152 
153 153 154 156 157 158 160 161 161 161 161 160 158 136 87 60 61 75 80 79 69 69 72 63 59 59 57 59 88 136 154 157 159 159 158 158 156 155 153 151 
151 152 154 155 156 157 158 159 160 160 161 160 157 135 86 59 63 87 95 95 92 92 93 91 90 89 74 60 86 135 153 156 158 158 157 156 156 154 152 150 
150 151 153 155 155 156 158 159 159 159 159 158 156 134 84 58 67 103 115 110 103 104 111 114 113 111 88 60 84 134 152 155 156 156 156 155 154 153 152 150 
150 151 152 154 155 156 157 158 158 158 158 157 155 133 82 56 64 95 105 101 95 93 101 105 104 102 82 58 82 131 151 153 155 155 155 154 153 152 150 148 
149 150 151 152 153 154 156 157 157 157 157 156 154 132 81 56 55 64 67 68 67 66 67 67 67 66 60 55 79 129 150 152 154 154 154 153 152 150 149 147 
147 149 150 151 152 154 155 155 156 156 156 155 153 129 75 60 59 60 60 60 60 60 60 60 60 60 60 60 73 125 149 151 152 153 152 152 150 149 148 145 
145 147 149 150 152 153 154 154 154 155 154 154 152 132 81 65 63 63 63 62 62 62 62 62 61 61 61 62 82 131 149 151 151 152 151 150 148 148 145 143 
143 145 148 149 150 151 152 153 153 153 153 153 152 139 100 76 69 66 65 64 65 64 64 63 63 63 64 70 104 141 149 150 150 151 150 149 147 146 143 140 
142 144 147 148 149 150 152 152 152 152 152 152 151 146 128 117 113 111 110 109 109 109 108 109 109 110 111 115 131 146 149 149 150 149 148 147 145 144 141 139 
141 142 145 147 148 149 150 151 151 150 151 151 151 150 148 147 146 145 145 145 144 144 144 144 145 145 145 145 147 148 148 149 148 148 146 145 144 142 139 136 
138 140 143 145 147 147 148 149 149 149 150 150 150 150 150 150 150 149 149 149 148 149 149 149 149 150 149 149 149 150 150 149 148 148 146 145 143 141 138 134 
136 138 140 143 145 146 147 148 148 148 149 149 149 150 149 149 150 150 149 149 148 149 149 149 149 149 149 149 149 149 149 147 147 146 144 143 141 138 135 132 
