204 183 174 174 172 174 176 176 176 175 175 176 177 176 176 176 175 174 174 173 172 173 173 174 177 179 177 175 175 176 176 177 177 176 176 176 175 171 152 107 72 65 65 79 106 131 141 133 104 74 63 61 62 63 62 61 61 62 64 64 63 62 65 85 111 119 121 123 123 124 124 124 124 124 124 124 124 124 124 122 104 74 62 59 60 60 62 84 110 93 79 98 112 110 105 76 60 59 60 60 59 64 92 104 78 73 101 116 109 85 63 59 58 57 56 56 56 56 56 56 57 57 55 53 54 55 54 53 
183 175 174 174 172 174 176 177 176 176 175 176 176 175 175 175 174 173 173 173 173 174 174 175 178 178 176 175 176 176 176 176 177 176 175 175 174 169 143 95 70 67 65 68 82 107 127 122 91 69 64 63 62 62 61 61 61 62 63 63 62 63 71 96 116 120 122 123 122 123 125 124 124 125 125 126 126 127 126 118 92 67 60 59 59 59 61 76 104 108 102 110 106 101 107 81 62 59 60 60 59 64 92 108 84 75 100 114 111 96 68 59 58 57 56 57 57 57 57 56 56 56 55 54 54 55 55 54 
174 174 174 174 174 175 176 177 176 175 175 175 175 174 174 175 173 172 174 174 175 174 174 176 176 176 175 175 176 175 175 176 175 174 174 175 175 167 140 94 68 65 66 65 66 73 86 91 73 64 65 64 63 62 61 62 62 62 63 64 63 67 86 111 121 123 124 124 124 125 127 125 125 126 124 122 117 115 109 96 74 63 59 60 65 70 66 66 80 96 104 102 96 104 107 79 62 59 58 59 59 61 81 109 110 104 111 104 101 103 74 59 57 56 57 57 57 58 57 56 56 55 55 55 54 55 56 55 
175 174 174 174 175 176 176 176 175 174 175 175 173 173 175 175 172 172 175 176 175 173 173 174 174 174 175 176 176 174 174 175 175 173 174 176 175 168 152 126 94 71 63 64 66 65 65 67 64 62 64 64 64 62 61 62 62 62 62 63 64 78 106 121 124 125 124 122 121 118 114 107 102 98 93 87 81 77 73 68 63 60 60 64 83 100 89 75 68 69 72 77 96 107 93 69 60 59 59 60 61 63 68 87 103 105 104 97 102 102 75 59 56 57 57 57 56 56 56 56 56 55 55 55 55 54 55 55 
174 174 173 174 176 176 176 175 175 176 176 174 172 175 176 173 172 173 175 176 174 173 174 174 175 176 176 176 175 174 175 175 174 173 175 175 172 166 156 142 128 108 83 67 64 65 64 63 62 62 63 64 65 63 62 62 62 62 61 61 65 88 112 114 110 102 96 90 85 81 76 72 67 65 65 64 63 63 62 61 61 61 61 65 90 114 114 105 87 77 73 68 76 78 68 60 59 59 62 74 86 90 87 79 74 71 77 99 109 92 68 58 57 57 60 62 58 55 55 55 56 56 55 56 55 55 55 55 
175 175 173 173 176 176 175 174 175 176 175 173 173 175 174 172 172 175 176 174 173 174 174 173 175 176 176 175 174 173 175 175 174 175 175 170 160 156 151 139 134 135 125 100 74 64 62 62 62 63 62 62 64 63 62 61 61 61 61 61 64 73 81 79 73 69 67 64 63 62 62 62 61 61 61 61 62 62 61 61 61 61 61 62 78 108 113 111 112 107 97 73 63 61 61 59 59 60 70 98 107 107 110 105 85 66 64 77 81 69 60 59 57 59 76 86 77 64 58 57 56 56 55 56 55 55 55 56 
175 175 173 174 176 176 175 174 175 175 174 174 175 175 173 171 173 175 176 174 174 174 173 172 175 175 175 174 173 173 175 175 175 174 169 150 126 123 134 137 137 138 139 131 102 72 63 62 62 62 62 62 62 62 61 61 61 60 61 62 63 63 62 63 62 62 63 61 60 61 61 61 61 61 61 62 61 62 61 60 60 60 60 61 68 95 108 97 111 120 111 90 68 60 60 59 59 60 75 105 98 80 85 100 105 86 66 61 60 58 57 58 57 62 90 111 106 91 73 66 67 60 56 56 55 54 54 56 
174 174 173 174 175 175 175 175 175 174 173 174 175 174 172 172 173 174 175 175 175 173 172 173 175 174 174 173 174 175 175 175 175 171 152 112 82 77 94 118 134 139 137 129 102 73 64 63 63 62 61 61 62 62 61 61 61 60 61 63 63 62 61 61 60 61 62 62 61 60 61 62 61 61 61 61 61 61 61 60 59 60 61 61 63 84 111 108 112 110 105 98 72 58 58 58 58 60 72 101 104 79 66 73 96 104 78 61 58 57 56 57 56 58 79 107 112 109 103 98 92 69 56 55 55 54 54 56 
174 174 174 174 175 175 176 176 174 174 174 175 174 173 173 173 174 175 175 175 175 173 173 174 174 173 172 173 175 175 175 174 173 164 127 84 68 65 67 79 103 126 132 113 82 65 63 63 63 62 62 62 62 61 61 61 60 60 61 63 63 62 61 61 62 62 62 61 62 61 61 62 62 61 61 61 61 61 61 60 61 66 69 68 65 72 102 119 113 89 75 73 63 58 58 59 64 64 65 81 105 104 85 74 87 107 88 64 59 58 57 57 57 57 66 97 107 95 107 115 109 81 61 55 55 54 56 62 
175 175 173 174 175 174 176 176 174 175 175 174 173 172 173 173 174 174 175 175 174 174 174 174 174 173 173 174 174 174 174 174 173 159 116 74 65 65 64 64 70 88 106 92 68 62 63 63 63 63 63 62 61 62 61 60 60 60 61 61 62 62 62 62 62 61 61 61 62 62 60 61 61 61 60 61 61 61 60 61 70 88 99 100 91 78 85 103 95 72 62 59 59 59 59 61 78 89 77 69 80 100 108 105 106 107 85 63 59 58 57 57 57 58 61 82 105 96 104 112 110 98 72 56 54 55 59 77 
175 174 173 175 175 176 177 176 175 176 175 173 172 171 173 174 174 174 175 175 174 174 175 175 174 174 176 175 174 172 173 175 173 163 136 96 71 64 63 64 64 65 72 70 63 61 61 62 62 62 61 60 60 63 63 61 60 61 61 61 61 61 61 60 60 61 60 60 61 61 60 60 60 60 60 60 60 60 60 65 88 106 103 107 115 106 86 76 69 62 58 58 59 59 58 60 76 103 105 92 77 73 84 97 97 83 68 60 57 56 56 58 57 57 57 67 98 112 109 91 82 83 68 56 54 55 68 95 
174 173 174 174 175 177 177 176 175 176 175 173 171 171 173 174 174 174 176 175 174 173 175 175 174 176 177 175 172 171 174 174 171 166 150 131 108 84 66 63 65 65 64 63 63 62 61 62 62 61 61 61 61 62 62 61 61 61 60 61 60 61 61 60 61 62 61 61 61 62 60 60 60 60 61 60 60 60 61 68 98 106 82 82 109 117 106 82 64 59 58 58 59 59 59 60 64 79 97 109 104 86 71 67 66 61 59 58 56 57 62 64 60 57 57 60 85 109 97 70 58 59 57 55 55 61 84 110 
174 174 174 174 175 176 175 175 175 174 173 173 172 172 174 174 174 175 175 174 173 173 176 174 174 176 176 175 172 171 173 169 163 159 148 138 133 122 99 74 64 63 63 63 63 62 61 61 62 61 61 62 62 62 61 60 61 61 61 61 61 61 61 60 61 62 62 62 61 60 60 61 61 60 60 61 61 61 61 66 93 110 92 88 110 112 109 100 71 60 60 59 60 62 75 78 67 63 69 84 102 109 91 65 59 58 57 57 56 62 84 92 77 63 58 58 66 76 69 58 55 55 54 54 56 73 103 117 
174 174 174 174 173 173 172 173 173 173 172 173 174 175 175 175 175 175 174 174 173 173 174 172 173 175 176 175 173 172 168 150 137 138 139 137 137 136 131 110 81 63 62 63 63 63 62 61 62 61 61 61 61 60 60 60 60 62 61 61 61 61 61 61 60 61 62 61 60 60 60 61 61 60 61 61 62 63 67 66 76 101 110 112 113 100 102 104 75 61 60 59 59 64 91 108 96 76 66 64 75 99 101 71 59 58 57 56 57 63 93 112 106 90 71 60 58 58 57 56 56 56 55 55 64 92 114 119 
173 173 175 174 172 171 171 172 173 173 172 173 176 177 176 175 175 174 174 174 174 173 172 172 173 175 176 174 173 169 145 107 89 96 116 132 136 137 135 120 89 66 63 64 62 62 61 61 62 62 61 60 60 61 60 60 60 61 61 61 61 61 61 61 60 61 61 61 60 60 60 60 61 61 61 62 63 76 92 81 65 71 83 88 93 102 108 97 70 60 60 59 62 64 75 96 109 106 91 75 72 93 100 73 58 58 58 57 57 62 92 109 105 107 100 82 67 59 56 55 55 56 55 59 82 110 118 118 
173 173 174 174 172 171 172 172 172 172 172 174 176 176 174 173 174 173 174 175 174 173 173 174 175 174 173 172 171 156 113 78 67 68 79 102 124 134 129 105 74 63 63 64 63 62 61 61 61 62 62 61 61 61 61 60 60 61 61 61 61 61 61 61 61 61 61 60 60 60 60 60 60 61 60 62 71 96 112 101 73 63 64 63 74 97 96 78 63 60 60 64 78 84 69 67 80 101 113 107 100 104 90 67 58 58 58 58 57 61 81 87 74 82 101 108 94 72 58 55 55 55 56 71 101 118 119 118 
174 173 173 173 172 172 171 171 170 171 172 174 176 174 172 173 174 175 175 175 174 173 174 175 174 172 171 172 168 143 93 67 65 66 65 70 88 109 112 85 64 62 63 64 62 61 61 61 61 61 62 62 61 60 61 60 60 60 61 61 61 61 61 61 60 60 60 60 60 60 61 61 59 59 59 64 85 105 104 107 89 66 61 61 63 69 67 62 61 60 63 77 98 95 72 64 64 72 92 106 108 95 72 61 57 57 56 56 57 58 63 63 58 60 72 89 101 85 61 55 55 56 65 91 115 120 118 118 
174 174 174 174 173 171 171 170 170 172 174 175 175 173 172 173 175 176 176 175 174 173 173 173 172 173 174 173 169 148 107 75 64 64 65 65 66 72 78 68 62 63 64 64 62 61 62 62 61 61 61 62 62 61 62 61 60 61 61 61 61 61 60 60 60 59 59 60 60 61 61 61 60 60 61 72 98 98 80 96 106 80 64 62 60 60 60 60 61 61 69 95 107 85 72 84 79 63 63 69 73 68 61 58 57 58 57 56 57 56 56 55 55 56 57 62 71 69 58 55 55 59 80 109 120 120 118 118 
173 173 174 174 172 171 171 170 172 175 176 176 174 172 171 172 174 175 174 174 174 173 172 172 174 175 175 174 170 160 139 113 84 67 63 65 65 63 61 62 63 63 65 64 62 61 61 62 62 61 61 60 61 62 62 61 60 61 61 61 61 60 59 60 61 60 60 60 60 60 60 60 61 61 62 75 93 83 66 77 103 100 76 63 59 60 60 60 61 61 75 108 110 83 83 101 86 64 58 57 56 57 57 58 58 58 57 56 57 56 55 55 55 55 56 56 57 57 56 55 56 69 98 117 120 119 119 118 
173 173 174 173 172 172 172 171 173 176 176 175 173 171 171 171 173 174 174 175 174 173 172 173 175 176 174 170 165 158 145 134 122 98 74 63 63 63 63 63 63 63 63 63 61 60 61 62 64 63 61 60 61 62 61 60 61 61 60 61 60 60 59 60 61 61 61 60 60 60 60 61 60 62 71 76 73 66 62 64 84 108 99 73 60 59 60 60 61 61 71 97 113 108 107 102 75 60 59 57 55 56 57 57 58 57 56 56 57 57 55 55 55 55 55 55 56 56 56 56 62 87 111 119 119 118 117 118 
173 173 173 172 173 173 172 171 173 175 173 172 171 172 172 173 173 174 175 175 173 172 173 174 175 173 163 150 145 146 139 135 134 128 111 84 66 62 63 63 62 61 61 61 61 60 61 62 63 62 61 60 60 61 61 61 61 60 60 61 61 60 60 60 60 60 61 61 60 60 60 61 61 64 87 99 80 65 61 61 67 88 102 83 63 59 59 58 59 61 64 70 89 110 120 109 79 62 58 56 55 57 58 57 57 56 55 56 57 57 55 55 54 55 55 55 55 55 56 59 75 104 118 119 119 118 117 117 
173 172 171 171 173 173 172 172 173 173 172 171 171 171 172 173 174 174 174 173 172 173 174 174 173 165 135 105 101 115 129 135 135 135 130 108 76 63 62 63 62 60 60 61 61 60 60 61 62 61 61 60 60 60 61 61 62 61 60 60 61 61 61 61 61 61 60 61 61 59 59 60 60 62 77 103 105 80 63 60 60 65 73 70 61 59 59 60 67 77 83 79 74 81 100 113 107 87 66 57 57 57 58 57 57 58 57 56 57 56 55 55 55 54 55 55 55 56 57 66 94 115 120 119 119 118 118 118 
172 172 171 172 173 173 172 172 173 172 171 171 170 171 172 172 172 173 173 173 173 174 174 173 170 147 102 72 67 75 97 120 133 134 124 96 68 62 63 63 62 61 61 63 62 60 60 61 63 62 61 60 60 60 60 61 62 62 60 60 60 61 60 61 61 61 59 61 62 60 59 61 62 64 66 81 107 100 73 62 60 60 60 59 58 59 59 67 90 106 108 108 99 84 74 85 104 106 80 60 58 58 58 61 68 68 62 58 57 55 55 55 55 54 55 55 55 56 61 83 110 120 120 119 118 118 118 117 
172 172 172 173 173 172 172 172 173 172 170 171 172 173 174 174 173 173 174 174 174 174 172 171 160 122 81 67 65 64 68 84 109 122 108 77 62 62 64 63 61 60 61 63 61 61 61 62 63 62 61 60 59 59 60 61 61 61 60 60 60 60 60 60 61 60 59 60 62 60 59 65 82 91 87 81 93 107 96 73 61 60 60 59 59 59 63 81 105 99 86 90 104 107 87 69 71 76 68 59 58 59 64 82 98 100 85 66 60 57 55 55 55 54 55 56 56 58 73 102 118 120 119 118 118 118 118 117 
173 173 172 172 172 171 171 172 173 171 170 172 175 175 174 173 172 173 173 173 174 173 170 166 139 95 70 66 66 65 63 64 73 87 81 65 62 63 64 63 61 61 62 62 61 62 61 61 62 62 61 60 59 59 59 61 62 61 60 60 60 60 60 60 60 60 60 60 61 60 60 67 91 106 108 105 106 114 114 97 72 61 60 58 58 60 69 97 106 82 66 65 76 99 105 81 62 59 58 57 57 60 78 103 104 104 107 93 80 69 59 56 56 56 55 55 56 64 91 114 120 119 118 117 117 118 118 118 
174 173 171 172 172 172 172 172 172 171 171 173 175 174 173 172 171 172 172 172 172 172 170 154 111 75 65 64 66 65 63 62 63 65 64 63 64 64 63 62 60 61 62 61 61 61 61 62 62 61 61 60 60 60 60 61 62 61 60 60 61 61 60 60 60 59 59 60 61 62 62 66 74 77 82 89 100 112 116 110 86 64 59 58 59 62 72 99 111 97 76 64 63 78 102 91 65 59 57 56 57 61 85 107 90 90 111 111 107 97 74 59 57 57 55 54 58 79 108 120 120 119 119 117 117 117 116 116 
173 173 172 172 172 172 172 171 171 171 172 174 174 172 173 172 171 172 172 173 173 174 165 131 87 67 64 64 65 64 63 62 62 64 64 65 63 62 61 61 60 60 61 60 61 61 61 62 61 61 60 61 61 62 60 60 60 60 59 60 61 61 61 61 62 61 60 59 61 66 76 87 90 84 74 68 69 77 85 84 74 62 59 59 63 79 85 83 98 108 102 87 73 80 102 89 64 59 57 55 56 58 79 109 105 105 108 91 89 104 92 65 56 55 55 56 69 99 118 122 120 118 118 118 117 115 110 100 
172 172 172 172 172 172 171 171 171 171 172 174 175 173 174 173 171 172 173 173 173 172 155 109 74 67 65 64 65 64 62 62 62 63 65 65 60 59 60 61 62 61 61 61 61 60 60 61 60 60 60 61 61 61 60 60 60 59 59 60 60 61 62 62 62 61 60 59 61 78 102 108 108 110 103 85 67 62 62 61 60 59 58 60 72 98 95 72 70 78 95 109 106 104 104 79 61 58 57 57 57 57 68 92 109 117 107 75 75 101 94 66 56 54 56 63 88 113 120 120 120 120 119 118 116 114 100 67 
172 172 172 171 171 171 170 171 171 171 173 174 175 173 173 173 171 172 173 172 171 171 158 113 74 66 65 65 65 64 63 64 63 70 91 93 71 60 60 62 63 61 62 61 61 60 60 60 60 60 59 60 60 60 60 60 60 59 60 60 60 60 61 60 59 59 60 59 64 90 108 93 83 92 107 108 84 64 59 59 58 60 59 64 87 108 92 68 61 60 67 88 109 112 94 68 58 58 58 61 62 62 64 67 79 104 112 94 95 106 87 61 54 54 58 77 106 119 120 119 119 120 120 118 118 116 104 68 
172 172 172 171 171 171 172 173 173 172 172 173 174 173 172 172 172 173 172 171 170 171 165 129 81 66 64 64 64 64 64 65 65 88 120 126 107 83 65 61 62 61 62 61 61 61 60 61 61 61 60 59 60 59 59 60 60 59 60 59 60 60 60 59 59 59 59 60 65 91 108 87 65 66 83 106 100 72 60 59 59 60 63 80 106 115 107 88 71 61 60 64 77 84 73 61 57 58 63 76 88 91 87 74 66 79 100 110 110 96 71 57 55 56 68 97 116 121 120 119 118 118 118 118 118 118 113 93 
171 172 173 171 171 173 173 173 172 171 171 172 174 173 172 171 172 172 170 170 171 170 164 128 82 66 64 64 63 63 63 65 76 108 130 131 128 109 76 62 62 62 62 61 63 61 60 60 60 60 60 59 60 59 59 60 59 59 59 59 60 60 60 59 59 59 59 60 63 79 105 103 79 67 71 94 103 77 60 59 59 60 68 95 107 97 103 110 99 78 64 60 59 61 59 58 57 58 72 99 105 100 103 103 90 72 70 80 81 70 60 56 55 61 86 111 119 120 120 119 118 117 116 118 117 116 115 111 
173 173 172 171 171 173 173 173 172 171 171 173 174 173 172 171 171 170 169 172 173 172 166 138 96 72 65 64 63 63 64 69 94 125 131 129 126 101 71 61 62 62 62 60 62 62 60 59 60 60 60 59 60 60 59 59 59 59 59 59 60 61 60 59 59 59 59 60 60 65 85 110 109 94 91 103 103 76 60 59 59 61 68 87 86 70 72 92 108 106 86 67 59 57 57 57 57 59 72 103 97 74 75 92 107 94 68 59 58 58 57 56 57 73 102 117 120 119 118 119 118 117 117 115 108 104 110 114 
