181 175 172 171 172 172 172 172 173 174 173 173 173 172 172 172 172 172 173 174 174 174 175 176 176 176 176 176 175 175 176 177 
173 172 171 171 171 172 172 172 173 175 174 175 175 173 173 173 174 174 174 174 173 174 175 176 176 177 176 176 175 175 176 178 
172 172 172 172 171 171 171 171 172 173 173 174 174 174 174 175 175 174 174 174 174 174 175 176 177 176 176 176 175 175 176 182 
172 172 172 172 172 172 173 173 172 172 172 173 174 174 175 175 174 173 174 175 176 177 176 177 177 175 174 175 175 175 175 178 
171 171 171 172 172 173 174 174 173 173 173 174 175 174 174 174 174 173 174 175 176 176 177 177 177 177 177 178 178 178 177 177 
170 171 172 173 173 173 173 172 173 173 174 174 174 174 173 174 174 174 174 175 175 175 176 177 177 177 178 178 178 178 178 177 
169 170 171 172 172 172 172 172 172 173 173 173 173 173 174 174 175 174 174 174 174 175 176 176 176 176 176 177 176 176 176 176 
170 170 170 171 171 170 171 172 172 173 173 173 174 174 173 174 174 173 174 175 175 175 175 176 176 176 176 176 176 176 176 176 
171 171 170 170 171 171 171 170 165 158 158 161 165 172 171 167 168 171 173 171 171 173 174 173 172 174 175 175 174 175 176 176 
171 170 170 170 170 171 170 156 124 101 100 103 120 154 154 124 125 153 162 140 131 152 166 153 139 151 168 164 151 155 168 171 
170 170 170 170 170 171 163 120 79 68 67 68 85 131 129 83 81 125 140 98 79 116 145 116 84 107 148 136 97 103 144 153 
170 171 171 171 171 171 159 101 67 65 64 65 82 124 118 75 74 117 129 87 69 105 133 102 69 92 134 120 76 80 126 138 
169 170 171 171 170 170 156 97 65 64 63 63 82 119 110 73 74 114 123 83 69 105 131 98 68 93 132 115 73 79 124 132 
169 169 170 170 169 169 155 98 72 71 69 66 71 85 82 67 68 89 93 73 67 89 104 84 66 85 112 98 69 77 111 117 
169 169 168 168 168 168 157 120 107 108 104 82 65 64 64 63 63 65 65 64 63 66 69 66 63 67 73 70 64 66 76 78 
168 168 168 167 166 165 160 140 126 125 122 89 62 62 62 62 62 63 63 63 62 62 63 63 62 63 64 63 63 63 63 64 
168 168 168 167 166 164 149 112 93 93 92 75 62 61 61 61 61 62 62 62 61 61 62 62 62 63 63 62 62 62 64 63 
168 168 167 166 165 163 137 84 68 67 66 64 62 61 61 61 61 61 62 61 61 61 61 61 62 62 62 62 62 62 63 62 
168 167 166 164 164 161 139 101 92 92 87 70 62 61 61 61 61 62 62 61 61 61 61 62 61 61 61 62 63 63 62 62 
166 165 164 164 164 160 145 123 118 118 110 77 61 60 60 61 62 62 61 61 61 61 61 61 61 61 61 63 67 67 66 65 
165 165 165 165 164 158 138 109 98 98 94 72 61 60 60 61 61 60 60 61 61 61 60 61 61 61 62 67 88 95 93 92 
164 164 164 164 163 155 120 76 67 68 67 63 61 60 60 60 61 60 60 61 61 60 61 61 61 61 62 65 88 114 119 118 
164 163 163 163 162 155 123 88 81 80 74 63 60 60 59 60 61 60 61 61 61 61 61 61 61 61 61 62 69 97 120 123 
165 165 164 163 161 155 135 116 115 116 101 68 59 60 60 60 60 60 61 60 60 61 61 61 61 61 61 61 62 73 105 123 
164 164 164 163 161 154 133 112 109 112 98 66 59 60 59 59 59 60 60 60 60 60 60 60 61 61 61 61 61 63 80 111 
163 163 162 162 161 151 110 75 72 74 70 61 59 60 59 59 59 60 61 60 60 61 61 60 60 61 61 61 61 61 65 86 
163 162 162 162 161 149 105 73 70 69 65 60 60 60 59 59 60 60 61 60 60 61 61 60 60 60 60 60 61 61 61 66 
164 163 162 161 160 150 123 107 107 105 86 62 59 59 59 60 60 60 60 60 60 60 61 60 61 61 61 60 60 61 61 62 
163 163 162 162 161 152 131 117 116 115 92 62 59 59 59 59 59 59 59 61 62 61 60 60 61 61 61 61 61 61 61 60 
161 162 162 162 161 147 106 83 82 82 73 60 59 59 59 59 59 59 64 77 79 70 70 66 69 70 74 73 66 65 67 62 
161 161 161 161 159 140 89 65 64 63 61 59 58 59 59 59 59 60 75 94 94 86 89 82 86 79 89 95 78 86 91 77 
162 162 161 160 156 141 108 94 91 88 71 59 58 58 59 59 59 62 83 87 86 90 90 97 87 68 81 90 77 95 96 93 
