182 182 181 182 183 183 184 185 184 184 186 185 186 186 186 187 186 186 186 185 186 186 186 186 186 185 185 185 184 184 181 179 180 180 178 179 
181 180 180 176 175 178 179 179 179 177 179 176 180 176 180 175 178 174 176 173 175 174 172 175 170 174 167 173 165 171 160 151 163 177 179 179 
179 179 165 127 114 141 141 138 144 133 145 128 147 126 146 124 142 126 136 129 130 132 123 138 119 139 116 138 114 134 109 82 114 167 177 177 
179 178 140 75 65 104 107 101 111 97 115 94 118 92 116 92 112 96 106 101 99 103 92 109 89 110 88 110 88 104 87 65 96 160 175 176 
179 177 140 86 75 77 75 72 76 69 77 68 76 67 74 67 73 67 70 69 67 69 65 69 64 69 63 68 63 67 74 97 121 161 172 174 
176 175 154 122 102 65 55 55 55 55 55 55 55 55 56 56 56 55 56 56 55 56 55 55 55 55 55 55 55 56 67 98 121 158 170 171 
174 172 142 98 82 59 53 53 53 53 53 53 54 57 59 59 58 55 54 55 58 61 62 60 56 54 54 54 55 55 64 91 113 154 168 169 
173 170 146 115 97 62 53 53 53 53 53 53 55 71 90 93 87 67 56 67 89 96 96 82 60 54 53 54 54 54 66 99 120 154 167 169 
172 169 138 96 80 58 52 52 52 53 53 53 54 66 98 117 116 96 74 91 113 116 103 73 56 54 53 53 53 54 61 85 107 149 165 168 
171 168 142 112 95 60 52 52 52 52 53 53 53 55 71 105 120 117 99 90 99 102 76 56 53 53 53 53 52 53 64 100 122 152 165 167 
170 167 138 98 82 57 51 51 52 52 52 52 52 53 55 75 102 107 100 86 85 74 57 52 52 52 52 52 52 52 58 80 102 147 165 167 
169 166 140 106 90 59 51 51 52 55 55 55 57 57 57 58 67 70 69 63 60 54 52 52 52 51 52 51 51 51 60 97 120 151 165 166 
170 167 140 102 85 57 50 51 57 73 74 73 71 74 76 75 77 76 76 57 52 51 51 51 51 51 51 51 50 50 55 76 98 143 163 164 
169 166 137 100 85 57 50 50 59 79 80 79 69 71 82 86 86 83 83 59 51 50 51 51 50 50 50 50 50 50 58 93 116 147 162 164 
169 166 141 105 88 59 51 50 53 65 63 62 59 58 65 64 62 63 64 55 52 52 52 53 52 52 50 49 49 49 54 76 97 140 161 164 
169 165 136 95 87 84 81 63 54 68 68 71 71 70 72 68 65 67 70 70 70 72 71 73 68 67 52 48 48 48 55 86 110 144 161 163 
168 165 142 108 102 100 96 69 53 69 67 74 78 82 84 75 79 81 82 84 87 88 86 86 80 77 54 48 47 47 52 77 99 141 161 163 
167 163 133 90 76 61 56 51 49 58 57 61 67 70 66 60 68 67 67 67 69 69 67 66 63 62 50 47 47 46 52 79 102 140 160 162 
166 163 141 108 89 57 47 47 49 58 58 61 60 61 62 57 51 54 58 55 58 51 48 48 48 48 47 46 46 45 50 79 103 140 159 161 
165 163 133 87 71 52 46 46 54 73 77 82 76 77 83 71 50 57 69 71 74 51 46 46 46 46 46 46 45 45 48 71 93 135 158 161 
165 163 141 106 88 56 45 45 52 70 73 77 73 73 78 68 49 52 62 66 70 51 46 45 46 46 46 45 44 44 49 80 104 139 159 160 
165 162 134 88 70 51 45 45 50 61 64 66 64 64 65 63 59 60 62 61 63 60 59 59 60 60 59 58 50 43 46 65 86 132 158 159 
164 161 139 103 84 55 44 45 56 88 99 100 101 101 101 101 101 101 101 101 101 101 100 100 100 100 100 95 66 44 47 78 105 138 157 158 
164 161 135 90 71 50 44 44 58 99 113 114 115 116 114 111 113 112 113 113 114 113 113 112 112 112 112 106 71 44 44 61 81 128 156 158 
162 160 137 97 78 52 43 43 57 97 112 114 114 114 100 89 94 91 98 107 112 112 112 111 111 111 111 105 70 44 45 74 101 135 156 159 
161 159 135 91 71 50 42 42 56 98 112 114 114 114 97 89 89 79 84 100 111 112 111 111 111 111 110 105 70 43 43 60 81 125 155 158 
161 159 135 90 71 50 42 42 55 94 107 109 110 110 104 103 102 98 94 97 106 108 107 107 106 105 105 101 69 42 43 69 94 131 154 156 
160 158 137 94 73 50 41 41 47 65 72 73 74 75 74 74 74 74 73 73 73 73 72 72 71 70 70 68 53 41 42 61 81 123 153 155 
160 158 133 86 67 48 40 40 41 43 43 43 43 43 43 43 43 43 43 43 43 43 43 43 42 42 42 41 40 39 42 63 87 126 153 155 
161 158 138 98 76 51 43 42 43 42 44 42 43 42 43 43 43 43 42 43 42 44 42 44 42 44 43 43 43 42 47 62 82 121 151 155 
160 157 127 65 47 56 64 55 66 54 67 55 66 57 64 61 61 64 58 69 56 70 56 70 58 67 62 64 67 60 71 46 48 101 149 154 
159 157 127 62 43 61 75 63 78 62 79 63 78 66 74 70 69 75 65 79 62 80 62 79 64 73 68 69 72 64 76 47 53 109 151 155 
158 156 139 91 60 60 61 55 59 54 59 53 58 54 57 56 56 57 53 58 52 57 52 56 52 54 52 51 52 50 55 56 90 136 153 155 
158 157 144 112 78 66 59 53 51 50 50 49 49 49 49 49 49 49 48 48 47 47 47 47 46 46 45 44 45 47 52 68 113 146 153 154 
158 157 145 114 83 72 66 61 57 55 53 53 53 52 52 52 52 52 51 51 51 51 50 50 50 50 50 50 52 55 59 78 119 147 153 154 
157 156 147 124 98 90 88 85 81 79 77 77 76 76 75 75 76 76 76 76 76 76 76 77 78 78 79 81 83 84 85 103 132 149 153 155 
158 157 154 146 136 132 133 132 130 130 129 128 128 128 127 128 128 128 128 128 128 129 129 129 131 132 132 133 134 135 134 140 149 154 154 154 
158 157 156 155 153 151 151 151 150 150 149 149 149 149 149 149 148 148 149 149 148 147 148 149 149 150 150 150 150 151 151 152 154 154 154 154 
