174 172 171 172 173 174 175 174 175 174 174 175 176 176 175 176 176 177 177 176 176 177 177 177 177 177 177 176 176 176 176 175 174 174 174 173 173 172 
172 172 172 172 172 173 174 174 174 174 175 176 177 177 177 177 176 176 176 176 176 176 176 177 177 177 177 176 176 175 175 174 174 173 173 172 172 171 
171 171 172 173 173 173 174 174 174 174 175 176 176 177 177 177 176 176 176 176 176 176 176 176 176 176 176 176 176 175 174 174 173 172 172 171 171 171 
170 171 171 172 171 168 169 171 170 171 170 171 170 171 170 170 170 168 170 167 169 166 169 165 168 165 166 164 164 164 162 164 154 154 165 170 170 170 
170 170 170 169 148 123 125 144 131 142 131 138 131 135 133 130 134 125 136 121 135 120 134 119 131 121 126 124 121 126 115 126 97 98 139 167 169 169 
170 170 170 162 110 73 80 109 92 107 94 105 97 101 102 96 104 92 107 89 107 89 104 89 101 93 97 97 93 101 89 102 75 74 123 164 168 168 
169 170 170 160 108 77 74 83 74 81 75 79 76 77 77 75 78 73 79 72 78 72 76 72 75 73 73 74 72 74 71 75 80 94 129 162 165 166 
169 169 168 162 128 105 83 65 63 63 63 63 63 63 63 63 63 64 64 63 64 64 64 63 63 63 63 63 63 64 64 65 81 102 131 159 162 164 
168 168 167 157 116 88 74 62 61 61 61 61 61 61 63 65 65 65 64 62 63 64 66 67 67 65 63 62 62 63 63 64 75 91 123 156 161 162 
167 166 165 156 120 98 79 62 61 61 61 61 61 61 67 84 92 92 82 66 65 79 93 96 93 77 63 62 61 62 62 64 80 101 128 156 160 162 
165 164 164 154 113 87 73 61 60 60 61 61 61 61 65 87 113 119 110 86 80 105 118 116 99 72 62 62 61 61 61 62 72 87 118 153 159 161 
165 164 163 154 117 96 77 61 60 60 60 60 61 61 61 68 94 118 122 111 96 99 109 101 74 62 61 61 61 61 61 62 78 102 126 153 158 160 
164 164 163 153 114 90 74 61 59 60 60 60 60 60 60 61 70 97 113 111 100 90 91 75 62 60 60 60 60 60 60 61 70 85 115 152 158 159 
163 163 162 152 114 91 75 60 59 60 61 63 62 63 64 63 64 70 78 79 76 72 68 62 60 60 60 60 60 59 59 60 75 98 124 153 158 159 
164 163 162 153 116 92 75 60 59 60 70 79 77 76 78 78 81 78 81 81 74 61 60 59 60 59 59 59 59 59 59 59 68 84 113 150 157 158 
163 162 161 151 111 87 72 60 59 60 76 87 87 81 78 81 92 91 91 90 80 61 59 59 59 59 59 59 59 59 59 59 72 94 119 151 157 157 
162 162 161 152 118 94 76 60 59 59 68 75 71 69 67 68 76 72 72 74 69 61 60 60 60 60 60 59 58 58 58 58 68 84 111 149 156 158 
162 162 161 151 109 84 80 77 72 61 67 75 75 76 75 75 76 71 71 74 73 75 74 76 75 74 73 67 58 57 57 58 68 88 114 149 156 158 
162 162 161 152 119 97 94 94 85 64 67 78 77 83 86 89 86 82 85 87 87 92 92 93 92 88 86 75 58 57 56 57 67 86 113 149 156 157 
161 161 160 150 107 80 72 65 62 58 62 68 67 72 79 78 71 72 77 77 76 79 78 79 77 75 75 67 57 56 55 55 64 82 108 147 155 156 
161 160 159 151 117 94 75 58 56 56 61 65 66 66 68 67 67 61 60 65 63 65 63 59 58 58 58 57 56 55 54 55 66 88 113 147 154 155 
160 160 158 149 107 78 66 56 55 56 70 80 84 83 82 83 87 66 58 72 73 81 70 56 55 55 55 55 55 55 54 54 61 76 103 144 153 154 
159 159 158 150 116 90 73 56 55 56 70 80 84 83 81 83 86 66 57 67 72 81 70 56 55 54 55 55 55 54 54 54 64 88 112 146 153 154 
159 159 158 149 109 78 66 55 54 55 63 70 71 71 71 71 72 66 64 66 67 68 67 64 64 64 64 64 63 61 55 53 59 73 99 142 152 153 
159 158 157 149 114 87 71 55 53 56 75 96 99 100 100 101 100 100 100 100 100 100 100 100 100 100 100 100 99 88 61 52 62 86 111 144 152 152 
158 158 157 148 111 80 66 54 53 55 82 112 116 117 118 118 116 115 116 116 116 116 116 116 115 115 115 115 114 99 63 52 57 71 97 141 152 153 
158 157 156 148 111 82 67 54 53 55 81 111 116 117 117 114 100 98 101 101 107 114 115 115 115 114 114 114 113 99 63 52 59 81 106 142 152 153 
157 156 155 147 112 81 66 53 52 55 81 112 116 117 117 112 93 94 89 86 96 111 115 115 115 115 114 113 113 99 63 51 56 71 96 139 151 152 
156 155 154 146 108 76 63 52 51 54 80 109 113 114 115 112 105 108 103 99 98 107 113 113 112 112 111 111 111 97 62 50 57 75 100 139 149 150 
156 155 153 147 113 82 66 52 51 52 66 83 85 86 87 87 86 87 87 86 85 85 86 85 85 85 84 84 83 75 56 50 56 72 95 138 149 149 
155 155 153 146 107 73 61 51 50 50 52 54 55 55 55 55 55 55 55 55 55 54 54 54 54 54 53 53 53 52 50 49 54 70 94 137 149 149 
155 155 154 147 115 83 66 53 51 51 51 51 51 51 51 51 51 51 51 50 51 51 51 51 51 51 50 51 50 51 50 51 57 73 96 136 149 150 
155 154 153 145 99 61 56 63 59 62 61 61 63 59 64 58 65 58 66 59 65 61 63 64 61 65 59 67 59 68 60 67 61 53 72 128 148 149 
154 154 153 144 96 55 54 72 66 71 69 69 72 66 75 64 76 64 76 65 74 69 71 72 67 74 64 75 64 75 65 73 65 52 75 130 149 150 
154 153 152 146 115 74 61 66 61 62 61 62 63 60 63 59 64 59 63 59 62 60 61 61 59 62 57 61 57 60 56 59 60 68 107 141 148 150 
153 153 152 147 128 94 74 67 61 58 57 57 57 56 56 56 56 57 56 56 56 55 55 55 54 54 54 54 53 53 53 56 62 87 127 145 148 148 
152 152 152 147 129 99 79 73 68 64 61 60 59 59 59 58 58 58 58 58 58 57 58 57 57 56 56 56 56 57 58 61 69 96 131 145 148 148 
152 152 152 148 132 105 87 84 81 77 74 73 71 71 71 70 70 70 70 70 70 70 70 70 70 71 71 71 72 74 76 76 83 109 136 146 148 149 
