172 172 171 172 173 174 175 174 174 174 174 175 176 175 175 176 177 177 177 176 176 177 177 177 177 177 177 177 176 176 176 175 174 174 174 173 173 172 171 
172 172 172 172 172 173 174 174 174 174 175 176 177 176 177 177 177 176 176 176 176 177 176 177 177 177 177 177 176 175 175 174 174 173 173 173 172 171 171 
171 171 172 173 173 173 174 174 174 174 175 176 176 177 177 177 176 176 176 176 176 176 176 176 176 176 176 176 176 175 174 174 173 172 172 171 171 171 171 
170 170 171 172 171 170 170 171 171 172 171 172 171 172 171 171 171 170 171 168 170 167 170 167 169 167 168 166 165 165 164 165 157 157 166 170 170 170 169 
170 170 170 169 151 127 130 146 135 144 134 141 134 137 136 133 137 128 138 124 138 123 136 122 133 124 129 126 123 128 118 129 101 101 141 167 169 169 169 
170 170 170 163 112 74 81 110 93 109 95 106 98 103 103 98 106 93 108 91 108 90 105 90 102 95 98 99 94 102 90 103 76 74 123 164 168 168 168 
170 170 170 160 107 75 74 85 75 83 76 81 77 79 79 76 80 74 81 73 80 73 78 73 76 74 75 75 73 76 71 76 79 92 129 162 165 167 167 
169 169 168 162 127 104 83 65 63 64 63 63 63 63 63 63 64 64 64 63 64 64 64 64 64 64 64 64 64 64 64 65 82 103 132 159 163 164 165 
168 168 167 158 117 89 74 62 61 61 62 61 61 62 62 64 64 65 63 62 62 63 65 66 66 65 63 62 62 63 63 64 75 90 122 156 161 163 164 
167 166 165 156 120 97 79 62 61 61 61 61 61 61 67 82 89 89 80 65 64 77 91 94 91 77 63 62 61 62 62 63 80 102 128 156 161 162 163 
165 165 164 154 114 88 73 61 60 60 61 61 61 61 65 88 113 118 109 84 79 104 117 116 100 73 62 62 61 61 61 62 72 87 118 153 160 161 162 
165 164 163 153 116 95 77 61 60 60 61 61 61 61 61 69 96 119 121 110 95 100 110 103 76 63 61 61 61 61 61 62 78 102 126 153 158 160 161 
164 164 163 153 115 91 75 61 59 60 60 60 60 60 60 61 72 99 114 113 100 90 92 76 63 61 60 60 61 60 60 61 70 85 115 152 158 160 161 
163 163 162 152 113 90 74 60 59 60 61 62 62 62 63 63 64 71 80 80 77 74 69 62 60 60 60 59 60 59 59 60 75 98 124 153 158 159 160 
164 163 162 153 117 94 75 60 59 60 69 78 76 75 78 78 79 76 80 80 73 61 60 59 60 60 59 59 59 59 59 59 69 85 113 151 157 158 159 
163 162 161 151 111 86 71 60 59 60 76 87 87 81 78 81 93 91 92 91 80 61 59 59 59 59 59 59 59 59 59 59 71 93 118 151 157 157 158 
162 162 161 152 119 95 76 60 59 59 68 76 72 70 68 69 77 73 73 75 69 61 60 60 60 60 60 59 58 58 58 58 68 86 112 149 156 157 158 
162 162 161 150 109 83 78 75 71 61 67 74 74 75 74 73 75 71 69 72 72 73 72 74 74 73 72 66 58 57 57 57 68 86 112 148 156 158 159 
162 162 161 152 119 97 95 94 85 64 68 79 77 83 86 88 86 82 84 87 87 92 91 93 92 88 86 74 58 57 56 57 68 88 114 149 156 157 158 
162 161 160 150 107 80 73 67 64 58 62 69 67 73 80 79 72 73 79 78 77 81 80 81 78 77 76 68 57 56 55 55 64 81 107 147 155 156 156 
161 160 159 150 117 94 75 58 56 56 61 65 65 66 68 66 66 61 61 64 63 65 63 60 59 59 58 57 56 55 54 55 66 89 114 148 154 155 156 
160 160 158 149 108 79 66 56 55 56 69 79 83 82 81 82 86 66 58 72 72 80 69 56 55 55 55 55 55 55 54 54 61 76 102 144 153 154 155 
159 159 158 150 116 90 72 56 55 56 70 81 85 84 82 84 87 66 57 67 72 82 71 56 55 55 55 55 55 54 54 54 65 88 112 146 153 154 155 
159 159 158 149 110 79 67 55 54 55 63 69 71 71 70 71 72 65 62 65 66 68 66 62 62 62 62 62 62 60 54 53 59 73 99 143 152 153 154 
159 158 157 149 114 86 70 55 54 56 74 94 97 97 98 98 98 98 98 98 98 98 98 98 98 98 98 98 97 86 60 53 62 86 110 144 152 153 153 
158 158 157 149 112 81 67 54 53 56 82 112 116 117 117 118 116 116 116 116 116 116 116 116 115 115 115 115 114 99 63 52 58 72 97 141 151 153 154 
158 157 156 148 110 81 66 54 53 55 81 111 116 117 117 114 101 99 102 103 108 114 116 116 115 114 115 114 113 99 63 52 59 80 105 142 152 153 153 
157 156 155 148 113 82 67 53 52 55 81 112 116 117 117 112 93 94 89 86 97 111 115 115 115 115 114 114 113 99 63 51 57 72 97 139 151 152 153 
156 155 154 147 107 75 62 52 52 54 80 110 114 115 116 113 105 107 103 98 98 107 113 113 113 113 112 112 111 98 62 51 57 74 99 139 150 150 151 
156 155 153 147 114 82 66 52 51 52 68 85 88 88 89 89 89 89 89 88 87 88 89 88 87 87 87 86 86 77 57 50 57 74 97 138 149 149 150 
155 155 153 146 106 72 61 51 50 51 53 55 55 55 56 56 55 55 55 56 56 55 55 55 55 55 54 54 54 53 50 49 54 69 93 137 149 149 150 
154 155 154 147 115 84 67 53 51 51 51 51 51 51 51 51 51 50 51 50 51 51 51 51 51 51 50 51 50 51 50 50 57 74 97 136 149 150 150 
155 154 153 145 100 62 57 62 58 61 60 60 62 58 63 57 64 57 64 58 64 60 62 63 60 64 58 66 58 67 59 66 61 53 73 128 148 149 150 
154 154 153 144 96 55 54 73 66 71 69 69 72 66 75 64 76 64 76 65 74 69 71 72 67 75 64 76 64 76 65 74 65 51 74 130 149 150 150 
154 153 152 146 114 72 60 67 62 63 62 62 63 60 64 60 65 60 64 60 63 61 61 62 60 63 58 62 57 61 57 61 60 67 105 141 148 150 151 
153 153 152 147 128 93 73 67 61 58 57 57 57 56 56 56 56 57 56 56 56 55 55 55 54 55 54 54 53 53 53 56 62 86 127 145 148 149 149 
152 152 152 147 129 98 79 72 67 63 60 59 59 59 58 58 58 58 58 58 57 57 57 57 56 56 56 56 56 56 58 61 68 95 131 145 148 148 148 
152 152 151 148 133 107 89 86 83 79 77 75 74 74 73 73 72 73 73 73 72 73 73 73 72 73 73 73 74 76 78 79 85 110 136 146 148 149 149 
152 152 151 149 143 132 123 122 122 120 119 118 117 117 117 116 116 117 117 117 117 117 117 117 117 118 119 120 121 122 123 123 125 135 145 148 148 149 149 
151 151 151 150 149 148 147 146 146 145 144 144 144 144 144 144 144 143 143 143 143 143 143 143 143 144 145 144 144 144 145 146 146 147 148 148 148 149 149 
