163 163 164 165 165 166 165 166 166 165 164 164 164 156 132 90 67 77 127 162 173 174 175 176 175 176 175 175 176 175 175 175 176 176 177 176 175 175 176 177 
163 163 164 164 165 165 165 165 165 164 164 164 158 131 112 102 75 88 117 133 165 174 175 176 176 176 176 175 176 175 175 175 176 176 176 176 175 175 176 176 
163 163 163 164 164 165 165 164 164 164 162 154 134 108 86 85 72 80 86 106 143 163 174 176 177 176 176 175 176 176 176 175 176 176 176 175 175 175 176 176 
163 163 163 163 163 164 163 164 162 161 155 132 96 94 85 66 62 64 74 100 101 134 167 175 177 177 176 176 176 176 176 175 175 176 176 176 176 176 175 176 
163 163 163 163 163 163 162 162 161 154 126 106 97 75 67 62 61 61 65 73 89 117 129 163 175 177 177 177 176 175 176 175 175 175 176 175 176 176 175 175 
163 162 162 163 162 162 162 160 153 133 105 83 82 67 60 60 61 61 62 64 78 87 104 141 161 175 177 177 177 176 176 176 176 176 176 176 175 176 176 175 
161 162 162 162 162 162 160 154 130 95 94 83 63 60 60 60 60 61 61 62 64 73 100 102 130 166 175 176 176 176 176 176 177 176 176 176 176 176 176 176 
161 161 161 161 160 160 153 125 106 93 73 66 60 60 59 60 61 61 61 61 62 65 72 87 116 127 160 175 176 176 176 176 176 176 175 176 176 175 175 175 
160 160 160 159 158 151 133 103 81 81 65 59 59 59 60 60 60 61 61 61 62 62 64 77 87 100 138 159 174 176 177 177 177 177 175 175 176 176 176 175 
159 159 159 157 152 128 93 95 91 70 60 59 59 61 62 60 60 61 61 62 70 67 63 64 71 98 101 124 163 173 176 176 177 176 176 175 175 175 175 175 
158 158 158 151 125 105 88 75 92 90 66 58 63 76 76 64 60 60 61 65 90 89 68 63 65 72 84 114 126 157 175 176 177 177 177 176 175 175 175 174 
158 157 150 132 99 78 79 64 69 85 70 60 68 85 86 75 64 61 60 66 100 113 89 66 62 64 75 88 96 134 158 173 176 177 177 176 175 174 174 174 
155 151 127 93 89 74 60 56 57 61 61 69 72 72 84 83 75 66 61 68 104 121 106 72 62 63 64 70 94 101 120 162 174 176 176 176 175 175 175 174 
143 125 104 82 69 62 55 55 56 57 63 77 78 71 70 74 82 77 65 70 106 123 108 73 64 63 63 65 71 81 112 125 154 174 176 176 176 176 175 174 
121 95 76 77 60 54 54 55 59 63 64 68 77 82 70 67 77 90 76 69 95 118 108 86 87 83 69 63 64 73 88 94 131 156 172 176 175 175 175 173 
85 86 70 57 54 54 54 57 71 79 68 64 74 84 83 70 74 89 90 79 75 96 103 95 112 113 93 71 63 64 69 92 104 116 158 172 174 175 175 174 
64 65 60 53 53 54 58 63 74 84 85 70 68 82 88 84 71 71 88 88 79 73 86 92 109 117 111 90 68 63 64 71 81 110 124 150 172 174 174 174 
65 56 52 52 53 59 81 86 70 78 87 81 71 68 78 82 78 67 72 88 82 64 68 80 86 88 86 80 67 62 63 64 72 89 92 127 152 168 172 173 
54 52 52 53 59 82 107 111 92 71 75 85 82 71 63 76 85 79 70 70 65 60 60 61 63 63 63 63 62 62 62 63 64 68 89 103 100 138 168 172 
51 51 52 58 82 107 114 116 113 92 71 76 90 80 61 66 79 88 82 68 60 59 59 60 60 60 60 61 61 61 62 62 63 65 73 76 72 109 160 170 
50 50 52 72 104 115 116 117 117 114 92 72 75 65 58 62 67 79 90 84 67 60 59 59 60 60 60 60 61 61 62 62 62 65 81 92 88 129 164 170 
52 51 51 65 95 113 117 117 117 117 114 92 67 57 62 74 65 66 84 91 86 68 60 59 59 59 59 60 60 60 61 62 66 76 85 112 133 158 167 169 
64 55 51 53 67 97 114 117 112 105 113 114 92 66 66 74 76 69 66 84 92 85 69 60 59 59 59 59 60 60 61 63 72 96 101 126 156 164 167 168 
60 61 57 51 53 68 98 112 101 90 101 115 113 92 68 70 86 69 58 65 81 89 80 68 59 59 59 59 59 60 62 76 88 95 130 152 160 163 166 168 
65 75 66 53 51 53 69 96 106 99 92 101 115 113 92 69 66 58 55 56 64 77 86 72 59 58 59 59 59 62 70 82 107 123 149 159 161 163 165 167 
62 65 64 69 56 51 53 68 97 105 88 91 108 116 113 92 66 56 54 55 56 63 69 61 57 57 58 58 59 67 92 96 119 150 157 160 162 164 165 166 
56 57 68 71 61 57 51 53 69 96 99 93 108 115 116 113 92 65 55 55 55 56 56 56 56 57 57 59 71 80 91 126 147 157 159 161 163 164 166 166 
57 56 58 61 74 67 53 51 53 68 93 103 112 115 115 116 112 92 66 56 55 55 55 55 56 56 58 65 79 102 115 145 157 158 159 161 162 164 165 166 
59 57 56 59 66 64 69 56 50 53 68 96 113 115 115 115 115 112 93 66 55 55 54 54 55 56 65 87 88 113 146 155 158 159 160 162 163 164 165 166 
69 63 57 57 57 67 73 61 57 51 52 68 97 112 115 114 114 115 112 92 65 55 54 54 55 66 74 89 120 141 154 156 158 159 161 162 164 164 164 166 
100 82 63 58 56 59 61 73 70 53 51 52 67 95 112 114 114 114 114 108 80 56 53 54 59 77 98 108 142 155 156 157 158 160 162 162 163 164 164 164 
134 116 83 63 57 56 58 68 65 67 58 50 52 67 95 111 113 113 111 96 68 54 53 61 80 81 111 143 153 156 157 159 159 160 161 162 163 164 164 163 
145 139 117 83 63 57 55 56 65 76 62 56 51 52 66 94 111 111 95 69 54 53 60 68 87 114 136 152 155 156 158 159 160 160 161 161 162 163 163 163 
147 146 139 116 83 63 56 55 58 61 70 72 54 50 51 66 92 94 68 54 52 56 74 91 101 138 151 153 155 156 157 159 160 160 161 161 162 163 163 163 
148 148 146 139 117 83 63 56 55 57 67 65 65 59 50 51 61 63 53 50 57 73 75 107 138 150 153 154 155 157 158 159 161 161 162 162 161 162 162 162 
149 148 148 146 139 117 83 62 56 54 55 62 76 64 55 51 50 50 51 56 63 85 107 132 150 152 153 155 156 158 159 160 160 161 162 162 161 161 162 162 
149 149 148 148 145 139 117 83 62 55 54 56 61 67 73 55 49 49 53 70 82 95 134 150 152 152 153 155 157 158 159 159 160 161 161 162 162 161 161 161 
149 149 149 149 147 146 140 118 84 62 55 53 54 66 68 64 59 56 67 70 102 132 147 151 153 154 154 155 157 159 159 159 159 160 161 161 160 161 160 160 
149 149 149 150 148 147 146 141 119 85 62 55 53 54 60 76 65 58 81 98 127 147 150 151 153 154 155 155 157 158 159 159 159 160 160 160 160 159 160 160 
149 149 150 151 149 148 147 147 141 119 84 62 56 54 57 61 52 51 79 129 146 149 150 151 153 155 155 156 157 158 158 158 159 159 159 159 160 159 159 159 
