178 176 176 175 175 175 175 176 176 176 176 176 175 175 175 175 176 175 174 174 169 126 75 71 110 154 161 161 161 163 163 163 164 164 163 162 161 162 161 161 161 159 
177 176 175 175 175 175 176 176 175 176 176 176 175 175 175 175 176 176 175 172 159 121 77 72 105 140 155 160 161 162 162 162 163 163 163 162 162 162 161 162 161 160 
177 176 175 175 176 176 176 176 176 176 175 175 175 176 176 176 176 176 173 156 118 110 88 80 101 102 131 154 159 160 160 161 161 162 162 162 161 162 162 162 161 161 
175 175 175 175 176 176 176 176 176 176 176 175 176 177 177 176 176 173 155 133 103 82 73 69 76 90 111 128 151 158 159 160 160 161 161 160 161 161 162 161 161 160 
174 175 175 176 176 176 175 175 175 176 176 176 177 177 177 176 174 162 125 96 95 72 64 63 66 82 87 100 133 150 158 159 158 159 159 159 160 161 161 161 160 160 
175 175 176 176 176 175 175 175 175 176 176 176 177 176 176 175 159 122 113 88 70 65 63 62 62 64 75 98 98 124 152 157 157 157 158 160 160 160 160 160 159 159 
174 175 176 176 175 175 175 175 175 176 176 176 176 176 174 159 136 101 83 74 64 63 62 62 62 62 65 73 85 108 123 148 156 157 158 158 159 159 159 159 159 159 
175 175 176 176 175 176 176 176 175 176 176 176 176 174 164 125 98 96 72 64 63 62 62 62 61 61 60 62 77 84 93 127 147 155 156 157 157 157 158 158 159 159 
176 176 176 176 175 176 176 176 176 176 176 176 174 159 127 114 86 70 65 63 63 62 62 61 61 60 60 60 61 69 92 95 117 148 155 156 156 156 157 157 158 158 
176 176 176 176 176 176 176 176 176 176 175 174 161 138 100 86 75 64 63 69 77 65 61 61 61 60 59 59 59 61 69 78 103 120 144 154 154 155 156 156 157 156 
175 175 175 175 175 175 175 176 177 176 175 165 126 102 98 72 64 63 69 91 97 69 61 60 60 59 59 59 59 58 59 72 82 87 123 145 152 154 154 154 154 155 
175 175 175 175 175 176 176 177 177 176 161 131 116 87 72 66 63 66 89 113 104 69 61 60 59 59 59 59 58 57 57 58 64 87 94 111 143 152 153 152 154 154 
174 175 175 174 176 176 177 177 175 164 140 99 89 78 64 63 62 72 105 119 104 70 60 60 59 59 59 58 57 57 56 55 57 66 72 96 116 140 151 152 153 154 
175 175 174 174 175 177 176 175 167 129 106 99 72 65 63 63 63 72 101 104 96 69 60 60 59 59 60 62 59 57 56 55 54 55 66 80 81 116 142 150 152 153 
174 174 174 174 175 176 175 162 135 117 86 73 65 63 67 80 85 87 96 91 85 65 59 59 59 60 66 79 72 58 56 55 54 54 55 59 79 91 105 140 150 151 
173 173 174 174 174 174 165 141 99 92 79 64 63 67 88 111 117 117 112 92 69 61 59 59 60 68 81 86 79 60 55 55 54 53 53 54 62 67 88 113 136 148 
174 174 174 174 174 167 131 108 99 72 64 62 64 82 108 118 120 118 99 76 71 64 59 59 68 83 92 80 64 57 55 55 55 59 59 53 52 60 77 77 108 137 
173 174 174 173 164 139 116 85 75 65 62 61 63 74 83 87 90 88 75 77 90 78 61 67 82 94 83 66 57 55 55 55 63 86 87 64 53 52 56 71 87 96 
172 173 173 166 144 101 93 79 64 62 61 61 61 62 62 62 63 65 75 91 87 75 68 83 92 84 67 57 55 54 55 64 90 110 110 90 63 52 51 59 64 77 
173 172 162 125 108 99 72 64 62 61 61 61 61 61 60 61 64 77 89 88 73 68 81 87 83 69 61 57 55 55 64 90 111 115 113 109 90 63 51 50 56 74 
172 170 136 81 72 78 66 61 61 61 61 61 61 60 60 65 77 83 89 74 67 77 87 81 66 66 79 68 57 64 90 111 115 115 114 113 107 79 53 49 51 58 
171 169 134 81 78 85 67 61 61 60 60 60 60 60 63 74 80 76 69 72 79 83 81 66 67 72 83 74 66 90 111 115 114 114 114 111 97 67 51 49 55 73 
170 170 159 124 110 97 75 66 61 60 60 60 60 64 75 86 79 67 69 82 87 73 66 59 66 74 67 68 90 112 116 115 114 114 112 97 68 52 50 58 62 69 
170 170 169 161 135 96 95 80 63 60 60 60 60 70 86 84 72 71 82 87 81 66 66 62 57 61 67 90 112 116 115 115 115 112 97 69 52 50 53 67 76 60 
170 170 169 166 155 129 103 82 81 65 60 59 59 65 78 75 70 80 82 80 70 69 86 80 61 64 90 113 116 113 115 115 113 98 69 53 50 56 70 64 63 56 
169 169 168 167 164 154 122 104 94 72 64 59 59 59 61 67 79 74 71 66 69 81 87 81 69 90 113 114 106 101 107 111 99 70 53 51 56 60 71 67 54 52 
169 169 168 166 165 162 152 127 92 93 79 61 59 59 60 62 69 70 62 70 82 84 77 71 91 113 114 104 88 89 98 96 70 53 51 53 68 74 60 56 54 54 
168 168 167 165 164 163 161 150 126 103 80 78 64 67 82 68 58 60 68 80 89 77 71 91 113 115 99 93 92 100 95 70 53 50 56 68 64 67 58 54 55 59 
167 167 166 165 165 164 163 161 152 120 101 92 74 90 91 66 56 58 72 83 76 72 90 113 118 113 95 96 107 98 70 53 51 55 60 74 67 56 54 55 61 78 
166 166 166 166 165 164 163 163 160 150 127 90 92 93 71 58 56 56 61 69 69 90 112 117 117 117 110 105 98 70 53 50 53 70 73 61 58 55 55 61 81 114 
165 166 166 166 166 165 164 163 162 160 149 124 103 79 75 61 55 55 55 57 75 106 115 116 117 117 115 99 70 53 50 57 66 64 69 58 55 56 62 81 115 139 
166 166 166 166 165 165 164 163 162 161 159 151 118 96 90 68 59 55 54 55 63 89 109 115 116 114 99 70 53 51 54 61 76 66 57 55 56 62 81 114 138 145 
165 165 165 166 165 165 164 163 162 162 161 158 148 125 88 82 75 57 54 53 54 63 88 110 113 98 69 53 51 53 70 69 62 60 56 57 62 81 114 138 145 147 
165 165 165 165 165 165 164 163 163 162 161 160 157 146 121 100 75 70 59 53 53 53 62 87 92 68 53 51 57 63 66 69 59 57 57 62 81 114 138 145 147 148 
165 165 164 164 164 164 163 163 163 162 161 160 159 157 149 118 92 86 65 56 53 52 53 59 60 53 51 54 62 76 64 57 56 57 63 81 114 139 146 148 149 150 
164 164 164 164 164 163 163 163 163 162 161 160 160 159 156 147 125 87 77 71 55 52 51 51 51 51 54 70 67 63 60 56 57 62 81 114 139 146 147 148 149 149 
164 164 163 163 163 163 163 163 163 162 161 160 159 159 158 156 146 119 97 72 64 56 51 50 50 56 62 67 69 58 57 58 63 81 114 138 146 147 148 149 149 149 
163 163 163 163 163 163 163 162 162 161 161 160 160 159 158 158 155 147 117 87 81 63 54 51 53 63 75 63 58 57 58 63 82 115 139 146 147 148 149 149 149 149 
162 163 163 162 162 162 163 162 161 161 161 161 160 159 158 158 156 153 144 123 85 72 68 57 69 65 64 60 57 59 64 83 115 139 147 148 148 149 148 148 148 148 
163 163 162 162 162 162 162 162 161 161 161 161 160 159 159 157 156 155 153 144 117 96 68 54 66 70 60 59 61 66 84 116 139 146 148 148 149 149 148 148 148 143 
163 163 162 162 162 161 162 162 162 161 160 160 160 159 158 157 156 155 153 152 145 116 68 52 57 66 65 66 70 86 117 140 146 147 148 148 149 149 148 148 139 101 
162 161 161 161 162 161 162 161 161 160 160 160 159 159 158 158 157 156 155 154 152 141 107 81 77 75 73 76 91 119 140 147 148 148 148 149 149 149 148 139 95 39 
161 161 161 161 162 161 161 160 159 159 160 159 159 159 158 157 157 155 154 155 153 151 143 129 111 91 83 94 121 142 148 150 149 149 149 149 150 149 140 96 39 18 
159 160 160 161 161 160 160 160 159 159 159 159 159 158 158 157 156 155 155 155 154 153 150 146 133 113 104 121 142 148 149 150 149 150 149 149 149 143 101 40 18 16 
