172 172 172 172 173 173 172 173 174 174 174 174 174 175 175 176 176 175 175 175 175 175 175 176 176 176 176 176 175 175 174 174 174 175 174 173 172 173 172 171 172 171 171 171 
172 172 171 172 173 173 173 174 174 175 175 175 175 175 175 175 176 176 176 176 175 175 176 176 176 175 175 175 175 175 175 174 174 174 174 173 172 172 172 171 171 172 171 170 
172 171 171 171 172 172 173 173 174 175 174 175 175 175 175 175 175 176 176 176 175 176 176 177 176 176 175 175 175 175 174 175 174 174 175 174 172 172 172 171 171 171 171 170 
171 171 171 171 172 172 172 172 173 174 174 174 174 175 176 176 175 175 176 176 176 176 176 176 176 177 176 176 176 175 175 175 175 174 174 174 173 173 172 172 172 171 171 170 
171 171 171 172 172 172 172 173 174 174 174 174 174 175 176 176 176 176 177 176 177 176 176 176 176 177 177 177 177 176 176 176 175 175 174 174 174 173 173 172 171 171 170 170 
170 170 171 172 172 172 173 173 174 174 174 174 175 176 177 177 177 177 177 176 176 176 176 177 176 176 176 176 176 176 176 175 174 174 174 173 172 172 172 171 171 171 170 169 
170 170 170 171 172 172 172 173 173 173 174 174 174 175 176 176 176 176 176 176 175 175 175 175 176 176 175 175 175 175 174 174 173 173 172 170 171 171 171 171 170 170 169 168 
170 170 170 170 171 171 168 159 157 163 161 162 161 161 161 159 162 157 162 155 161 154 159 154 158 154 155 156 152 155 149 155 146 154 140 134 152 168 170 170 169 169 168 168 
169 170 170 170 170 169 144 102 96 123 116 120 118 115 121 111 124 108 125 105 124 106 120 108 116 110 111 115 106 118 102 120 100 118 93 79 115 161 168 168 168 168 168 168 
169 169 169 170 170 167 123 72 70 96 90 93 93 90 96 87 99 84 99 83 98 84 95 86 91 88 87 92 84 94 82 95 81 93 79 73 106 157 167 168 168 168 169 169 
169 169 169 169 169 166 131 93 82 73 69 70 70 69 70 68 70 67 70 67 70 67 69 68 68 68 67 68 67 68 67 69 66 68 77 98 122 157 164 165 166 167 168 168 
169 169 168 168 168 164 138 106 88 65 62 62 62 62 62 62 62 62 63 63 63 62 63 63 63 63 63 63 63 63 63 63 63 64 72 90 115 153 162 163 164 166 166 166 
167 167 168 168 166 161 127 91 78 64 61 61 61 61 61 61 62 68 71 71 69 63 62 65 71 74 74 71 64 62 62 62 62 63 73 93 115 151 160 162 164 165 166 166 
167 167 166 166 165 160 132 102 86 64 60 61 61 61 61 61 64 83 103 106 99 76 66 83 103 108 104 85 65 62 61 62 62 62 71 91 113 150 160 162 163 164 165 166 
166 166 165 164 164 159 123 88 76 62 60 60 60 61 61 61 62 72 102 120 120 103 85 102 116 117 98 72 62 62 61 61 61 62 69 89 110 148 158 160 162 163 164 164 
166 166 165 165 163 158 130 103 87 63 60 60 60 60 60 61 61 62 76 107 121 119 104 93 101 97 73 62 61 61 61 60 60 61 70 93 114 148 158 159 161 163 164 164 
165 165 165 164 163 157 122 86 75 62 59 60 60 60 60 60 60 61 63 79 98 101 96 87 85 72 62 60 60 60 60 60 60 60 66 83 105 146 158 159 161 162 163 164 
165 165 165 163 162 158 129 102 85 62 59 59 62 67 66 66 68 68 68 67 73 74 72 66 64 61 60 60 60 59 59 59 59 59 69 93 114 147 158 159 160 162 162 163 
165 165 164 163 162 157 122 87 74 61 59 59 69 84 84 82 80 82 88 86 89 87 83 64 60 59 59 59 59 59 59 59 59 59 64 79 100 143 157 158 159 161 162 162 
165 164 164 162 161 157 127 98 83 62 59 59 69 84 82 79 73 75 87 86 87 85 82 63 59 59 59 59 59 59 59 59 58 58 67 92 112 146 156 157 158 159 160 161 
163 163 163 162 162 156 123 89 77 64 62 59 63 71 69 68 67 67 71 68 67 68 68 63 62 63 63 63 62 62 58 58 58 57 62 76 97 141 155 157 159 160 160 161 
162 163 162 162 162 156 125 95 90 90 86 67 64 78 77 81 82 81 83 78 76 79 81 83 82 85 83 83 79 75 60 57 57 57 65 89 110 144 156 157 159 160 160 161 
163 162 162 162 161 156 125 91 85 84 79 64 62 75 72 79 84 87 85 79 85 86 86 90 91 92 90 88 85 79 60 56 56 56 61 76 97 141 155 156 157 159 160 161 
162 162 162 161 160 154 121 88 76 61 58 57 58 64 63 67 72 71 67 65 70 69 69 70 70 70 68 68 66 64 57 56 55 55 62 84 105 142 155 155 156 158 159 160 
162 162 161 161 159 154 125 93 77 59 55 56 61 70 71 73 72 71 74 65 58 65 67 68 67 58 56 56 56 56 55 55 54 54 59 77 98 139 153 155 156 158 159 159 
161 161 160 160 159 153 120 83 71 57 55 55 67 82 86 88 84 85 91 73 57 68 75 83 78 58 55 55 55 55 55 55 54 54 59 78 99 138 153 154 156 157 158 159 
161 161 160 159 159 154 126 93 77 58 54 55 63 74 76 77 75 76 80 68 57 61 67 71 70 57 55 55 55 56 55 55 54 53 59 78 99 138 153 154 155 157 158 159 
161 161 160 159 158 153 118 80 68 56 54 55 62 75 77 78 78 78 78 76 75 75 76 76 76 75 75 75 75 75 74 71 59 53 57 72 93 136 152 153 154 155 157 158 
160 159 159 158 157 153 126 94 77 57 53 54 72 103 110 111 111 112 111 111 112 111 111 111 110 110 110 110 110 110 109 101 69 53 57 79 100 138 151 152 154 155 156 157 
160 159 159 158 157 152 118 79 66 55 53 54 73 108 116 117 117 117 112 110 113 112 114 116 116 116 116 115 115 115 114 105 70 53 55 68 87 133 151 153 154 155 155 156 
159 158 158 157 156 152 125 91 74 56 53 54 73 108 115 117 117 115 98 92 95 92 101 111 115 115 115 114 114 114 113 105 70 52 56 77 99 136 151 153 153 154 155 155 
158 158 157 156 155 150 118 77 65 54 52 53 73 108 115 117 117 115 99 99 95 88 92 106 115 115 115 114 114 114 113 105 70 51 53 65 84 130 150 151 152 153 154 155 
158 157 157 155 154 151 123 86 71 54 51 52 69 100 106 108 108 108 105 106 104 102 99 102 107 107 107 106 106 106 106 98 67 51 55 75 96 134 149 150 151 153 154 155 
157 156 156 155 153 149 119 78 65 53 51 51 57 67 69 70 71 71 71 71 71 71 71 71 71 71 71 70 70 69 69 66 56 50 52 64 82 128 148 149 151 153 153 154 
156 155 154 155 154 150 121 84 68 53 50 50 51 51 52 51 51 51 51 51 51 51 51 51 51 51 51 51 50 50 50 50 49 49 53 72 92 131 149 150 150 152 153 154 
156 155 155 155 154 150 120 80 65 56 53 53 54 53 55 52 54 52 55 53 54 53 54 54 53 55 52 55 52 55 52 55 53 53 56 63 79 125 148 150 150 152 152 153 
155 155 155 154 153 148 108 59 53 66 66 65 69 63 71 62 72 62 72 63 70 65 68 69 64 72 62 73 61 73 63 72 66 69 69 51 61 116 147 149 150 151 152 151 
155 155 154 154 153 148 114 65 54 68 67 66 70 64 72 63 73 63 72 64 71 66 68 70 65 72 63 73 62 71 63 69 65 67 67 54 74 125 148 150 150 151 152 151 
154 154 154 153 152 149 130 91 68 65 61 59 59 58 59 57 59 57 59 58 59 58 58 58 57 58 56 58 55 57 55 55 54 55 59 70 109 141 148 149 151 151 151 151 
153 153 153 152 152 149 134 103 79 70 64 60 58 57 57 57 56 56 56 57 56 56 56 55 55 55 55 54 54 54 53 53 54 56 62 83 123 144 147 148 148 149 150 151 
153 153 152 152 152 149 135 107 84 77 73 69 65 63 62 62 62 61 61 61 61 61 61 61 61 60 60 59 60 59 60 60 62 64 70 92 127 144 148 148 148 149 150 150 
152 152 153 152 151 150 141 121 104 101 100 97 94 92 91 91 90 90 89 89 90 90 89 90 90 90 89 90 90 91 92 94 95 95 97 115 137 146 148 149 150 150 150 150 
152 152 152 151 151 150 148 143 139 137 137 136 135 135 134 134 134 134 133 133 133 133 133 133 133 133 133 134 135 135 135 136 137 137 137 141 146 148 148 149 150 150 150 150 
151 151 151 151 151 150 150 149 149 148 148 148 148 147 147 146 147 147 147 146 146 146 146 146 145 146 146 146 147 146 146 146 146 147 147 148 149 148 148 148 149 149 149 148 
150 150 150 150 150 150 150 149 149 149 149 150 150 148 148 148 148 148 148 148 148 148 148 148 148 147 147 147 148 148 148 148 148 148 147 148 149 149 148 148 148 148 148 148 
