163 162 158 139 115 113 115 109 75 59 59 60 60 60 60 61 60 60 60 60 61 61 61 61 61 61 61 71 106 124 124 123 123 122 117 96 86 97 106 113 120 121 109 79 63 61 61 61 
162 162 157 143 122 119 122 115 77 60 59 60 59 60 60 60 60 60 60 60 60 61 61 61 61 61 61 65 88 118 124 124 124 123 120 108 86 82 83 90 110 116 93 69 61 61 61 61 
162 162 158 142 115 103 103 98 71 59 60 60 59 59 60 60 60 60 61 61 60 60 60 60 60 61 61 61 67 95 120 124 124 124 123 120 103 79 80 94 105 94 70 62 62 62 61 60 
162 162 158 129 81 67 67 66 61 59 60 60 59 59 60 61 61 60 60 61 60 60 60 60 60 60 61 61 62 70 98 116 116 116 115 114 110 98 101 107 92 70 62 61 61 60 60 60 
161 161 157 129 84 74 76 75 64 59 59 60 59 60 60 60 61 60 60 61 60 60 61 61 61 60 60 61 61 62 70 80 81 80 80 79 78 76 77 75 67 61 60 61 60 60 60 60 
161 161 157 139 115 112 114 107 74 59 59 59 59 60 59 59 60 61 61 60 60 61 61 61 63 62 61 61 61 60 61 62 62 62 62 62 62 61 61 61 60 60 60 60 59 60 60 60 
161 161 159 144 121 113 112 105 74 59 59 59 59 59 59 59 66 76 73 69 69 68 72 75 82 78 68 77 76 64 64 78 73 67 79 76 63 60 60 60 60 59 60 60 60 60 60 59 
162 162 158 133 89 75 74 71 63 59 59 59 58 59 59 61 81 95 93 85 89 85 85 78 93 91 80 96 96 78 77 101 88 83 96 96 74 60 60 60 60 59 59 59 60 60 59 59 
161 161 157 127 77 66 67 66 61 58 58 59 59 59 59 64 89 84 91 86 94 98 78 67 88 80 77 98 103 92 97 107 93 85 98 103 80 61 60 60 59 59 59 59 60 59 59 59 
161 160 155 135 107 101 101 97 71 58 58 58 59 59 58 63 87 90 93 80 90 100 70 70 90 70 71 98 106 90 95 105 96 80 99 103 75 60 60 59 59 59 59 59 59 59 59 59 
161 160 156 143 124 116 115 109 75 58 59 58 58 58 57 59 74 92 85 67 73 83 64 67 76 63 67 87 89 71 67 78 79 71 88 85 65 59 59 59 59 59 59 59 59 59 59 58 
161 160 157 138 102 86 84 81 66 58 58 58 58 58 57 58 61 67 64 60 61 62 60 60 61 60 61 65 65 60 59 61 61 60 64 63 60 59 59 58 59 59 59 59 59 59 59 58 
160 159 154 124 74 62 62 61 61 61 60 60 60 58 57 59 63 67 66 64 67 67 65 65 66 63 62 68 68 63 63 60 62 61 64 64 60 63 66 61 61 65 65 61 64 69 63 60 
160 160 155 131 95 88 88 87 88 89 89 89 84 64 57 60 77 93 89 79 91 95 84 88 92 84 75 93 88 75 82 71 79 73 86 87 71 83 92 78 74 92 89 73 86 93 74 70 
161 160 156 142 123 116 115 114 113 113 113 113 105 70 57 59 67 91 84 67 81 94 77 93 85 92 88 101 86 75 91 78 90 85 93 93 88 96 95 93 87 103 99 86 103 100 81 84 
161 160 157 141 113 97 94 94 94 93 92 91 86 65 57 58 60 85 78 60 73 89 70 89 78 89 91 102 85 74 93 81 92 88 90 89 86 92 103 99 92 100 97 89 100 93 90 89 
159 158 154 126 78 63 63 63 62 62 61 61 60 57 57 57 60 83 77 59 71 85 69 92 92 90 83 91 67 64 89 92 90 79 93 93 76 85 100 87 84 97 94 81 90 92 84 77 
159 158 154 126 83 73 74 72 62 57 57 57 56 56 57 57 58 68 65 58 63 70 63 76 81 72 67 73 60 57 68 77 71 62 71 74 63 70 77 66 65 76 74 63 67 73 64 60 
158 157 154 138 114 106 106 103 72 57 57 56 55 56 56 56 57 58 58 58 58 58 57 59 60 58 58 59 58 57 58 58 58 57 58 58 58 58 59 57 57 57 57 56 57 57 57 55 
158 157 154 141 119 104 102 98 71 56 56 56 55 56 56 57 61 68 64 60 68 68 60 63 72 64 59 70 71 61 57 57 57 59 66 65 58 58 67 66 57 56 56 56 56 56 57 56 
158 157 153 129 87 70 69 67 60 56 56 55 55 55 56 58 75 91 82 73 94 92 75 79 93 81 73 94 95 73 57 57 57 66 91 81 59 66 92 83 58 56 56 56 55 55 55 56 
158 157 153 125 76 63 63 62 57 55 55 55 55 55 55 59 82 84 86 81 100 99 83 87 85 88 83 103 102 79 58 56 56 62 86 84 63 83 102 88 60 56 56 54 54 55 55 55 
157 156 153 135 106 94 93 91 68 55 54 55 55 54 55 59 82 85 87 83 95 92 84 89 86 88 86 98 95 81 57 55 55 56 77 83 67 92 104 95 64 56 55 54 55 55 54 55 
157 156 154 143 123 107 104 102 73 56 54 54 55 54 55 57 74 90 81 74 91 90 77 77 90 81 76 93 92 75 57 55 55 56 72 77 61 68 83 85 61 56 55 55 54 54 54 54 
159 158 153 135 100 79 77 76 63 55 54 54 54 54 55 56 60 66 61 59 68 69 60 60 66 62 60 69 69 60 56 55 55 55 59 60 56 56 61 63 56 55 55 55 54 54 54 54 
158 157 151 124 74 59 58 57 55 54 55 54 54 54 55 56 58 60 60 60 60 60 60 61 61 61 60 61 60 59 59 59 60 60 60 60 60 60 60 60 60 60 60 60 60 60 60 60 
157 156 152 132 95 82 81 79 63 54 54 53 54 54 55 58 78 92 92 93 93 92 93 93 94 93 93 93 93 93 92 93 93 93 93 93 94 93 93 92 94 93 93 94 94 94 94 94 
156 156 153 141 121 107 104 100 72 55 54 53 53 53 54 59 93 115 115 116 117 118 118 118 118 119 119 118 118 118 118 119 118 118 118 118 118 118 117 117 117 117 116 117 116 116 116 116 
156 156 153 139 111 90 86 85 65 53 53 53 53 53 54 59 93 115 116 117 117 118 118 118 119 120 119 119 119 119 119 119 118 118 118 118 118 118 118 117 117 117 117 117 116 116 116 116 
155 155 151 127 78 60 59 58 54 52 53 53 53 53 53 59 92 114 114 116 116 117 118 118 117 118 118 118 117 117 117 118 117 117 118 117 117 117 116 116 116 116 116 116 115 115 115 115 
156 155 151 127 84 69 69 67 58 53 52 53 53 53 53 58 90 113 114 115 115 116 117 117 117 117 117 108 98 98 104 115 109 104 115 111 110 115 115 115 116 115 115 116 114 115 114 114 
156 155 152 139 114 99 96 93 69 53 52 53 53 53 53 58 91 114 114 114 116 117 116 117 117 117 116 95 82 89 81 104 91 78 105 100 97 115 115 115 115 115 115 115 114 114 114 113 
154 154 151 140 118 96 91 89 68 52 52 53 52 53 53 58 91 114 115 115 116 117 117 117 117 118 116 92 80 92 83 98 79 74 89 95 94 115 116 115 115 115 116 115 114 115 115 114 
155 154 150 129 85 65 62 62 56 51 52 52 52 52 52 58 92 114 115 115 116 117 117 117 118 118 115 93 81 96 103 96 74 76 76 88 92 113 115 115 116 116 115 114 114 115 114 114 
154 153 149 125 76 59 58 57 54 52 51 51 52 51 52 58 91 114 115 115 116 117 117 117 117 118 116 100 97 113 114 98 98 105 89 87 85 98 108 115 115 115 115 114 114 115 114 114 
155 154 151 136 104 87 85 81 64 52 51 51 52 51 52 57 91 114 115 115 116 117 117 117 117 117 117 113 112 116 116 112 115 116 111 108 105 106 112 115 115 115 114 114 114 114 114 114 
155 154 151 140 118 97 94 90 67 51 51 51 52 52 52 56 82 102 102 103 104 105 105 105 106 107 107 107 107 107 107 107 107 107 107 106 107 107 107 107 107 106 106 105 104 104 105 105 
153 153 149 133 97 73 71 69 59 51 51 51 51 51 51 53 60 65 65 66 67 67 68 68 68 70 69 69 70 70 70 70 70 70 70 69 69 70 70 70 70 70 70 69 69 69 69 69 
152 152 149 125 73 54 55 53 52 51 51 50 51 50 50 51 51 52 52 52 52 52 52 52 52 52 52 52 52 52 52 52 52 52 52 52 51 51 52 52 52 51 52 52 52 52 52 51 
153 152 150 132 94 76 74 72 59 50 50 50 51 50 50 50 51 51 51 51 51 51 51 51 51 51 51 51 51 50 50 50 51 50 50 51 51 50 50 51 50 50 50 50 51 51 50 50 
155 153 149 139 119 100 94 90 67 50 50 50 50 50 50 50 50 50 51 51 50 51 50 51 50 50 50 50 50 50 50 50 50 50 50 50 50 50 50 50 50 49 50 50 50 50 49 49 
154 152 148 135 110 85 80 77 62 50 50 50 50 49 50 50 50 49 50 51 50 49 50 50 49 49 49 50 50 50 49 50 49 49 49 50 50 49 49 50 50 50 50 50 49 49 49 49 
153 152 149 128 78 56 55 54 52 54 60 57 50 52 59 59 52 50 56 60 54 49 53 60 57 51 52 59 59 52 50 57 61 55 49 53 61 58 50 50 59 62 54 50 56 63 58 50 
152 152 149 126 69 51 51 49 51 64 85 76 53 57 81 83 58 52 75 88 67 50 65 88 77 53 57 83 85 60 52 73 90 71 50 63 89 82 55 53 80 89 65 50 69 90 76 52 
151 152 149 125 69 50 50 49 50 66 91 80 54 58 87 88 59 52 79 95 70 51 67 94 82 54 57 88 91 61 51 76 95 74 50 64 94 88 56 54 85 95 67 51 71 96 80 52 
152 152 148 127 75 52 50 49 50 66 88 79 54 58 85 87 60 52 78 92 70 51 67 92 82 54 58 85 89 62 52 76 92 74 50 64 91 86 56 54 83 92 67 51 71 93 79 52 
151 150 148 134 101 66 54 52 53 64 71 69 54 58 70 71 59 54 69 72 65 52 64 72 71 55 59 70 73 61 55 68 72 68 52 62 72 73 56 56 68 72 63 53 65 71 69 52 
151 150 148 140 122 94 73 66 63 64 62 61 56 57 57 58 56 55 59 56 57 53 57 56 58 54 56 56 57 57 55 58 56 58 53 57 56 57 54 55 56 56 56 53 56 55 57 52 
