98 35 3 3 3 3 3 3 3 3 3 3 3 3 3 3 3 4 5 4 4 4 4 4 4 4 4 4 4 3 3 3 4 4 4 5 5 5 5 5 5 4 4 4 4 5 5 4 4 4 4 4 4 4 4 4 4 4 4 4 4 5 5 5 5 5 4 4 5 5 6 6 7 7 7 9 19 45 93 144 181 207 229 230 226 225 208 144 65 27 17 13 10 8 7 7 8 7 6 6 6 6 6 6 5 5 5 5 5 5 5 5 5 5 5 5 6 6 5 5 5 5 5 5 5 5 5 5 5 5 5 5 5 5 5 5 5 5 5 5 5 6 4 4 4 4 4 4 4 6 71 61 
35 11 3 3 3 3 3 3 3 3 3 3 3 3 3 3 3 4 5 5 4 4 5 5 4 4 4 4 4 3 3 3 4 4 4 5 5 5 5 5 5 4 4 4 4 4 5 4 4 4 4 4 4 4 4 4 4 4 4 4 4 5 5 5 5 5 4 5 5 6 6 6 6 6 7 7 10 18 39 67 98 129 152 159 158 156 136 88 40 17 12 9 7 6 6 7 8 7 6 6 6 6 6 6 6 5 5 5 5 5 5 5 5 5 5 5 6 6 5 5 5 5 5 5 5 5 5 5 5 5 5 5 5 5 5 5 5 5 5 5 6 6 5 4 4 4 4 4 4 10 79 49 
3 3 3 3 3 3 3 3 3 3 3 3 3 3 3 3 3 4 5 5 5 4 5 5 5 5 5 5 4 3 3 4 4 4 4 5 5 5 5 5 5 4 4 4 3 4 5 4 4 4 4 3 3 4 4 4 4 4 4 4 4 5 5 5 4 5 5 5 6 6 6 6 6 6 7 7 6 6 8 12 21 31 41 47 46 41 31 17 10 7 7 7 6 6 6 6 7 6 6 6 6 6 6 6 6 5 5 6 5 5 5 6 5 5 5 5 6 6 5 5 5 5 5 5 5 5 5 5 5 5 6 6 5 5 5 5 5 5 5 5 7 7 5 4 5 5 4 4 4 6 53 87 
3 3 3 3 3 3 3 3 3 3 3 3 3 3 3 3 4 5 5 5 5 5 5 5 5 5 5 5 4 4 4 4 3 3 4 5 5 5 5 5 5 4 4 3 3 4 5 4 4 4 4 4 3 4 4 4 4 4 4 4 4 5 5 4 4 5 5 5 5 5 6 6 6 6 6 7 6 6 6 6 7 7 8 8 8 9 8 6 6 6 6 6 5 6 6 6 7 6 6 6 6 6 6 6 5 5 6 5 5 5 5 6 6 5 5 5 5 6 6 5 5 5 5 5 5 5 5 5 5 5 6 6 5 5 6 5 5 5 5 6 8 7 5 4 5 5 4 4 4 5 12 51 
2 3 3 3 3 3 3 3 3 3 4 3 3 3 3 3 4 5 5 5 5 5 5 6 6 5 6 5 4 4 4 4 4 3 4 5 5 5 5 5 5 5 4 3 3 4 5 4 4 4 4 4 4 4 4 4 4 4 4 3 4 5 5 5 5 5 5 5 5 5 6 6 6 6 6 6 6 6 6 6 6 6 6 6 7 11 10 6 6 6 5 5 5 5 6 6 7 6 6 6 6 6 6 6 5 5 6 6 5 6 6 6 6 5 5 5 5 5 5 5 5 5 5 5 5 5 5 6 6 6 6 6 5 5 6 6 5 5 5 5 6 5 4 5 5 5 4 4 4 4 4 4 
3 3 3 3 3 3 3 3 3 3 3 3 3 3 3 3 4 5 5 5 5 5 5 6 6 5 6 5 4 4 4 4 3 3 4 5 5 5 5 5 5 5 4 4 4 5 5 4 4 4 4 4 4 4 4 4 5 4 3 3 4 5 5 5 5 5 5 5 5 5 5 6 6 6 6 6 6 6 6 6 6 6 6 5 7 13 13 8 6 6 6 5 5 5 6 6 6 5 6 6 6 6 6 5 5 5 6 6 6 6 6 7 6 5 5 5 5 5 5 5 5 5 5 5 5 5 5 5 6 5 5 5 5 6 7 6 6 5 5 6 6 5 5 5 5 5 4 4 4 4 4 4 
3 3 3 3 3 3 3 4 3 3 3 3 3 3 3 3 4 5 5 5 6 6 5 6 6 5 6 5 5 4 4 4 4 3 3 4 4 5 5 5 5 5 4 4 4 5 5 4 4 4 4 4 3 3 4 4 5 4 4 4 4 5 5 4 4 4 4 4 4 5 5 6 6 6 6 6 6 6 5 5 5 5 5 5 6 10 11 8 6 5 5 5 5 5 6 6 6 5 5 5 5 6 6 6 5 5 6 6 6 6 6 6 6 5 5 6 6 5 5 5 5 5 5 5 5 5 5 5 5 5 5 5 5 5 5 5 5 5 5 5 5 5 5 5 5 5 5 5 5 4 4 4 
3 3 4 3 4 4 3 4 3 3 3 3 2 2 3 3 4 5 5 5 7 6 5 5 5 5 5 5 5 4 4 4 4 4 4 4 4 5 5 5 5 5 5 4 4 5 6 5 5 5 5 4 3 4 4 4 4 4 4 4 4 5 5 4 4 5 5 4 5 5 5 5 5 5 5 6 6 6 5 5 5 5 5 5 5 6 6 6 5 5 5 5 5 5 6 6 6 6 5 5 5 6 6 6 6 6 6 6 6 5 6 6 6 5 5 6 6 6 5 5 5 5 5 5 5 5 5 5 5 5 5 5 5 5 5 4 5 5 5 4 5 5 5 5 5 5 5 5 5 4 4 4 
3 3 3 3 4 3 3 3 3 3 3 3 3 3 3 3 4 4 4 5 6 5 5 6 5 5 5 5 5 4 4 4 5 5 5 5 5 5 6 6 5 5 5 4 4 5 6 5 5 5 5 4 4 4 4 5 4 4 4 4 4 5 4 4 5 5 4 4 5 5 5 5 5 5 6 6 6 6 5 5 5 5 5 5 6 6 5 5 5 5 5 5 5 5 5 6 6 6 5 5 6 6 6 6 6 6 6 6 6 6 6 6 6 5 5 6 6 6 6 6 6 5 5 5 5 5 5 5 5 5 5 5 5 5 5 5 5 5 4 4 5 4 4 4 4 4 4 5 4 4 4 4 
3 3 3 3 3 3 3 3 3 3 3 3 3 3 3 4 4 4 4 4 5 5 5 5 5 5 6 5 5 5 4 5 5 5 5 5 5 5 6 6 5 5 5 5 4 5 6 5 5 5 5 4 4 4 5 5 5 4 4 4 5 5 4 4 5 5 4 5 5 5 5 5 5 5 5 5 5 6 6 5 5 5 5 6 6 6 5 5 5 5 5 6 5 5 5 6 6 6 5 6 6 6 6 6 6 6 6 6 6 6 7 6 6 5 5 6 6 6 7 7 6 6 6 5 5 5 5 5 5 5 5 5 5 5 5 5 5 5 4 4 5 4 4 3 3 3 3 3 4 4 4 4 
3 3 3 3 3 3 3 3 3 3 4 4 3 4 4 4 4 5 5 4 5 6 6 6 5 5 6 6 5 5 5 5 5 5 5 6 6 6 6 7 6 5 5 4 4 5 6 5 5 5 5 4 4 4 5 5 5 5 4 4 5 5 5 5 5 5 4 4 5 5 5 5 5 5 5 5 5 6 6 5 5 5 5 6 7 6 5 5 5 5 5 6 6 5 5 6 6 6 6 7 6 6 6 6 5 6 6 6 6 7 7 7 6 5 5 6 6 6 6 6 6 6 6 5 5 5 6 5 6 6 6 5 5 5 5 5 4 5 4 4 5 4 3 2 2 1 1 2 3 3 4 4 
3 3 3 3 3 3 3 3 3 4 4 4 4 4 7 13 17 15 12 10 14 19 16 10 6 5 6 6 5 5 5 6 7 9 10 14 16 13 10 12 14 14 12 8 5 6 6 5 5 5 5 4 4 4 5 6 7 9 10 11 12 17 21 19 13 10 8 6 5 5 5 5 5 5 5 5 6 6 7 8 9 8 7 7 9 10 9 7 5 5 5 6 6 5 5 5 6 6 8 9 9 8 7 7 7 8 8 7 6 6 6 6 6 5 5 6 6 6 6 8 8 11 14 12 9 9 9 7 6 7 6 6 5 5 5 5 5 5 4 4 4 3 2 1 1 1 1 1 2 2 3 4 
3 3 3 4 3 3 3 3 4 4 4 4 4 8 31 55 62 54 47 50 58 63 53 32 12 6 6 6 5 5 7 16 30 40 48 57 57 47 43 49 56 55 45 29 12 6 6 5 5 6 6 5 4 6 9 14 24 35 43 49 57 65 69 62 52 47 36 23 14 8 5 5 5 5 5 6 7 16 30 39 42 35 29 31 39 43 35 20 8 5 5 6 6 5 5 6 7 14 27 37 39 31 26 29 35 36 28 17 9 6 6 6 6 5 6 7 10 17 24 33 42 51 53 44 39 42 37 26 20 15 9 7 5 5 5 5 5 5 5 4 4 3 1 1 2 2 2 2 2 1 2 4 
3 4 4 3 4 3 3 4 4 4 4 5 4 9 49 87 91 88 86 89 91 92 86 58 21 7 6 5 5 6 18 48 77 87 91 92 90 87 87 90 92 90 82 53 17 7 6 5 5 6 6 6 11 26 44 58 70 82 87 90 94 94 94 92 90 88 80 71 51 29 14 8 6 5 5 7 12 41 77 85 85 79 76 80 85 85 77 53 22 8 5 6 6 6 6 6 13 40 72 84 83 76 74 79 82 79 68 43 15 6 6 6 6 6 7 14 37 60 73 80 84 88 86 83 83 84 78 70 64 49 32 16 8 5 5 5 5 5 5 5 4 2 1 2 2 2 2 2 2 2 2 4 
4 4 3 3 3 4 4 4 4 5 5 5 5 8 45 88 95 94 93 93 94 95 92 66 25 7 6 6 6 16 48 80 96 98 97 96 96 96 96 96 96 92 75 39 12 7 7 6 5 6 8 17 38 69 87 93 96 97 97 96 97 97 96 97 97 96 96 95 88 70 47 25 10 6 5 8 20 50 81 92 97 96 94 94 95 97 95 81 49 17 6 6 7 7 7 8 25 67 93 96 96 97 97 97 96 92 81 44 13 6 6 6 7 13 28 48 72 88 92 93 93 93 93 92 93 93 92 92 90 84 71 49 25 10 6 5 5 5 5 5 4 2 2 2 2 2 1 2 2 2 2 3 
4 4 4 3 4 4 4 4 5 5 5 5 5 10 44 87 95 95 94 94 94 95 94 70 27 7 6 6 12 42 80 95 98 99 97 96 96 96 96 95 91 76 45 17 7 7 7 6 6 7 18 48 78 93 97 96 97 97 96 96 97 97 96 96 96 96 97 97 96 93 83 60 30 11 6 9 16 23 43 77 94 97 95 94 94 95 96 94 75 34 10 6 7 7 7 14 48 85 97 97 97 98 98 97 96 89 63 26 8 6 6 7 13 37 68 84 91 93 93 94 94 94 93 93 93 93 94 93 93 92 90 81 61 33 14 6 4 4 5 5 4 2 1 2 2 2 2 2 3 2 1 3 
4 4 4 4 4 4 4 4 5 4 4 5 5 14 54 89 96 95 94 94 95 95 93 74 30 8 6 12 34 74 94 96 97 97 96 96 96 96 95 91 74 43 17 7 6 7 7 6 7 19 50 80 94 97 96 96 96 96 96 96 97 97 96 96 96 96 96 96 96 96 95 87 65 33 13 11 12 9 16 47 81 96 96 95 94 93 94 95 88 57 24 9 6 7 9 29 72 94 97 97 97 97 98 97 93 74 36 11 6 6 6 12 35 71 89 93 94 94 94 94 94 94 94 93 93 93 94 94 93 93 93 92 86 69 42 15 5 5 5 5 4 2 1 2 2 2 2 2 2 2 2 3 
4 4 4 4 4 4 4 4 4 5 5 5 5 15 61 92 96 95 94 95 96 95 92 76 32 8 12 33 68 91 96 96 96 96 96 96 96 95 91 75 43 16 7 6 6 7 8 7 13 45 82 94 96 96 96 96 96 96 96 96 97 96 95 96 96 96 96 96 95 96 96 95 88 65 28 10 7 6 7 19 57 90 96 96 95 94 93 93 92 81 47 16 7 7 18 55 89 96 96 97 97 97 97 96 84 49 16 6 6 6 10 32 66 89 94 94 94 94 94 94 93 93 92 92 93 93 93 93 93 93 93 93 92 88 72 35 9 5 5 5 4 3 2 1 2 2 3 2 2 1 2 4 
4 4 4 4 4 4 4 4 5 5 5 5 5 12 54 91 96 95 95 96 96 96 91 72 29 11 32 69 90 96 96 96 96 96 96 96 95 91 73 43 17 7 6 5 6 7 8 10 32 74 93 95 95 95 95 96 96 96 94 92 89 85 86 92 94 95 96 96 95 95 96 96 95 85 46 14 5 5 5 8 33 71 92 96 96 96 94 93 92 90 66 29 10 11 39 80 95 96 96 97 96 96 96 90 62 25 8 6 6 7 22 60 88 95 95 94 94 94 94 93 92 90 89 89 90 90 92 93 94 94 94 93 93 92 86 54 18 6 5 5 5 4 3 2 2 2 2 1 1 2 3 4 
4 4 4 4 5 4 4 5 5 5 5 5 5 9 47 89 96 96 96 96 96 96 92 68 29 27 64 90 96 96 96 96 96 96 96 95 91 75 42 16 7 5 5 5 5 8 9 17 56 90 95 94 94 94 94 95 96 94 84 64 49 43 52 65 77 89 95 96 95 95 96 96 96 92 66 28 8 5 5 5 13 41 81 95 96 96 95 94 93 92 82 54 24 29 66 92 96 96 96 96 97 97 94 74 36 11 7 7 7 10 38 79 93 95 96 95 94 94 93 92 87 79 71 66 63 68 82 91 93 94 94 94 94 93 90 74 41 13 6 5 5 5 4 3 3 2 2 2 2 3 4 5 
4 4 4 4 4 4 4 5 5 5 5 5 5 10 44 87 96 96 96 96 96 96 94 72 44 58 88 96 96 96 96 96 96 96 95 92 78 46 18 8 6 5 5 5 5 7 10 25 68 93 94 94 94 94 95 96 94 84 57 27 14 11 16 23 38 64 89 96 96 96 96 96 96 94 83 50 15 6 5 5 6 19 59 88 96 96 96 95 94 94 91 76 50 60 86 95 96 96 96 96 97 96 84 50 17 7 7 7 8 18 56 88 95 96 96 95 94 94 92 83 60 39 28 22 21 27 49 76 90 94 94 94 94 93 91 87 66 25 7 5 5 5 5 5 5 4 3 4 4 4 4 5 
4 4 4 4 4 5 5 5 5 5 5 6 5 14 53 89 96 96 96 96 96 96 94 83 72 85 95 96 96 96 96 96 96 95 92 78 48 21 9 6 6 6 5 5 5 7 12 40 82 94 94 94 94 95 96 96 90 65 27 8 5 5 6 7 11 33 76 94 96 96 96 95 95 95 91 68 25 7 4 4 4 8 29 69 93 96 96 96 96 95 94 88 77 83 93 96 96 96 96 96 96 90 63 26 9 7 7 7 8 29 74 93 95 96 96 95 94 94 88 63 28 11 7 6 6 7 17 45 77 93 94 94 94 93 92 91 79 36 9 5 5 5 5 5 6 5 5 5 5 4 4 5 
3 3 4 4 4 5 5 5 5 6 6 6 5 16 61 91 96 96 96 96 96 96 95 93 92 95 96 96 96 96 96 96 96 93 78 47 20 10 7 6 6 6 6 6 5 8 18 52 88 95 94 94 94 95 96 95 81 42 11 4 4 5 5 5 6 17 59 89 95 95 95 94 94 94 93 78 34 8 4 4 4 5 12 45 81 94 96 96 96 95 95 93 91 92 93 94 95 96 96 96 93 76 38 12 7 7 7 7 11 39 81 94 95 96 96 95 94 92 77 39 11 6 5 5 5 5 7 19 59 90 94 95 94 94 93 93 85 47 13 5 5 5 5 5 6 6 5 5 5 5 4 5 
3 4 4 4 5 5 5 5 5 6 6 6 6 13 57 92 96 96 96 96 96 96 96 96 96 96 96 96 96 96 96 96 96 92 68 29 10 8 7 6 6 6 6 6 6 9 24 65 91 94 94 95 94 94 95 92 69 26 7 4 4 5 5 5 5 10 43 82 94 95 94 94 94 94 93 83 43 11 5 5 5 5 7 22 54 87 95 96 95 94 94 94 94 94 94 94 94 95 96 94 83 51 18 7 6 7 7 7 15 54 88 95 96 96 96 95 93 88 63 23 7 6 6 5 5 5 6 10 44 85 94 95 94 94 94 93 88 56 18 6 5 5 5 5 5 6 6 5 5 5 5 5 
4 4 5 5 5 5 5 5 5 6 6 6 6 11 50 90 96 96 96 96 97 97 97 97 96 96 96 96 96 96 96 96 95 92 72 34 13 8 6 6 6 5 6 5 6 8 24 68 92 94 94 95 94 95 95 88 55 17 5 5 5 5 5 4 5 8 33 76 93 94 94 94 94 95 94 86 48 12 5 5 5 5 6 9 30 74 92 95 96 95 94 94 95 94 94 94 94 95 95 89 63 27 9 6 6 7 7 7 15 56 90 95 96 96 96 95 93 87 54 17 7 7 6 6 6 5 6 8 33 79 93 94 94 94 94 92 89 65 23 7 6 5 5 5 5 6 6 5 5 5 5 4 
4 5 4 5 5 5 5 5 6 6 6 6 6 12 47 88 96 96 96 96 97 98 98 97 96 96 96 96 96 96 96 96 95 94 84 57 24 10 6 6 5 5 5 8 9 9 25 69 94 95 94 93 94 95 95 88 51 15 6 5 5 5 5 5 5 6 28 75 93 94 94 94 94 94 93 83 45 11 4 4 5 5 6 7 15 45 78 93 96 95 94 94 94 94 94 94 95 95 92 73 36 12 7 7 6 7 7 8 19 59 90 95 96 96 96 95 93 87 54 16 6 7 7 6 6 5 6 7 25 73 92 94 94 95 94 92 90 72 30 8 6 5 5 5 5 5 6 5 5 4 5 5 
4 4 4 5 5 4 4 5 6 6 6 6 6 16 55 89 96 96 96 97 97 98 98 98 97 96 96 96 96 95 95 95 96 95 93 80 44 16 7 6 6 5 6 14 16 12 35 78 94 94 93 93 94 95 95 89 55 16 6 5 5 5 5 5 5 5 22 72 93 94 94 94 94 94 93 79 39 10 4 4 5 5 6 6 8 18 56 87 95 95 94 94 94 94 94 95 95 94 81 47 17 8 7 7 7 7 8 8 26 69 91 95 96 96 96 95 93 83 50 14 7 7 7 6 6 6 6 7 22 68 92 95 95 95 94 92 90 75 32 8 6 5 5 5 5 5 5 5 5 5 5 5 
4 4 5 5 5 5 5 5 6 6 6 6 6 18 63 92 96 96 96 97 97 97 98 97 96 96 96 96 95 95 94 95 96 96 95 89 65 31 11 7 6 6 7 14 22 25 42 83 93 92 91 92 93 95 95 89 57 16 6 5 5 6 5 5 5 6 19 66 93 94 94 94 94 94 94 82 39 9 4 4 5 5 6 6 6 8 31 68 90 94 94 94 94 94 94 95 95 88 61 25 9 7 8 8 8 8 8 8 24 71 92 93 94 95 96 95 93 80 43 14 7 7 7 7 6 6 6 8 29 72 92 95 96 95 93 92 88 70 28 7 6 6 5 5 5 5 5 5 5 5 5 5 
4 4 5 4 5 5 6 6 6 6 6 6 6 14 57 92 96 95 95 97 97 97 96 96 96 96 95 95 94 95 95 96 96 96 96 94 84 53 19 7 5 5 6 10 28 46 48 80 92 88 86 90 93 95 95 86 52 15 5 5 5 6 6 5 6 7 22 67 93 94 94 94 94 94 93 84 44 11 4 4 5 5 6 7 6 6 13 43 83 93 94 94 94 94 94 96 93 74 37 13 7 8 8 8 8 8 8 7 19 64 91 91 89 93 97 97 95 85 46 15 7 7 7 7 6 6 6 9 37 80 93 95 96 96 95 92 88 63 23 7 6 6 6 5 5 5 5 6 6 5 5 5 
4 4 4 4 5 5 6 6 6 6 6 6 7 12 50 89 95 95 96 97 97 96 96 96 96 95 91 87 91 94 96 95 96 96 96 95 92 71 34 11 6 5 6 8 21 36 38 72 91 87 86 90 94 95 95 86 50 15 5 5 5 6 6 5 6 8 33 77 93 94 94 94 94 93 92 82 42 10 5 5 5 5 6 7 6 6 7 26 74 93 94 94 94 94 94 95 88 56 21 9 7 8 8 8 8 8 8 8 14 55 89 90 85 90 96 97 96 90 55 19 8 7 7 7 7 7 7 9 36 81 94 96 96 96 95 92 89 65 23 7 6 6 6 6 6 5 6 6 6 5 5 5 
5 5 5 5 5 5 6 6 6 7 6 7 7 13 47 87 95 96 96 98 97 96 96 96 94 89 73 60 77 92 95 94 96 96 96 95 94 85 59 24 8 6 6 6 8 12 19 58 90 91 91 93 94 95 96 90 59 23 7 5 5 6 6 6 6 10 40 83 94 94 94 94 94 94 92 74 33 8 5 5 5 5 7 7 7 6 6 19 65 92 94 94 93 94 94 95 86 48 16 8 8 8 8 8 8 8 8 8 12 46 86 90 85 86 94 97 96 93 64 23 8 7 7 7 8 8 7 12 43 83 94 96 96 96 94 91 87 64 22 7 6 6 6 6 6 6 7 6 6 5 4 5 
5 5 5 5 5 5 6 6 6 7 6 6 7 16 54 88 95 96 96 98 97 96 96 95 90 71 41 28 49 80 94 94 95 96 96 96 95 92 79 42 14 6 5 5 5 7 11 45 86 94 93 94 94 94 95 92 76 42 13 6 5 6 6 6 6 17 55 88 94 94 94 94 94 93 91 69 24 6 5 5 5 5 6 7 7 6 6 14 57 91 94 94 93 94 94 96 89 53 19 9 8 8 8 8 8 9 9 10 11 36 81 93 90 89 92 96 96 95 72 32 11 8 8 8 9 9 8 19 58 89 95 96 97 96 93 90 84 53 16 7 6 6 6 6 6 6 7 6 6 5 5 5 
5 5 5 5 5 5 6 6 6 7 6 6 7 17 61 90 94 95 96 97 96 96 96 92 75 43 18 11 22 61 91 95 95 96 96 96 96 95 89 65 31 10 6 5 5 7 9 34 80 94 95 95 94 94 94 93 89 65 29 11 7 7 7 8 15 39 76 93 94 93 93 93 93 93 87 59 18 5 5 5 5 5 7 6 6 6 7 17 57 90 94 94 94 94 94 95 91 59 22 10 8 8 9 8 8 9 10 11 11 28 75 93 94 91 88 93 96 95 84 58 25 12 10 9 10 10 16 40 77 94 97 98 98 96 93 90 81 43 12 7 7 6 6 6 6 7 6 6 6 6 5 5 
5 5 6 5 5 5 5 6 6 7 7 7 7 14 57 91 94 95 96 96 96 96 94 82 50 20 10 8 12 44 84 94 95 96 96 96 96 95 94 86 56 20 7 5 5 7 8 22 64 89 95 96 95 94 94 94 93 85 64 40 27 20 16 23 46 75 91 94 94 93 93 93 93 92 80 42 11 5 6 6 5 5 6 7 6 6 7 24 66 91 94 94 94 95 95 95 89 59 21 10 8 8 8 8 8 9 11 11 11 22 64 90 94 90 82 89 96 96 93 82 56 36 24 18 21 27 43 72 91 96 97 98 97 95 92 87 72 33 9 7 7 7 7 6 6 7 6 6 6 6 5 5 
6 7 7 6 5 5 6 6 7 7 7 7 7 12 51 89 94 95 96 96 96 95 92 71 32 11 8 8 9 27 66 89 94 96 96 97 96 95 95 92 74 37 12 6 6 7 7 13 39 76 93 95 95 94 94 94 94 93 89 81 72 60 58 66 81 92 94 94 94 94 93 93 93 89 66 25 7 5 6 6 6 5 6 7 6 7 7 25 71 93 94 94 95 95 95 94 84 51 18 10 9 9 10 10 9 9 10 10 11 16 45 77 91 89 80 84 95 97 97 94 86 76 63 58 64 73 83 91 96 98 97 97 96 94 91 84 56 20 8 8 7 7 7 7 7 7 6 6 7 6 5 5 
6 7 7 6 6 6 7 7 8 8 7 7 8 15 51 88 95 95 96 96 96 94 91 68 28 10 8 8 8 13 38 77 93 95 96 97 97 96 95 94 86 61 25 8 6 7 7 7 18 57 89 94 94 94 94 94 94 94 94 94 92 90 91 92 93 94 94 93 93 94 94 94 91 80 45 12 6 6 6 7 6 6 7 7 7 7 7 20 66 93 94 95 96 95 95 95 85 46 16 10 9 10 11 11 10 10 10 11 11 12 22 53 84 89 83 85 94 98 98 97 95 93 91 91 92 94 95 96 97 98 97 95 94 93 89 72 36 12 8 9 8 8 7 8 8 7 7 6 7 7 6 5 
7 7 8 8 7 7 8 8 8 8 8 8 8 19 59 90 96 95 95 96 95 94 91 71 30 11 8 8 8 8 21 64 92 95 96 97 97 96 95 94 93 82 45 15 7 8 8 6 10 35 69 89 94 95 94 94 94 94 94 94 94 94 93 93 94 94 94 93 93 94 94 93 84 56 21 6 5 6 6 7 7 7 8 8 7 7 7 16 59 91 94 95 96 96 96 96 88 52 19 10 10 11 12 11 11 11 11 11 11 11 13 31 66 86 89 88 92 97 98 97 97 96 96 96 96 97 97 97 98 97 95 94 93 91 81 51 19 9 8 9 9 9 8 9 9 8 7 6 7 7 7 7 
8 9 9 9 9 8 8 8 8 9 9 8 8 20 65 93 96 95 94 95 95 94 91 72 29 11 9 8 8 8 13 49 85 94 95 96 96 96 95 94 95 90 68 33 11 9 9 7 8 15 37 69 89 94 95 95 95 94 95 94 94 94 94 93 94 94 94 94 94 93 92 85 59 26 9 5 5 6 7 8 8 8 9 9 7 7 8 21 62 90 94 95 96 96 97 96 90 59 22 11 10 11 12 11 11 12 12 12 12 11 11 16 39 72 86 88 91 95 96 96 96 97 96 96 96 96 97 97 96 95 93 92 90 82 60 28 12 9 9 9 9 9 9 9 9 8 8 7 8 9 9 9 
9 9 10 10 10 9 9 9 9 10 9 9 9 17 61 93 95 94 94 95 95 93 89 67 27 11 9 9 9 9 10 28 61 89 95 95 95 95 94 94 95 94 86 56 20 10 9 8 8 9 16 38 66 84 91 94 95 95 95 95 94 94 94 94 94 94 94 94 93 90 77 56 29 10 6 6 6 7 7 8 8 8 9 9 8 7 9 29 73 91 94 95 96 96 96 95 88 58 21 12 11 12 12 11 11 12 13 12 12 12 12 13 20 39 63 80 88 92 94 94 95 95 95 95 94 95 95 94 93 93 91 89 76 53 30 15 11 10 10 11 11 10 9 9 9 9 9 9 11 12 11 10 
10 10 11 11 11 10 9 10 11 10 10 9 9 16 55 88 90 89 91 92 92 89 85 60 24 10 10 10 10 9 10 14 37 79 92 92 91 91 92 92 92 90 88 72 35 14 9 8 8 9 10 16 31 51 69 83 90 91 94 94 93 93 94 94 93 92 91 88 82 69 44 23 12 7 7 7 6 7 7 8 8 9 10 10 8 8 9 27 72 90 91 91 90 92 94 92 82 50 19 13 13 13 13 12 12 12 13 13 13 13 13 13 14 18 30 52 72 83 87 90 92 92 93 93 92 92 92 90 86 85 83 70 46 24 15 12 11 11 11 12 12 11 10 10 9 9 10 10 12 14 12 11 
11 11 12 12 12 11 10 11 12 12 11 10 10 16 41 60 61 66 72 71 66 61 60 44 18 11 10 11 9 9 9 10 21 53 68 67 64 66 72 73 68 64 65 64 40 16 9 8 9 9 9 10 13 20 30 47 61 72 80 79 82 86 87 83 76 69 61 53 43 32 18 10 8 8 8 7 7 7 8 8 8 9 10 9 8 8 9 20 54 71 69 63 62 71 75 72 61 35 16 13 13 13 13 13 13 13 13 13 13 13 13 13 13 13 15 22 37 51 64 75 75 78 85 85 80 75 73 69 61 58 57 38 20 13 14 13 11 10 12 13 13 12 12 11 10 10 11 11 12 13 12 11 
11 11 12 12 12 11 11 11 13 14 12 10 10 12 18 23 25 28 32 31 26 23 23 20 12 10 10 10 9 8 9 9 12 22 28 28 28 29 31 33 29 27 27 28 20 12 9 8 9 9 9 9 9 10 12 16 24 33 39 39 45 52 50 44 36 27 22 18 16 13 11 9 8 8 8 7 7 8 8 8 8 9 10 9 9 9 9 12 23 30 28 25 25 30 33 32 28 19 14 13 13 13 13 13 13 13 13 13 13 12 12 13 13 13 13 13 16 21 30 38 37 43 53 52 44 37 36 35 30 27 26 18 12 12 14 14 12 11 12 14 14 14 14 12 12 12 12 11 12 13 12 11 
11 11 10 10 11 10 10 11 12 13 11 9 9 9 10 10 11 12 12 12 10 9 10 10 10 10 10 9 9 8 8 9 9 11 12 12 12 12 12 13 12 11 10 10 9 9 10 9 9 9 8 8 8 9 10 10 12 13 14 13 14 16 16 14 12 10 8 9 10 10 9 8 7 8 8 7 7 8 8 7 8 8 9 9 9 9 9 10 10 10 11 10 11 11 12 14 14 14 14 13 13 13 12 12 12 13 13 12 13 12 12 13 13 13 13 13 13 14 17 18 16 18 23 22 18 16 16 16 16 16 16 14 11 12 14 14 12 12 12 14 14 14 14 13 12 12 12 11 12 14 13 12 
10 10 9 9 9 9 9 9 10 11 10 9 9 9 9 8 9 10 10 9 8 8 8 9 9 10 10 10 8 8 8 9 8 9 10 10 11 11 10 9 9 8 8 7 7 9 9 8 8 9 8 8 8 9 10 10 10 10 9 8 8 8 8 8 8 7 7 8 9 9 8 7 7 7 7 6 6 7 8 7 8 8 9 9 9 9 9 9 8 8 9 9 9 9 9 11 13 13 13 13 12 13 12 12 12 13 14 13 13 13 13 13 14 14 14 13 13 13 15 14 13 14 16 15 13 13 13 14 15 17 17 14 12 12 13 13 13 13 12 14 14 13 13 13 12 12 11 11 13 14 13 12 
8 8 8 8 8 8 8 8 9 9 9 9 8 7 7 7 8 9 9 8 7 7 8 9 8 9 10 9 8 7 8 8 8 8 9 9 10 10 9 9 8 8 8 7 7 9 9 8 8 8 8 7 8 8 9 10 10 9 8 7 7 7 8 8 8 7 6 6 8 9 8 7 6 6 6 6 6 7 7 7 7 7 8 9 9 8 8 8 7 8 9 9 8 9 10 11 12 12 12 12 11 12 12 12 12 13 14 14 14 13 12 12 14 14 14 13 12 12 14 14 13 14 16 15 14 13 14 14 15 17 18 15 13 12 13 13 13 12 12 13 13 12 12 13 12 11 11 10 11 12 12 12 
8 8 8 7 7 7 7 7 8 8 8 8 8 6 6 7 8 8 8 8 7 6 7 8 8 8 9 9 7 7 7 8 7 7 8 9 9 9 9 9 8 8 7 6 7 9 9 7 8 8 7 7 7 8 8 9 9 8 7 6 6 7 8 8 8 7 5 5 7 8 8 7 6 5 5 5 6 6 6 7 7 7 8 9 8 7 7 8 7 7 8 9 8 8 9 10 11 11 11 11 11 11 12 12 11 12 13 13 13 12 11 11 13 14 13 13 12 12 14 13 12 14 15 15 14 13 13 14 14 16 17 15 13 12 12 13 12 12 12 12 12 12 12 12 12 11 10 9 9 11 11 11 
7 8 8 7 7 7 7 7 7 8 9 8 7 6 6 7 7 8 8 8 7 6 7 8 7 8 9 8 7 7 7 7 7 7 8 9 9 9 9 9 8 8 8 6 6 8 8 7 8 8 7 7 7 8 8 8 9 8 6 6 6 7 7 7 7 6 5 5 7 7 7 6 5 5 5 5 5 6 6 6 7 7 8 9 7 7 7 7 7 7 8 8 8 8 8 9 11 11 11 11 11 11 12 11 11 12 12 13 13 12 12 12 12 12 12 12 12 12 13 12 12 14 14 14 14 13 14 14 14 15 16 15 13 12 13 12 11 11 11 13 12 12 12 12 11 10 9 9 9 10 10 9 
7 7 8 7 7 8 8 8 7 8 9 8 7 6 6 7 7 8 8 8 7 7 7 8 7 7 8 8 7 7 7 7 7 7 8 9 10 9 8 8 8 9 9 7 7 8 9 7 7 7 7 7 7 7 7 8 8 8 6 6 7 7 7 7 7 6 5 5 6 7 7 6 5 5 5 5 5 5 5 5 6 7 8 8 7 7 7 7 7 7 8 8 7 8 9 9 10 11 10 10 10 10 11 12 11 11 12 12 13 13 12 12 12 11 11 12 11 11 12 12 11 13 15 14 13 12 13 13 13 13 15 15 13 12 13 12 10 10 11 13 12 12 12 11 11 10 9 9 9 8 8 8 
7 7 8 7 7 8 8 8 8 9 9 9 8 6 6 7 7 8 8 7 7 7 7 8 7 7 7 7 7 7 7 7 6 6 7 8 9 8 7 7 7 9 8 7 6 9 9 7 7 7 7 7 7 7 7 8 8 7 6 6 6 7 7 7 7 6 5 5 6 7 7 6 5 5 5 5 5 5 6 6 6 7 8 8 7 7 7 7 6 6 7 7 7 8 9 9 11 11 10 10 10 10 12 12 11 11 11 12 14 14 13 12 12 11 11 12 11 12 12 11 12 13 14 14 12 11 12 12 13 14 15 15 13 13 13 12 11 10 11 11 11 11 12 11 11 11 10 10 9 9 8 8 
7 8 7 7 7 8 9 9 9 9 9 9 7 6 6 7 7 7 7 7 7 7 7 7 7 7 7 7 6 6 7 7 6 6 7 7 8 8 7 7 7 7 7 6 7 9 10 8 7 8 7 7 7 7 7 8 8 7 6 6 6 7 7 7 7 6 5 6 6 6 7 7 6 5 5 5 5 5 6 6 6 6 7 8 7 7 7 7 6 6 7 8 7 8 9 10 12 11 10 10 10 11 11 12 11 11 12 13 14 14 13 13 13 12 12 11 11 13 14 12 12 13 15 14 12 11 11 12 13 14 16 16 15 14 14 14 12 11 11 11 12 13 12 11 11 11 11 9 9 9 9 9 
7 8 7 7 7 8 8 9 8 8 8 8 7 5 5 6 7 7 7 7 7 6 7 7 7 7 7 7 6 6 7 7 5 6 6 7 8 8 7 7 6 6 7 6 7 10 10 8 7 8 8 7 7 7 7 8 8 7 6 5 6 7 7 7 7 6 5 5 6 7 7 7 5 5 5 5 5 5 5 6 6 6 7 7 7 7 7 7 7 7 8 8 8 8 9 11 12 11 10 11 12 11 12 12 11 11 12 13 14 14 14 13 13 13 12 11 11 13 14 13 13 15 15 14 13 12 12 13 14 15 15 17 16 16 16 15 13 12 12 13 13 13 13 12 11 11 11 10 9 9 9 9 
7 7 8 7 7 7 7 8 8 8 8 8 7 6 6 6 6 7 8 8 6 6 7 8 7 7 7 7 6 6 7 7 6 6 6 7 8 8 8 7 7 6 6 6 6 8 9 7 7 9 8 7 7 7 7 8 8 7 6 6 6 7 7 7 7 6 5 5 6 7 7 7 6 5 5 5 5 5 6 6 6 6 6 7 7 7 8 7 7 7 7 8 8 9 10 12 12 11 10 11 12 12 12 12 11 12 12 13 15 15 14 13 13 13 12 12 12 13 15 14 14 15 15 15 14 12 13 14 14 15 15 16 16 16 16 16 14 12 12 13 13 14 13 12 11 11 11 9 9 9 9 9 
7 7 8 7 8 7 7 8 8 8 9 8 7 6 6 6 7 7 9 9 7 6 7 7 7 7 7 7 7 7 7 7 6 6 7 7 8 8 8 8 7 7 6 6 6 7 8 7 7 8 8 7 7 7 8 9 9 7 6 6 6 7 7 7 7 6 6 5 6 6 7 7 6 6 6 5 5 6 7 7 6 5 6 8 7 7 8 8 7 7 8 8 8 9 10 12 12 11 11 12 12 12 12 12 12 12 12 13 15 15 14 14 14 14 14 13 14 14 15 14 14 14 15 16 14 13 14 14 14 15 15 15 15 15 15 15 13 12 12 13 13 13 12 11 11 11 11 9 9 9 9 9 
7 7 8 7 7 7 8 9 9 9 10 9 7 6 7 7 6 7 10 9 7 6 7 8 7 7 7 7 7 7 7 6 6 6 7 7 8 9 8 7 7 7 7 6 6 7 8 7 7 8 8 7 7 7 8 9 10 8 6 6 6 7 7 7 7 7 6 6 6 6 6 7 6 6 6 6 5 6 7 7 6 5 6 8 8 7 8 8 7 7 9 9 8 9 9 11 12 11 12 12 12 12 13 12 12 12 12 13 14 14 14 15 15 13 14 14 13 14 14 14 13 14 15 16 14 13 14 14 15 15 15 15 15 14 14 14 13 11 11 13 13 13 11 11 10 10 10 10 9 9 8 9 
8 8 7 7 7 8 9 9 9 9 10 10 8 7 7 7 7 8 10 9 7 7 7 8 8 7 7 7 7 7 7 7 6 7 7 7 8 9 8 7 7 7 7 6 7 8 9 8 8 9 8 7 7 7 8 9 9 8 7 7 6 7 7 7 7 7 6 6 6 6 7 7 6 6 6 5 5 6 7 6 6 6 7 8 8 7 8 8 8 8 9 9 8 8 8 10 12 12 13 12 11 12 13 13 12 13 13 13 13 13 14 14 13 12 13 13 12 13 14 13 13 14 16 15 14 13 14 14 15 15 14 14 14 14 14 14 12 11 11 12 12 12 11 10 10 9 9 9 9 9 8 8 
8 8 7 7 8 9 9 9 9 10 11 11 9 7 7 8 8 9 9 9 7 7 8 9 8 7 7 7 7 7 7 7 7 7 7 8 9 9 8 7 7 7 7 6 6 9 10 9 10 10 8 7 7 6 7 8 8 7 7 7 7 7 7 7 8 7 7 6 6 6 7 7 7 6 6 5 6 6 7 7 7 7 8 8 7 7 8 9 8 8 9 8 9 9 8 9 11 12 13 12 11 12 13 13 13 14 13 13 13 13 13 13 13 12 12 12 12 12 13 13 14 15 16 16 14 13 14 15 15 15 14 14 14 14 14 13 11 11 11 12 12 12 11 11 11 9 9 8 9 8 8 9 
