150 151 153 155 156 159 160 161 162 163 163 164 166 167 167 167 168 168 168 169 169 169 170 171 171 172 172 172 172 173 173 173 173 172 172 173 172 173 174 174 174 174 174 174 173 173 173 174 173 174 173 172 171 171 171 171 171 170 170 171 170 169 169 169 169 169 168 168 167 167 165 164 164 164 162 161 159 158 156 154 
151 152 153 156 157 160 161 162 163 164 165 166 167 168 168 168 169 169 170 170 171 171 171 171 172 172 173 173 173 173 174 174 174 174 174 174 174 175 175 175 175 174 175 175 174 174 175 174 174 174 174 174 173 172 172 172 172 172 171 171 171 171 170 171 170 169 169 169 168 167 166 165 165 164 163 162 160 159 157 155 
152 153 155 157 158 160 161 163 165 167 167 167 167 168 168 169 170 170 171 172 172 172 172 173 173 173 174 174 174 174 174 174 175 175 175 175 176 176 176 176 176 176 176 176 176 176 175 175 176 175 174 174 174 173 173 173 173 173 173 173 173 173 172 171 171 170 169 169 169 168 168 167 166 165 164 164 162 160 158 156 
155 155 157 158 160 161 163 165 167 167 168 168 168 169 168 169 170 171 172 172 172 173 173 173 174 174 174 175 175 175 175 175 175 175 175 176 176 176 176 176 176 176 176 176 176 176 176 175 175 175 175 174 175 174 174 175 174 174 174 173 173 173 172 172 171 170 169 169 169 168 167 167 166 166 165 164 163 161 159 156 
156 156 158 159 161 162 164 166 167 167 167 168 169 169 169 170 171 172 172 172 172 172 173 173 174 174 174 174 174 174 174 175 175 176 176 176 175 175 176 176 176 176 176 176 176 176 176 176 176 175 175 175 174 174 174 174 174 174 173 172 172 172 172 172 171 171 170 170 169 168 168 167 167 166 165 164 163 161 159 157 
156 157 159 161 162 163 164 166 167 166 166 168 169 169 169 170 171 172 171 171 172 171 172 173 173 173 173 173 173 173 174 174 175 176 176 175 175 175 175 176 175 175 175 175 176 176 176 176 176 175 174 174 174 174 175 174 173 173 173 172 172 172 172 171 171 171 170 169 169 168 168 167 167 166 165 164 163 161 160 158 
156 158 160 161 162 163 163 165 166 166 166 168 168 168 169 169 170 171 171 171 172 172 173 173 173 173 174 173 173 174 174 174 174 175 175 175 175 175 175 176 175 176 175 175 175 176 175 175 175 175 174 175 175 175 175 174 174 173 173 173 173 172 172 172 171 171 170 170 169 168 168 167 167 166 165 164 163 162 161 158 
157 158 160 161 163 163 164 164 165 167 168 168 169 169 169 170 170 171 171 172 172 173 173 173 173 173 174 173 173 174 174 175 175 175 175 175 175 175 176 175 176 176 176 175 176 176 176 176 175 175 175 175 175 175 174 174 174 173 173 173 173 173 172 171 171 171 170 170 170 169 168 167 167 166 165 164 163 162 160 158 
157 159 161 162 163 165 165 165 166 167 168 168 169 169 170 170 171 171 171 172 172 172 173 173 174 174 174 174 174 174 175 175 175 176 176 175 175 176 176 176 176 176 176 176 176 176 176 176 176 176 176 175 175 174 174 174 174 174 173 173 173 173 172 171 171 170 170 170 170 169 168 168 167 166 165 164 164 162 161 159 
158 160 161 162 164 165 165 166 167 168 168 168 168 168 169 170 171 171 171 171 171 171 172 173 173 173 174 174 173 174 175 175 175 176 176 176 176 176 176 176 176 176 176 176 176 175 176 176 175 175 175 175 175 174 174 174 174 174 173 173 172 172 171 171 170 170 170 169 169 168 168 167 167 166 165 164 164 163 162 160 
158 160 161 162 163 163 164 165 166 167 168 168 168 168 168 169 170 171 171 171 172 171 172 172 173 173 173 173 173 174 174 174 174 175 175 176 176 176 175 175 175 175 175 176 176 176 176 176 176 176 175 175 174 174 174 174 173 173 173 173 173 172 171 171 171 170 170 169 168 168 167 166 166 165 164 164 163 163 161 159 
158 160 161 162 162 163 163 164 166 167 167 168 169 169 169 169 170 170 170 171 171 172 172 172 173 173 173 173 174 174 175 175 175 175 175 175 176 176 175 175 175 175 175 176 176 176 175 176 176 175 175 174 174 174 174 174 173 172 173 172 172 172 172 171 170 169 169 169 168 168 168 166 165 165 164 163 163 162 160 159 
158 159 161 162 163 163 164 165 166 167 167 168 168 169 169 169 170 170 170 170 171 172 171 171 172 172 173 173 174 175 175 175 175 175 175 175 175 176 176 176 176 175 176 176 176 176 175 175 175 175 175 174 174 174 175 175 173 172 172 172 171 171 171 171 169 169 169 169 169 168 167 167 166 165 164 163 162 161 161 159 
159 159 160 162 163 164 164 165 166 167 167 167 168 168 168 169 169 170 170 170 171 172 171 171 171 172 172 172 173 174 174 174 175 174 175 175 175 175 176 176 175 176 176 176 176 176 176 176 176 176 175 174 175 174 174 174 173 173 172 172 172 171 170 170 170 169 169 169 169 168 168 167 166 165 164 163 162 162 161 160 
158 159 160 161 163 163 164 166 166 167 167 168 168 168 168 169 169 169 169 170 171 171 171 171 172 172 172 172 173 174 173 174 174 174 175 176 176 176 176 176 176 176 176 176 176 177 177 177 177 176 176 175 176 175 174 174 174 173 173 172 172 171 171 171 170 169 169 169 168 167 167 167 166 165 164 163 163 163 162 160 
159 160 160 161 163 163 164 165 165 166 167 168 168 168 169 169 170 169 169 170 171 170 171 171 172 172 172 173 173 174 174 174 174 175 176 177 176 177 177 177 176 176 176 176 177 176 177 177 177 177 176 176 175 175 174 174 173 173 173 172 171 171 171 170 169 169 168 168 168 167 167 167 165 164 163 163 163 162 161 159 
159 159 160 161 162 163 163 164 165 166 166 167 168 168 168 169 169 169 169 170 170 170 170 171 171 172 173 173 173 174 174 174 174 175 176 176 177 177 177 177 176 176 176 176 176 176 176 176 176 176 176 176 175 174 174 173 172 172 172 171 171 171 171 169 169 169 169 168 167 167 166 166 166 164 163 163 162 161 160 159 
158 159 160 160 161 162 163 163 164 165 166 166 167 167 168 168 168 168 169 170 170 170 170 170 171 172 172 171 170 171 172 171 172 171 172 172 173 172 172 173 171 171 170 171 169 172 169 171 169 170 168 168 167 167 167 160 161 168 170 170 170 170 170 169 168 168 168 169 168 167 166 165 164 164 163 162 161 160 160 160 
158 159 160 160 161 162 163 163 163 164 165 165 166 168 168 168 168 167 168 169 169 170 170 170 170 171 168 149 128 133 148 137 147 135 144 135 141 137 138 138 132 139 129 140 127 140 125 138 126 134 128 130 130 124 131 104 109 148 168 169 169 169 168 168 168 168 168 168 167 167 166 165 164 163 162 162 161 161 161 159 
158 159 159 160 161 162 163 163 163 164 165 166 166 167 167 168 168 168 168 168 169 169 169 170 170 170 160 107 74 85 112 94 112 94 109 97 107 101 101 105 96 108 92 110 91 108 90 107 94 103 98 99 102 93 104 74 77 130 165 168 168 168 168 168 169 168 168 167 167 166 165 164 164 162 162 161 161 161 160 158 
158 158 159 159 160 161 162 163 163 163 165 166 166 166 167 167 168 168 168 169 169 169 169 170 170 170 157 101 73 75 86 76 85 76 84 78 82 79 78 80 76 82 74 82 74 80 73 79 75 77 76 76 77 73 78 78 91 132 163 166 167 168 169 169 169 168 167 166 166 166 165 165 164 163 163 162 162 161 160 158 
158 158 159 159 160 161 162 163 163 163 165 166 166 166 166 167 167 167 168 169 170 169 169 169 169 168 160 123 103 80 65 63 64 63 63 63 64 63 64 64 64 64 64 64 64 64 64 64 64 64 64 64 64 64 66 85 106 137 160 163 164 166 167 167 167 167 166 166 164 165 164 164 163 163 162 161 161 160 160 158 
158 159 159 159 160 161 162 162 163 164 165 166 166 166 166 166 167 167 167 168 168 168 168 168 168 166 155 113 88 73 62 61 61 61 61 61 61 62 64 64 64 63 62 62 63 65 65 65 64 62 62 62 63 63 64 76 91 127 158 161 163 165 166 166 166 166 166 165 165 165 164 164 163 163 162 161 161 159 159 158 
157 158 158 159 160 161 162 162 163 163 164 165 165 166 166 166 166 166 166 166 167 167 167 167 166 165 153 115 96 76 62 61 61 61 61 61 61 68 82 87 87 76 64 64 77 89 91 88 74 63 62 62 62 62 64 84 105 133 157 161 162 164 165 166 166 166 165 165 165 164 164 164 163 162 161 160 160 159 158 157 
157 157 157 158 159 161 161 162 162 163 164 164 165 165 165 165 165 166 166 166 166 167 166 165 165 164 151 110 87 72 61 60 60 61 61 61 61 67 92 115 117 106 80 79 105 117 115 98 72 62 62 61 61 62 63 74 89 123 155 160 162 163 164 165 165 165 165 164 164 164 163 163 163 162 161 160 160 159 158 156 
156 157 158 158 158 159 161 162 162 162 163 164 164 165 165 165 165 166 166 166 167 167 166 165 164 163 150 112 93 74 60 60 60 61 61 61 61 62 72 101 120 121 106 94 102 112 102 75 62 61 61 61 61 61 62 81 104 130 155 159 160 162 163 164 164 164 163 163 164 163 162 162 162 161 160 160 160 158 157 155 
156 157 157 158 159 160 161 162 162 162 162 163 164 165 165 165 165 165 165 165 166 166 166 165 164 162 150 111 91 72 60 59 60 60 60 60 60 60 62 75 104 116 113 99 91 93 75 63 61 60 60 61 60 60 61 73 88 121 154 158 160 162 163 164 164 164 163 163 163 162 162 162 161 161 160 160 159 157 155 154 
156 157 157 157 159 160 161 162 161 161 162 163 164 164 165 165 165 165 165 166 166 165 165 164 163 162 149 108 88 71 60 59 60 61 62 61 62 63 62 64 74 82 82 79 75 70 62 60 60 60 60 60 59 59 61 77 99 127 155 159 159 161 162 163 163 163 163 163 162 162 162 162 161 160 159 158 158 156 155 154 
156 156 157 157 159 160 160 161 161 161 161 162 163 163 164 164 164 164 164 165 165 165 165 164 163 162 151 113 93 73 59 59 60 70 77 75 74 77 77 78 75 78 79 70 61 60 59 60 59 59 59 59 59 59 60 72 88 120 153 158 158 160 162 162 162 162 163 163 162 162 162 161 161 160 159 158 157 157 155 154 
155 156 157 157 158 158 159 160 161 161 162 162 162 163 163 164 164 164 164 165 165 165 164 163 162 161 148 105 84 69 59 59 61 79 87 87 80 79 83 93 92 91 91 78 61 59 59 59 59 59 59 59 59 59 59 73 93 122 153 157 158 159 160 161 161 162 162 162 162 161 161 160 159 158 158 157 156 156 155 154 
154 155 156 157 156 157 159 160 161 161 162 162 163 163 163 163 163 163 164 164 164 164 163 163 162 161 150 114 94 73 59 58 59 71 76 73 69 68 71 78 74 74 76 68 60 59 60 60 59 59 59 58 58 58 59 72 90 119 151 156 158 159 159 160 161 162 161 161 161 161 161 160 160 159 158 157 156 155 155 154 
154 155 156 156 157 158 159 158 159 161 161 162 163 163 163 163 163 163 163 163 163 163 163 162 162 161 147 103 81 77 74 69 60 68 73 73 74 73 73 74 69 69 72 71 72 71 72 72 70 71 64 58 57 57 58 69 86 117 151 156 158 159 160 160 161 162 162 162 161 161 160 160 159 158 157 156 156 154 154 154 
154 154 155 156 157 158 159 158 158 159 160 161 162 162 162 162 163 163 163 163 163 163 163 162 162 161 150 115 97 95 95 83 62 70 78 79 83 86 89 85 82 84 87 87 91 91 92 92 86 86 71 58 57 56 57 71 93 121 152 156 157 159 160 160 161 161 161 161 160 160 159 159 158 157 157 157 155 155 154 153 
153 154 154 155 157 158 158 159 159 159 160 160 161 161 162 162 162 163 163 163 163 162 162 162 161 159 146 101 79 72 67 64 58 64 69 69 75 81 80 72 76 79 79 78 83 82 82 80 78 78 67 56 56 55 56 66 81 112 150 156 156 157 159 160 161 161 161 160 160 160 159 158 158 158 157 156 155 155 154 153 
154 154 154 155 156 157 157 158 158 159 159 160 161 161 162 161 162 162 162 162 162 162 162 162 160 158 147 112 92 71 57 56 57 61 64 65 65 68 66 65 61 62 65 63 65 62 60 59 59 59 57 55 55 54 55 70 93 121 150 155 155 157 158 159 160 160 160 160 159 159 159 158 158 157 156 156 154 153 152 151 
153 154 154 154 155 156 157 157 158 159 160 161 161 162 161 161 162 162 161 161 162 162 161 160 160 158 145 102 77 64 56 55 57 72 79 84 80 81 81 83 63 59 73 71 80 66 56 55 55 55 55 55 54 54 54 62 77 108 147 153 155 156 158 159 159 159 160 159 159 159 159 158 157 156 155 154 153 152 151 151 
152 153 153 154 154 155 156 157 158 158 158 159 160 160 161 161 162 162 161 161 161 161 160 159 159 158 147 110 87 69 55 55 57 73 82 86 84 83 85 86 64 57 70 74 84 68 55 54 54 55 55 55 54 54 54 68 91 118 148 153 155 156 157 158 159 159 159 158 158 157 158 157 156 155 155 153 153 152 151 150 
151 152 153 153 154 154 155 156 157 157 157 158 159 159 160 160 160 161 162 162 162 161 161 159 159 158 146 104 78 65 55 54 56 64 69 71 70 70 71 71 63 61 65 65 68 64 61 60 60 61 60 60 58 54 53 61 75 106 146 153 153 155 157 158 159 159 158 157 157 157 157 156 156 156 155 153 152 152 151 150 
151 152 152 153 154 154 155 156 155 156 157 157 159 159 160 160 159 160 160 160 161 160 160 159 158 157 146 107 83 67 54 54 57 77 93 95 96 96 96 96 95 95 95 96 95 95 95 95 95 95 95 93 81 57 53 65 88 115 147 152 153 154 156 157 158 158 158 157 157 156 156 156 155 155 154 153 152 151 150 150 
150 151 151 152 153 154 155 156 155 155 157 157 158 159 159 159 160 160 160 160 160 160 159 158 158 157 145 106 80 65 54 53 57 88 113 116 117 117 117 116 116 116 116 116 116 116 116 115 115 115 115 113 94 60 52 60 75 105 145 152 153 154 155 156 157 158 158 157 156 156 156 156 156 155 153 153 153 151 150 148 
150 150 150 151 153 154 155 155 155 155 156 157 157 158 159 159 159 159 159 159 159 159 159 158 157 156 144 103 78 63 53 53 57 88 113 116 117 117 113 100 102 103 105 110 115 115 116 115 114 114 114 113 94 59 52 62 81 110 145 152 153 154 155 156 156 156 156 157 156 156 156 155 154 154 153 152 152 151 150 149 
150 150 151 151 152 154 155 155 156 156 157 157 157 158 158 158 159 159 159 159 159 158 158 157 156 155 145 107 80 64 53 52 56 87 113 116 117 117 109 91 94 87 88 99 113 115 115 114 114 114 114 112 94 59 51 60 77 105 144 151 153 153 154 154 155 156 156 156 155 155 155 154 153 153 152 152 151 150 149 148 
150 150 151 151 151 153 154 154 155 156 156 156 157 158 158 158 158 159 158 158 158 158 157 156 155 154 143 100 72 60 52 52 56 87 112 114 115 116 111 104 107 101 97 98 109 114 114 113 113 112 112 111 93 58 50 58 75 104 143 150 151 152 153 154 155 155 155 155 155 155 154 153 152 152 151 151 150 149 148 147 
149 150 150 151 151 152 153 154 154 155 155 155 156 157 157 157 158 158 158 158 158 157 157 156 155 153 144 107 80 64 52 51 54 72 88 90 91 92 92 91 92 92 90 89 91 92 91 91 90 90 90 89 77 55 50 59 78 105 142 149 150 152 153 154 155 155 155 155 155 154 153 153 153 152 151 151 150 149 148 147 
148 149 150 150 151 151 153 153 153 154 154 155 156 157 157 157 157 157 157 157 157 156 155 155 155 153 142 98 70 59 51 51 51 53 56 56 56 57 57 57 57 57 56 56 57 56 56 56 56 56 55 55 53 50 49 56 70 98 141 149 149 151 153 153 154 155 154 154 153 153 153 153 152 151 150 149 149 148 147 145 
147 149 150 150 150 150 151 152 153 153 154 155 156 156 157 157 156 156 157 156 156 156 155 155 155 154 144 109 81 63 51 50 51 51 51 51 51 51 51 51 50 51 50 51 50 51 50 50 50 50 50 50 50 49 50 59 78 105 142 149 150 151 152 153 154 153 153 153 153 153 152 152 151 151 150 149 149 147 145 144 
146 148 149 149 150 150 150 151 152 153 154 154 154 155 155 155 156 156 156 156 156 155 155 155 154 153 141 91 60 57 62 57 62 58 61 59 59 61 58 63 57 63 57 63 58 62 60 60 61 58 63 58 65 57 65 58 55 82 136 149 150 150 151 152 152 153 153 153 153 152 152 151 150 149 150 150 148 146 145 143 
144 146 148 149 149 149 151 152 152 153 153 154 154 154 154 154 155 155 155 156 156 155 155 154 154 152 140 85 52 56 74 64 73 66 72 70 69 73 66 75 64 76 64 77 66 74 69 70 72 66 75 64 77 64 76 62 51 81 136 149 150 150 152 152 151 152 152 152 152 151 151 151 150 149 149 148 147 146 144 142 
144 145 147 148 149 149 151 151 152 152 153 153 154 154 154 155 154 155 155 154 154 154 154 154 153 152 143 105 67 61 67 61 64 61 64 63 62 64 61 65 60 65 60 65 60 64 62 62 63 59 63 58 62 57 63 59 69 110 143 149 150 151 151 151 151 152 152 152 151 150 149 149 148 148 148 147 145 144 143 142 
143 145 146 147 148 149 150 150 151 152 152 153 153 153 154 154 154 154 154 153 153 153 153 153 152 151 145 122 88 71 65 60 58 57 57 57 56 56 56 57 57 56 56 56 55 55 55 55 54 54 54 53 53 53 56 63 92 132 146 148 149 150 151 151 151 151 152 151 151 150 149 148 147 146 147 146 144 143 142 140 
142 143 145 146 148 149 149 150 150 150 151 152 152 153 153 153 153 153 153 153 153 153 153 152 152 152 145 124 93 77 71 66 62 60 59 59 58 58 57 58 58 58 57 57 57 57 56 56 56 56 55 55 56 57 61 70 101 135 146 148 148 148 149 150 150 151 151 151 151 150 149 148 147 146 146 145 142 141 140 138 
142 143 145 146 147 148 149 150 150 150 151 152 152 153 153 153 153 152 152 152 152 152 153 153 152 151 146 128 102 87 84 81 77 75 73 72 72 71 71 70 71 71 71 70 70 70 70 70 70 70 70 71 73 74 76 85 113 138 147 148 149 149 150 150 150 150 150 150 149 149 148 147 146 146 145 144 142 141 139 138 
142 143 145 146 147 148 149 149 150 149 150 151 152 152 153 152 153 153 153 153 153 152 152 152 152 151 149 141 129 121 121 120 118 117 116 115 115 114 114 113 114 114 114 113 114 114 114 114 115 115 116 117 118 119 118 122 135 145 148 148 149 150 149 150 150 150 150 149 148 147 147 146 145 144 144 143 142 141 140 137 
141 142 144 145 146 147 148 148 149 149 149 150 151 152 152 152 152 152 152 152 152 152 151 151 151 151 150 149 148 146 145 146 145 144 144 143 143 144 144 143 143 143 143 143 142 142 142 143 143 144 144 143 144 145 145 146 147 148 148 149 149 149 149 149 149 149 148 147 147 146 146 145 144 144 143 141 140 139 138 135 
140 141 142 144 145 146 147 148 148 149 148 149 150 150 151 151 151 150 150 150 151 151 151 151 151 150 150 150 149 149 149 149 150 149 148 147 148 148 148 147 147 147 147 147 147 147 147 147 147 147 147 147 147 147 147 148 148 149 148 148 148 148 149 148 148 148 148 147 146 145 145 144 143 143 142 140 139 137 136 134 
139 140 141 143 144 145 146 147 147 148 148 148 149 149 150 150 149 149 149 149 150 150 150 150 150 150 150 150 150 149 149 150 150 149 148 148 148 148 148 148 148 148 148 148 149 149 148 148 148 148 149 148 148 148 148 148 148 149 149 148 148 148 148 148 148 148 147 146 145 145 145 143 143 142 141 140 138 137 134 132 
137 138 140 141 143 144 145 146 147 147 147 147 148 148 148 148 149 149 149 150 150 150 150 150 150 150 150 150 150 150 150 150 150 149 149 149 149 149 149 149 148 149 149 149 149 150 150 150 150 150 151 150 150 149 149 150 150 150 150 150 151 150 149 149 149 148 148 148 147 147 145 146 144 141 141 140 138 137 135 131 
136 137 138 140 142 143 144 145 146 147 147 148 148 148 148 148 148 148 149 149 150 151 150 150 150 150 151 150 150 149 149 150 150 150 149 149 149 149 149 149 148 148 149 149 149 149 151 151 150 151 151 150 151 150 149 150 149 151 151 150 151 150 148 150 149 148 149 147 146 146 144 146 144 141 140 139 138 138 135 129 
135 136 137 139 141 142 143 144 145 146 146 146 147 147 147 148 148 148 148 149 150 150 149 149 149 150 150 150 149 149 149 150 150 150 150 150 150 149 149 148 148 149 148 149 149 149 150 149 148 149 148 148 149 148 148 149 149 150 149 149 149 148 147 147 146 146 146 145 144 144 142 142 141 139 138 137 135 134 132 128 
134 135 137 137 138 140 142 143 144 145 145 146 146 147 147 148 148 147 147 148 148 148 149 149 149 149 148 149 149 149 149 149 149 150 150 149 149 149 149 148 148 149 149 149 149 149 149 148 148 148 148 148 148 148 148 148 149 149 148 147 147 145 145 145 145 144 143 143 142 141 140 138 137 136 135 134 132 131 129 126 
