204 185 175 174 173 172 171 172 172 172 172 172 172 172 171 171 172 173 172 171 171 172 172 172 172 172 171 171 172 172 172 171 171 171 171 171 172 173 174 175 175 175 175 175 175 175 176 177 177 176 177 176 175 176 176 175 174 175 175 176 176 176 176 177 
182 175 173 173 172 171 171 172 172 172 171 171 171 172 172 172 173 175 175 174 172 173 174 174 173 172 171 172 173 173 173 172 172 172 172 173 173 173 173 174 173 173 174 175 176 176 176 176 176 176 177 176 175 176 176 175 174 175 175 176 176 177 177 177 
170 169 169 170 171 171 171 171 171 172 172 172 172 173 173 174 174 176 177 175 175 175 176 176 176 174 173 173 173 173 173 174 174 175 175 175 176 174 173 173 172 172 173 175 176 176 176 176 176 176 177 176 176 177 177 176 176 175 175 176 177 177 177 178 
171 170 170 171 171 172 172 171 170 171 171 172 173 173 172 172 172 173 175 176 175 175 176 176 176 175 174 174 174 173 174 175 175 176 175 175 176 175 174 174 173 173 173 173 175 176 177 177 177 177 177 177 178 178 177 177 176 176 175 175 177 177 178 191 
173 173 173 173 173 173 173 172 171 171 171 171 171 171 170 171 171 172 172 173 173 173 173 173 174 175 174 174 174 174 175 175 175 175 173 173 174 174 174 174 173 173 173 173 174 175 176 177 177 177 176 175 177 177 176 175 175 175 174 174 176 177 180 202 
173 173 173 173 173 173 173 173 173 171 171 171 171 170 171 171 170 171 171 171 171 172 172 173 174 175 175 175 175 175 175 175 175 175 174 173 174 173 174 175 176 175 175 175 175 175 176 177 176 175 173 172 174 174 174 174 175 175 175 174 175 176 178 192 
173 172 172 171 171 172 172 172 173 171 171 172 173 173 173 172 171 171 171 172 171 172 173 174 173 174 175 175 175 175 175 175 174 174 173 174 175 174 174 176 178 178 178 178 177 176 177 177 177 176 175 173 173 173 174 175 175 174 175 175 174 175 177 178 
172 171 170 170 171 172 172 171 171 172 173 174 175 175 176 174 173 172 172 173 172 172 175 175 174 173 173 174 174 174 174 175 174 173 172 172 173 174 175 175 177 178 178 178 177 177 177 177 177 177 177 176 175 175 176 177 177 176 176 176 175 175 176 176 
171 171 171 171 171 172 172 171 171 173 174 175 174 173 174 175 174 173 173 173 173 173 175 176 175 175 174 174 173 172 173 174 174 173 173 173 175 176 176 174 175 175 175 176 176 177 177 177 177 178 178 178 178 179 179 179 178 177 178 178 177 176 176 177 
170 171 171 171 171 173 173 173 173 173 174 174 173 173 173 173 174 173 172 173 174 174 174 175 175 175 174 174 173 174 175 175 175 174 174 175 175 176 176 175 175 175 175 175 176 177 177 177 177 177 178 178 179 180 180 179 179 179 179 180 179 178 177 178 
170 170 171 171 172 172 173 173 174 174 173 173 174 173 172 171 172 173 173 173 174 175 175 174 174 174 174 173 172 174 175 175 174 174 174 174 174 175 176 176 176 176 176 176 176 177 177 177 176 176 177 178 178 178 178 178 179 179 180 180 179 178 177 177 
168 169 170 171 172 171 172 173 174 173 172 172 173 173 172 171 172 173 174 173 173 174 174 174 174 173 173 173 172 172 173 174 175 174 173 172 174 174 174 174 174 175 175 176 176 177 176 176 177 177 176 177 177 176 176 176 177 177 177 177 178 177 176 175 
168 168 170 170 171 171 172 173 173 172 171 171 172 172 171 172 172 172 174 174 173 172 172 173 173 172 174 175 174 173 174 175 176 176 174 173 173 173 172 173 174 174 175 176 177 177 176 175 176 176 176 176 177 177 177 176 175 175 175 175 176 175 175 175 
169 169 169 170 170 170 171 172 172 172 171 172 173 173 173 172 172 172 174 174 174 173 173 173 172 172 173 174 175 175 175 175 176 176 175 174 175 175 174 174 175 175 175 176 176 176 176 174 175 175 175 174 175 177 177 176 177 176 175 174 175 174 175 176 
170 169 169 171 171 170 170 171 170 169 169 171 172 172 173 173 173 172 173 174 174 174 174 174 174 174 173 172 173 174 176 176 174 173 173 173 175 175 175 175 175 175 174 175 175 176 176 175 176 177 176 175 175 176 176 176 177 178 177 177 176 176 177 177 
171 171 171 171 171 170 170 171 171 169 169 169 169 170 172 173 173 173 172 171 172 173 174 175 175 175 175 173 172 172 173 175 173 171 171 172 173 174 175 175 175 174 173 173 174 174 176 176 176 177 177 176 177 176 175 176 176 177 177 177 177 177 178 179 
171 171 171 170 170 170 170 171 172 172 172 172 171 171 171 171 172 170 169 168 168 170 171 171 173 175 176 175 173 171 172 173 173 172 173 174 174 174 174 174 174 175 175 174 175 175 175 175 174 174 176 177 176 175 175 175 175 175 175 175 176 176 176 177 
171 171 171 170 170 170 170 170 171 172 172 173 173 171 171 169 156 140 138 140 142 144 145 146 153 165 172 173 170 164 158 158 163 169 172 173 174 172 168 166 167 171 174 175 176 175 172 170 170 171 173 175 175 175 175 174 173 174 174 175 175 175 176 177 
171 171 171 170 170 170 170 169 169 170 171 171 172 170 166 157 123 93 88 88 89 92 93 94 108 141 162 168 163 139 113 110 118 141 160 169 170 161 141 129 131 144 160 168 172 169 160 148 144 147 159 169 172 173 170 164 159 161 165 171 174 173 173 175 
170 170 170 170 170 170 170 169 168 170 170 171 170 163 141 118 88 70 68 66 66 68 68 67 77 118 150 158 151 112 75 72 77 105 143 160 161 143 100 80 83 97 131 158 163 158 133 101 93 97 123 155 167 166 158 134 114 113 126 150 166 169 167 159 
170 169 169 169 169 169 170 169 168 171 172 172 170 153 107 79 69 66 66 64 64 65 66 65 68 107 139 144 138 102 66 65 66 86 131 147 145 128 80 66 67 72 110 147 152 146 113 72 68 69 90 139 158 156 144 102 76 75 82 117 153 162 157 136 
170 170 170 170 169 170 171 171 171 172 172 172 170 149 93 67 65 65 65 64 65 65 66 65 69 107 134 135 132 96 64 66 66 85 127 138 137 122 76 63 65 69 106 138 138 136 106 67 66 66 79 126 145 144 134 90 67 67 68 98 142 151 147 121 
171 171 172 171 171 172 172 172 172 171 171 171 169 145 88 66 64 64 65 65 65 65 65 64 70 109 134 134 129 93 63 64 65 86 127 137 136 120 76 63 64 68 107 136 135 133 101 66 66 65 81 124 140 140 130 86 67 68 68 97 137 143 142 119 
170 171 171 171 172 173 172 171 171 170 170 170 169 142 85 65 64 64 64 64 64 63 63 62 72 113 135 135 128 89 63 65 65 89 129 137 136 118 73 63 64 69 109 138 138 135 100 64 65 65 84 126 140 141 129 84 66 66 67 98 137 140 139 118 
168 169 170 170 171 172 172 170 169 169 169 169 168 139 82 65 63 63 64 64 63 62 62 62 74 114 134 134 126 86 63 65 66 91 130 137 136 115 71 64 64 70 112 138 138 136 99 65 65 66 87 130 141 141 128 81 65 65 67 100 137 138 137 117 
168 169 170 171 171 172 172 171 169 169 170 169 169 137 81 65 64 63 63 65 64 62 62 63 72 104 118 120 115 81 63 65 64 88 122 128 127 109 70 64 64 72 112 134 135 131 94 65 65 66 88 131 140 140 124 79 65 65 68 103 137 138 136 113 
169 169 170 171 171 171 171 170 170 170 171 170 168 134 80 65 65 65 65 64 63 62 63 64 65 76 82 83 84 70 62 63 62 76 93 97 98 88 66 63 64 70 97 109 111 110 83 63 64 65 83 117 124 124 111 74 64 65 68 102 130 132 130 107 
169 168 168 169 169 169 169 168 168 168 169 169 164 135 91 79 79 80 79 76 76 73 66 64 65 63 63 62 63 63 63 63 62 63 66 66 67 67 62 62 63 65 72 74 75 77 69 62 63 63 71 83 87 88 83 66 62 63 65 84 99 101 101 88 
169 169 168 168 168 168 167 168 168 168 169 168 164 140 109 105 115 118 116 115 115 109 83 64 65 64 63 62 63 63 63 63 63 63 62 62 62 62 63 63 63 63 62 62 63 64 63 62 62 62 63 64 66 65 64 62 62 63 63 66 69 71 71 68 
168 169 169 168 168 168 167 167 167 168 168 168 166 155 134 123 129 133 131 131 131 126 90 62 61 64 63 64 64 63 63 63 63 63 63 63 63 64 64 63 63 63 62 61 63 63 63 63 62 62 62 63 65 63 62 62 63 63 62 62 62 64 64 63 
167 168 169 168 168 167 167 166 165 165 165 165 164 161 150 135 131 131 131 130 131 125 87 59 59 61 63 63 62 62 62 61 61 63 65 64 64 63 62 62 63 62 62 62 63 63 63 63 63 63 63 64 64 63 62 63 63 62 63 63 62 62 63 63 
168 168 168 168 168 167 167 166 165 164 163 162 160 155 142 127 122 121 123 124 124 118 84 60 60 61 61 61 61 61 61 60 60 62 63 63 62 62 62 62 62 61 61 62 63 63 62 62 62 62 63 64 63 63 62 62 63 62 62 64 65 63 63 62 
168 168 168 168 167 167 167 168 168 166 165 163 156 135 108 90 87 87 90 93 93 91 73 61 62 62 60 60 61 61 61 61 61 61 62 61 61 61 62 61 61 61 62 61 61 62 63 62 61 62 63 64 64 62 62 62 62 61 62 64 65 64 64 63 
168 169 169 168 168 167 167 167 166 166 166 163 149 106 74 65 65 64 64 65 64 65 63 62 63 62 61 61 62 62 62 63 62 61 60 60 61 62 61 61 61 62 62 60 61 61 62 62 61 62 63 63 63 61 61 61 61 61 62 63 63 63 63 62 
167 168 168 167 167 167 166 165 164 164 165 162 147 97 66 63 64 64 63 62 61 61 62 62 61 61 61 61 61 61 61 61 61 60 61 61 61 62 61 61 62 62 61 61 61 60 61 62 62 62 61 61 62 62 62 62 61 62 62 62 63 62 62 61 
168 168 168 167 167 166 165 164 164 163 163 161 147 103 73 67 67 67 66 65 64 63 62 62 61 62 61 61 61 61 61 61 60 60 61 62 63 62 61 61 62 61 60 61 62 61 61 62 60 61 61 61 61 62 62 62 62 63 63 62 63 63 62 62 
168 168 168 167 166 165 164 165 165 163 162 159 144 113 93 91 91 89 90 91 89 80 65 62 62 61 61 61 61 61 62 61 61 61 62 62 64 62 61 61 63 61 60 61 62 62 62 63 60 61 61 61 61 62 62 62 63 64 64 62 62 63 63 63 
167 167 166 165 164 163 163 164 164 163 161 157 146 123 110 115 120 119 120 120 120 102 68 60 61 61 60 60 60 61 61 61 62 63 62 61 62 61 61 61 62 61 61 61 61 62 62 62 60 61 61 60 61 62 61 63 64 63 62 61 62 63 62 62 
166 166 165 163 162 163 163 164 163 162 161 157 150 137 123 120 124 124 123 122 122 104 68 60 62 62 60 60 60 61 62 62 62 62 62 61 61 61 60 61 62 61 61 61 60 60 61 61 60 60 60 60 60 62 61 62 63 63 62 62 62 63 62 61 
166 166 165 163 163 164 165 165 165 163 161 156 150 139 127 120 120 121 121 120 119 101 67 61 61 60 60 60 60 61 62 62 62 62 61 61 61 60 61 61 62 61 61 61 60 60 61 61 61 61 61 62 62 62 62 67 72 72 70 68 68 68 68 66 
163 164 165 165 165 165 166 166 166 165 161 154 145 130 111 102 101 101 104 104 105 92 66 62 61 59 60 61 60 60 61 61 61 61 60 60 60 60 62 62 62 62 61 60 60 60 62 61 60 61 61 62 63 63 64 81 102 102 98 96 95 95 92 90 
164 165 164 165 166 166 166 165 164 162 159 151 131 99 77 70 71 71 72 73 75 71 63 62 61 60 60 61 61 59 60 60 60 60 59 59 60 61 61 61 61 61 60 60 60 61 62 61 60 61 61 62 63 62 63 77 108 122 119 118 117 116 116 115 
165 165 164 164 164 164 164 163 162 161 157 149 119 75 62 61 61 62 62 62 62 62 61 61 61 60 59 60 60 59 60 61 61 60 59 59 60 61 61 60 60 60 60 60 61 61 61 62 61 60 61 62 61 61 61 66 87 115 124 123 121 120 121 121 
164 163 162 163 163 163 162 162 163 162 158 149 118 75 63 63 62 62 63 63 61 62 62 61 60 60 60 60 59 59 60 61 62 61 59 59 60 61 61 61 61 61 61 61 61 61 61 61 61 61 61 62 61 61 61 63 68 92 119 125 123 122 122 122 
164 163 162 163 163 164 163 162 163 162 159 151 127 95 77 74 72 70 70 69 67 63 61 61 60 61 60 59 59 60 60 61 61 61 60 61 61 62 62 61 60 60 61 61 61 61 60 61 61 61 61 61 61 62 61 61 63 71 99 122 125 123 123 122 
164 164 164 163 163 163 163 162 162 161 157 149 131 111 107 109 108 106 105 104 98 76 60 59 60 60 60 59 60 60 59 60 60 60 61 62 61 61 62 60 60 61 61 61 61 61 61 61 61 61 60 60 61 62 62 62 63 63 75 106 125 123 123 123 
165 165 166 165 163 162 162 162 162 159 155 150 137 122 116 120 123 124 126 125 118 84 59 59 59 59 60 60 60 59 59 60 60 60 60 62 61 61 60 60 60 61 61 61 61 61 62 61 61 61 61 61 61 61 61 62 62 61 64 82 115 126 125 124 
166 165 166 166 165 163 163 162 162 160 155 150 141 130 119 120 124 126 126 125 118 82 59 60 59 59 60 60 59 59 60 60 60 59 60 61 61 60 60 60 60 60 60 59 60 61 62 61 60 60 61 62 61 60 61 61 62 60 61 67 92 120 126 124 
165 164 164 165 165 164 163 162 162 160 156 149 141 129 118 115 119 121 122 121 114 80 59 60 60 59 60 60 59 59 59 59 59 59 59 59 60 60 59 60 61 61 60 60 60 60 60 60 61 61 61 62 62 61 61 62 61 61 61 62 71 98 122 125 
163 163 163 162 162 162 162 162 162 160 155 145 126 103 88 86 90 91 94 95 91 69 58 59 60 60 60 60 60 59 59 59 59 60 60 60 61 61 60 60 61 61 61 60 61 60 59 60 61 61 62 61 62 61 61 62 61 60 61 61 63 74 106 126 
163 163 163 162 162 162 162 162 161 159 155 141 100 70 62 61 63 64 65 65 66 60 58 58 59 60 60 60 59 59 59 59 59 60 60 60 60 61 61 60 60 61 61 60 61 61 59 59 60 61 61 60 61 61 61 60 61 62 62 60 61 63 83 114 
162 163 163 163 163 162 162 162 162 161 157 139 90 62 59 60 61 61 60 60 60 59 59 59 60 60 60 60 59 59 59 59 60 60 60 61 61 61 60 60 60 61 62 60 61 61 60 60 60 60 60 60 59 60 60 60 61 62 61 61 61 62 67 90 
162 162 162 162 162 161 161 162 162 160 155 139 97 69 62 61 61 61 62 62 61 60 60 60 60 60 60 60 59 59 59 60 60 60 60 61 62 61 60 60 60 61 61 61 61 61 60 60 61 60 60 60 60 60 60 60 61 61 61 61 61 62 62 70 
163 163 162 162 162 161 161 162 161 157 151 139 111 90 84 83 82 81 80 78 72 61 60 59 59 59 60 60 59 60 60 61 61 60 60 60 60 62 61 59 59 59 59 60 61 60 60 60 61 61 60 60 61 61 60 60 60 60 61 61 61 62 62 63 
166 165 163 162 162 162 161 161 160 157 152 141 121 110 113 117 117 117 116 115 97 65 58 59 58 58 60 59 59 59 60 60 61 60 59 59 59 61 62 60 59 60 60 62 61 60 60 60 60 62 61 60 61 61 60 60 60 60 61 61 61 61 62 62 
166 165 163 163 162 162 161 160 161 159 154 145 131 120 119 123 124 124 123 122 103 66 58 58 58 59 60 59 59 60 59 59 60 59 59 59 59 60 60 59 59 61 62 62 60 60 60 60 60 61 60 60 61 61 60 60 60 60 61 61 61 61 61 61 
164 163 163 163 163 162 161 161 162 161 155 146 136 126 123 124 123 123 123 121 101 64 58 59 59 59 60 59 59 60 59 59 60 59 59 59 59 60 59 59 61 61 60 60 59 59 60 61 61 61 60 60 61 61 61 61 61 60 61 61 61 61 60 60 
162 161 162 162 162 162 162 162 162 160 155 144 129 113 108 108 109 109 110 110 93 63 58 58 59 59 60 59 59 59 59 60 60 59 59 59 59 60 60 62 63 62 60 59 60 60 60 60 60 61 61 60 60 62 62 62 61 60 60 60 60 60 59 59 
161 161 161 162 162 162 162 163 162 159 152 133 99 77 72 73 75 76 76 78 72 59 58 58 58 59 59 59 59 58 59 59 60 58 59 60 61 64 75 83 78 68 62 66 71 63 60 63 68 64 65 67 67 69 67 64 62 61 61 62 62 61 60 59 
161 161 162 163 163 162 162 163 161 159 151 120 74 59 59 60 61 61 60 59 59 59 60 59 59 59 59 58 58 58 58 59 59 58 59 60 63 81 102 108 105 89 69 82 97 77 63 73 91 78 77 93 96 97 94 84 67 62 70 79 79 71 63 60 
160 160 161 161 162 161 161 162 160 158 150 116 71 59 59 60 61 61 60 59 59 60 60 59 58 58 59 59 59 58 58 59 58 58 60 60 69 98 107 94 103 105 80 81 108 92 67 86 105 81 77 95 98 104 113 99 71 70 94 107 106 96 73 62 
161 161 160 160 160 160 160 160 158 155 147 120 83 69 66 64 64 63 62 61 59 59 59 58 58 58 58 58 59 59 58 60 59 59 60 61 78 108 94 71 85 110 89 73 101 100 77 98 104 73 65 70 73 93 109 87 66 83 110 100 96 109 90 65 
163 164 162 161 161 161 161 159 156 153 146 127 106 100 101 98 95 94 93 90 70 57 58 58 58 59 58 59 59 59 59 60 59 59 60 62 84 111 84 63 78 109 94 70 91 105 91 107 94 66 61 63 73 102 99 72 63 88 110 84 79 108 101 69 
163 163 162 161 161 161 161 160 157 152 145 133 121 117 120 120 117 119 118 114 82 57 58 59 59 58 58 59 59 59 58 59 59 59 61 62 84 111 84 64 81 110 94 67 83 111 107 106 79 62 60 64 86 108 84 64 64 83 111 95 92 114 106 73 
