182 183 182 182 181 181 182 183 184 183 182 183 183 186 185 183 183 183 185 186 186 185 185 185 187 187 186 185 185 187 187 187 185 185 185 186 185 185 186 187 188 187 186 187 186 186 186 187 187 186 187 186 186 187 186 185 185 185 185 184 183 182 180 180 180 181 180 179 178 178 178 179 
182 182 181 181 181 181 182 183 182 182 182 184 185 186 185 184 184 184 184 185 186 186 186 185 186 187 187 186 186 188 188 187 186 186 187 187 187 186 185 185 186 186 186 186 186 185 185 187 187 185 185 185 184 185 185 185 185 185 185 183 182 182 181 181 181 181 179 179 178 178 179 179 
180 181 180 180 181 182 182 182 183 183 183 183 184 184 183 184 184 184 184 184 185 185 185 186 186 185 184 185 186 187 185 184 186 185 183 184 185 184 182 182 185 186 184 181 183 185 184 181 181 183 183 179 176 180 183 179 174 178 183 180 172 168 167 168 175 179 178 179 180 179 179 179 
179 180 179 180 180 179 173 168 168 170 178 182 174 166 174 182 177 164 168 181 179 161 158 176 181 164 153 169 182 169 147 156 178 175 147 145 171 177 153 138 161 179 160 133 147 177 170 136 135 167 175 142 123 151 174 151 119 135 169 160 120 104 103 108 140 171 178 179 179 178 179 180 
179 179 180 181 178 157 119 105 102 106 144 171 138 102 129 169 150 101 110 159 159 106 94 145 169 122 87 124 168 137 85 101 158 155 95 85 141 164 114 77 118 164 131 78 96 156 151 90 81 136 160 108 73 115 162 129 75 91 150 146 86 63 63 65 93 152 176 177 177 178 177 177 
179 178 179 180 160 106 69 61 60 65 113 157 116 67 96 153 134 73 79 142 148 87 68 125 160 109 66 103 157 129 70 82 146 148 85 69 126 157 106 65 104 156 123 69 83 145 147 85 70 126 157 107 67 106 158 129 70 82 145 145 85 59 59 60 76 142 174 175 176 177 176 175 
179 179 180 179 149 79 58 57 56 61 109 153 113 63 92 150 132 71 77 140 148 87 67 123 157 107 64 100 154 128 70 81 145 147 84 68 123 154 105 64 100 150 122 68 79 139 143 84 68 120 150 104 66 99 148 123 69 79 135 136 82 59 58 59 74 139 173 175 177 177 177 177 
181 180 179 178 147 76 56 56 56 59 100 137 103 62 84 131 117 68 72 120 127 80 64 104 129 92 61 85 123 105 65 71 111 114 74 63 95 115 86 61 80 108 93 63 67 98 101 71 62 86 101 79 60 75 98 87 62 66 89 90 68 61 63 65 79 138 171 173 175 175 176 178 
180 179 178 178 149 81 63 63 63 60 70 82 71 57 63 77 73 59 59 71 73 62 57 66 72 63 56 60 67 65 58 58 64 65 59 57 61 64 60 57 59 62 61 58 57 60 60 58 57 59 60 58 57 58 60 59 56 56 59 59 61 88 110 112 113 147 171 172 172 173 174 176 
178 177 178 177 158 114 110 115 110 76 56 56 55 55 55 56 56 55 54 55 56 56 55 55 56 55 55 55 56 56 56 56 57 55 55 55 56 56 56 56 56 56 56 56 55 56 56 56 56 56 56 56 56 56 56 56 56 55 56 56 62 108 146 146 141 158 169 170 170 171 173 173 
176 175 175 175 168 148 144 148 139 88 56 54 54 54 54 55 54 54 54 54 54 54 54 55 55 54 54 55 56 55 55 57 57 55 54 55 56 56 56 55 55 56 55 55 54 55 55 55 55 55 55 55 55 55 56 55 55 56 56 56 59 86 108 110 115 147 166 169 170 171 171 171 
175 175 174 172 160 127 108 107 101 73 55 54 53 53 53 53 53 54 53 53 53 53 54 54 54 54 54 54 55 54 54 56 56 54 54 54 55 54 55 55 54 55 55 55 55 54 55 55 54 54 55 54 54 54 55 55 55 55 55 55 56 60 64 65 74 125 163 168 170 169 169 170 
175 175 174 171 144 84 64 63 62 57 54 53 53 53 53 53 54 53 54 53 53 54 53 53 53 54 55 55 54 54 54 54 54 53 53 54 54 54 54 54 53 54 55 55 55 55 54 54 55 54 54 54 54 54 54 54 55 54 54 54 57 73 89 90 94 130 162 166 167 168 169 170 
174 173 172 170 147 99 90 93 90 68 54 53 53 53 53 54 54 53 54 53 53 53 53 52 53 55 60 61 61 62 62 62 61 56 53 54 54 54 54 56 63 66 67 68 69 70 69 65 56 54 54 54 53 53 54 55 55 53 54 55 59 99 138 139 133 148 163 167 167 168 169 171 
172 172 172 169 154 132 134 138 130 84 55 53 52 53 54 53 53 53 53 53 52 53 53 53 54 58 81 97 98 98 98 98 96 78 58 54 54 54 58 76 99 104 105 105 106 106 100 79 57 54 54 54 53 53 54 54 54 54 54 55 57 90 124 124 124 147 164 167 169 169 169 170 
172 172 172 169 154 128 116 116 109 76 54 52 52 52 53 52 52 53 53 53 52 53 53 53 53 55 73 106 119 118 118 118 116 106 77 57 53 56 75 105 118 118 118 118 118 112 91 64 54 53 54 54 53 53 53 54 53 54 54 54 55 62 71 71 77 122 160 165 167 169 169 169 
173 173 172 167 140 87 67 66 64 58 53 52 52 52 53 52 52 53 53 53 53 53 53 53 53 53 57 78 111 121 121 120 120 118 104 75 58 72 103 118 119 119 119 119 114 93 66 55 54 54 54 54 54 53 53 53 53 53 53 54 54 62 72 74 78 119 159 164 165 167 168 170 
172 171 170 166 139 89 75 76 75 61 52 52 51 52 52 52 53 53 53 53 53 53 53 53 53 53 54 57 84 115 122 121 121 121 117 102 77 89 108 114 117 119 120 115 95 66 55 53 53 53 53 53 54 53 53 53 53 53 54 54 56 86 124 129 125 139 160 163 164 166 166 168 
171 171 170 166 149 125 126 131 125 81 52 51 52 51 52 52 53 52 52 52 52 53 53 53 53 53 53 53 60 88 117 122 122 122 121 117 101 81 82 85 91 108 116 96 67 54 53 53 53 52 52 52 53 53 52 52 52 53 53 53 55 90 134 139 135 149 161 163 165 166 166 167 
172 171 170 165 152 133 127 131 124 81 52 51 52 51 51 52 52 52 52 53 52 52 52 53 53 53 53 53 53 62 94 119 123 123 122 121 116 96 70 68 82 100 98 69 55 53 53 53 52 52 52 53 53 52 53 52 52 52 52 52 53 66 84 86 88 123 158 164 165 166 167 169 
171 170 169 165 142 97 78 77 74 60 51 51 52 51 51 52 52 53 52 53 53 52 52 52 52 52 52 53 53 54 66 99 118 119 119 118 116 110 92 94 106 95 70 55 53 53 53 52 52 52 52 52 52 52 52 52 52 51 51 52 52 56 61 62 67 108 156 165 165 165 166 168 
170 169 169 165 137 80 63 63 62 55 51 51 51 51 52 52 52 53 52 52 52 52 52 52 52 53 52 52 53 53 55 67 84 86 85 84 83 81 78 79 78 65 54 53 53 52 51 51 52 52 51 52 52 52 51 51 51 51 51 51 52 72 102 108 108 129 158 164 166 167 166 167 
170 169 168 165 146 113 109 114 110 75 52 51 51 51 51 51 51 52 52 52 52 52 52 52 52 53 53 52 52 53 52 54 55 55 55 55 55 55 54 54 53 52 51 51 52 51 51 52 52 52 51 51 52 52 51 50 51 51 50 50 52 84 132 140 137 148 161 164 166 167 166 166 
170 169 168 165 153 136 134 137 129 83 52 50 51 51 51 51 51 54 61 60 57 58 56 60 62 68 66 57 62 63 55 54 64 63 56 66 64 55 51 51 52 51 51 51 51 51 52 52 51 51 51 51 51 51 51 51 51 51 50 50 51 69 98 101 103 128 157 162 165 165 165 165 
170 170 170 166 148 111 94 92 88 66 51 50 50 50 50 51 52 68 88 86 75 79 73 78 74 88 88 71 87 89 70 63 91 83 71 90 89 67 51 51 52 52 51 51 51 52 52 51 50 50 51 51 51 51 51 51 50 50 50 50 50 53 58 58 62 100 152 163 164 164 164 165 
170 170 170 166 137 78 58 58 57 53 50 50 50 50 50 50 54 80 84 87 82 88 91 78 60 80 80 71 92 96 87 85 103 90 78 92 97 78 53 51 52 51 51 50 50 51 51 51 50 50 51 51 50 50 50 50 50 50 50 49 50 60 80 84 86 112 154 163 164 164 164 164 
169 169 168 163 141 101 92 93 91 67 51 49 50 50 50 50 54 81 82 85 79 84 100 68 60 84 68 62 92 104 90 94 105 95 74 93 102 75 52 51 51 50 50 50 51 51 51 51 50 50 50 51 50 50 50 51 50 50 50 49 50 76 125 134 130 140 158 163 163 164 164 164 
169 169 168 163 149 133 131 134 128 84 52 50 50 50 49 49 51 69 90 87 66 69 86 61 59 76 59 58 84 92 71 65 78 81 67 86 88 62 51 50 50 50 50 50 51 51 50 50 50 49 50 50 50 49 50 50 50 49 50 50 50 71 113 120 118 135 156 160 161 163 164 164 
170 169 168 165 152 124 109 108 103 73 51 49 49 50 50 49 49 54 65 63 53 54 59 53 52 56 52 52 60 63 54 51 54 56 54 60 59 53 51 50 50 50 50 50 50 50 50 50 50 50 50 50 49 48 48 49 49 49 49 49 49 54 64 66 67 99 150 161 161 162 164 164 
169 168 167 163 138 83 62 60 58 54 50 50 50 50 49 49 49 52 54 53 53 54 54 53 53 54 52 52 55 56 52 52 51 51 51 52 53 51 52 55 51 50 53 54 51 53 57 53 51 54 54 50 50 48 48 48 49 48 48 48 49 52 62 65 67 96 147 160 162 163 164 165 
169 169 167 163 137 89 74 74 75 75 76 77 78 74 58 49 50 65 80 78 69 78 83 75 75 81 73 63 80 82 67 70 61 66 62 72 77 60 68 81 69 61 79 80 63 73 85 68 60 80 78 56 49 48 48 48 49 48 47 48 49 66 106 119 117 129 154 160 162 162 163 165 
169 168 167 164 149 127 123 126 126 126 126 126 127 118 74 49 50 62 87 86 65 77 94 75 87 86 87 80 95 84 69 84 73 82 78 88 89 81 88 90 87 78 98 96 79 94 98 76 73 88 87 65 49 48 49 48 48 48 47 47 49 69 118 131 129 142 158 162 162 161 162 163 
169 169 168 165 153 132 121 121 120 119 118 117 116 108 71 49 49 51 75 76 52 62 85 64 81 73 81 86 98 86 68 85 75 84 83 85 81 83 86 97 96 85 98 94 84 96 91 85 81 85 84 69 49 48 47 47 47 47 47 47 47 56 77 82 82 107 150 162 163 163 164 164 
168 167 166 163 141 94 71 69 68 67 66 65 65 62 54 48 48 50 74 76 51 61 82 62 83 84 85 80 90 67 57 83 86 87 77 87 89 74 77 98 89 79 93 90 80 85 88 82 73 90 88 63 47 47 47 47 47 47 47 46 47 49 53 54 56 85 145 161 161 162 163 163 
166 166 165 162 135 80 60 60 60 53 49 48 48 47 48 48 48 50 63 64 49 55 69 57 73 84 74 63 73 56 49 63 78 72 58 68 75 59 64 78 65 59 75 75 60 62 72 62 54 67 66 52 46 46 47 47 47 46 46 46 47 58 86 96 96 113 149 160 161 161 161 162 
167 166 165 162 144 112 105 108 105 74 50 47 47 47 47 47 47 48 50 50 49 49 51 49 52 54 51 50 52 50 48 50 52 51 49 50 52 49 49 51 49 48 50 50 48 48 49 49 47 48 48 48 47 46 47 46 46 46 45 45 46 66 117 133 131 140 155 160 161 161 161 162 
166 166 165 162 151 134 125 124 121 81 49 47 47 46 47 47 47 49 54 52 50 54 55 50 50 57 53 49 55 58 52 49 48 48 49 53 54 48 48 53 55 49 48 47 47 47 47 48 47 47 47 47 46 46 47 46 45 45 45 45 45 57 91 102 101 120 151 160 161 161 162 162 
166 166 165 161 145 109 86 83 80 62 47 47 46 46 46 47 47 59 80 74 60 80 83 66 64 84 74 60 81 87 67 49 47 48 55 78 76 51 53 78 78 51 48 47 46 46 46 46 46 46 46 46 46 46 46 45 45 45 45 45 44 46 53 55 56 81 139 158 159 159 161 161 
165 165 165 161 136 78 54 54 53 49 46 46 46 46 46 46 48 70 82 82 71 94 95 79 77 83 83 74 96 98 78 50 47 47 53 80 83 54 67 95 87 53 47 47 46 45 46 46 46 46 46 46 46 46 46 45 45 45 45 44 44 49 65 72 73 93 141 157 159 159 161 162 
165 165 164 161 143 103 87 87 85 65 47 45 45 46 45 45 48 72 77 80 75 91 91 81 81 79 82 79 96 94 80 50 46 46 47 66 81 58 83 100 93 59 47 46 45 45 45 45 45 46 46 46 46 46 46 45 45 45 45 44 44 59 105 123 121 131 152 157 159 160 160 162 
166 165 163 160 151 133 122 121 119 82 49 45 45 46 45 45 47 65 85 82 70 87 85 77 72 87 82 71 90 89 77 50 46 46 47 62 76 54 64 81 88 58 47 46 45 45 45 45 45 46 48 46 45 45 46 45 44 44 44 43 44 58 101 117 115 128 152 159 160 160 160 161 
166 166 165 162 150 123 101 97 95 71 48 45 45 45 45 46 46 52 65 60 53 67 72 59 53 65 60 53 67 71 58 48 46 46 46 52 56 48 47 53 60 49 46 46 45 45 45 45 45 45 46 45 45 45 45 44 44 43 43 43 44 48 60 65 65 87 140 159 161 160 160 160 
165 166 165 160 138 85 57 55 54 50 46 45 45 45 45 46 47 48 48 48 48 49 50 49 49 49 49 49 49 49 48 48 48 49 49 49 48 48 48 48 49 49 48 49 48 48 49 49 49 49 49 48 48 48 49 47 45 43 43 43 44 45 52 55 57 79 136 157 159 159 158 159 
165 165 164 159 140 91 70 69 68 56 46 45 44 44 45 46 48 60 73 74 75 75 75 75 76 76 76 75 75 76 76 76 76 77 77 77 77 79 78 78 78 79 79 79 80 80 80 80 81 82 82 82 81 81 80 76 57 43 42 42 43 52 87 103 104 116 146 157 158 157 157 158 
164 163 162 159 149 126 115 114 111 79 48 45 44 44 44 45 48 78 108 110 110 111 112 112 113 113 113 113 113 113 113 113 114 113 113 113 113 114 113 113 113 113 113 112 112 112 111 111 111 111 111 112 112 111 110 101 66 44 43 42 42 55 102 123 123 134 152 157 158 158 159 160 
165 164 163 160 150 131 113 108 106 76 47 44 44 44 44 44 47 80 111 113 115 115 116 117 117 117 118 118 117 117 117 117 118 117 116 116 116 116 116 116 115 115 115 114 114 114 113 113 113 112 112 114 114 113 111 102 66 44 42 42 42 48 71 82 81 100 142 157 158 157 157 159 
165 163 162 160 142 96 67 63 62 53 44 43 44 43 43 44 47 79 110 111 113 114 114 115 116 116 116 116 117 117 116 116 117 116 115 115 115 115 114 114 113 113 114 113 113 112 112 112 112 112 112 112 111 111 110 102 66 44 42 42 42 43 46 48 49 69 129 155 158 158 158 160 
164 163 161 158 137 83 58 56 55 49 44 43 43 43 43 44 46 76 109 110 112 112 113 114 115 115 115 115 111 102 101 105 113 111 105 112 111 109 113 113 112 112 113 112 113 112 112 112 111 111 112 111 111 111 110 102 67 44 42 42 42 46 67 79 81 95 138 156 158 158 159 159 
162 162 162 158 145 115 99 98 96 71 46 43 43 43 43 44 46 76 109 110 111 113 114 114 114 114 115 114 99 75 81 76 99 96 73 99 101 91 111 113 112 112 112 112 112 110 111 111 110 111 112 111 110 110 109 101 66 43 41 42 41 51 94 119 120 128 149 157 158 158 158 159 
162 161 161 158 149 133 116 111 108 79 46 43 42 43 43 43 46 76 109 111 112 113 114 114 114 114 115 114 94 72 90 74 91 80 65 80 94 84 110 113 112 112 112 112 111 111 111 111 111 112 112 111 110 110 109 101 66 43 42 41 41 48 81 99 99 113 143 155 157 158 160 160 
161 161 160 157 144 109 80 73 71 59 43 42 42 42 42 42 45 76 110 112 112 113 114 114 115 115 116 114 95 68 84 90 95 67 65 65 85 82 108 113 113 113 113 113 111 110 111 111 112 112 111 110 110 111 110 102 67 42 41 41 40 42 49 53 54 70 128 154 156 157 158 159 
161 161 160 157 138 81 51 48 47 45 43 42 42 42 42 42 46 76 109 112 112 112 114 114 114 115 115 114 98 83 106 111 96 82 94 79 78 75 93 103 112 113 112 112 111 111 112 111 110 110 110 110 110 111 110 102 67 42 40 40 39 42 52 59 60 75 128 153 155 155 156 157 
162 162 161 158 143 103 79 77 75 61 44 42 42 42 41 42 46 76 109 111 111 112 114 114 114 114 114 115 109 103 112 113 107 107 113 105 99 94 97 104 112 112 112 111 111 111 111 111 110 110 109 109 110 110 109 103 68 42 40 39 39 46 82 105 105 115 143 154 156 156 156 156 
160 161 161 158 149 129 111 109 105 77 45 41 41 41 42 42 44 71 102 104 105 106 107 107 108 108 109 109 109 108 109 109 109 109 109 108 107 107 106 106 107 107 106 106 105 104 104 104 104 103 102 103 103 102 101 96 65 42 40 40 40 48 87 110 107 119 145 154 156 156 156 156 
159 160 160 158 146 120 91 87 85 66 44 41 41 41 41 41 42 53 66 67 68 69 69 70 70 71 72 72 72 72 72 72 72 72 72 71 70 70 71 70 71 71 70 70 69 69 68 68 68 67 66 66 67 66 64 61 49 41 40 40 39 42 57 65 64 77 127 152 154 154 154 154 
158 158 159 157 139 86 53 50 49 46 42 41 40 41 41 41 41 42 43 43 43 43 43 43 44 44 44 44 43 44 43 43 43 44 44 43 44 43 43 43 43 43 43 43 43 43 43 43 43 43 42 41 42 42 42 42 40 40 39 39 39 40 44 47 47 60 119 153 156 155 154 154 
160 160 158 156 142 94 64 62 61 52 42 40 40 41 40 40 41 41 41 41 41 41 41 41 41 41 41 41 41 41 40 40 41 41 41 40 41 41 41 40 40 40 40 40 41 41 41 40 40 40 40 39 40 39 40 40 39 40 39 39 39 43 69 86 88 98 134 153 155 155 155 155 
161 161 160 157 147 125 107 103 100 75 44 40 40 40 40 40 40 40 41 41 41 40 41 41 41 41 40 41 40 40 40 40 40 40 40 40 40 40 40 40 40 40 39 40 40 40 40 40 39 39 39 39 39 39 39 39 38 38 38 38 39 46 86 112 113 122 144 151 153 155 155 155 
162 161 159 155 146 129 107 99 96 72 44 40 40 40 39 40 40 40 40 40 41 40 40 40 40 40 40 40 40 40 40 40 40 40 39 39 40 40 39 39 40 40 40 40 40 39 39 39 39 39 39 39 39 38 39 39 39 38 38 38 39 43 65 81 81 91 129 151 154 154 155 156 
162 161 159 156 142 100 64 58 56 50 43 46 46 41 40 45 47 43 40 44 48 45 39 41 47 46 41 40 46 49 44 40 44 49 46 40 41 49 49 42 40 47 53 47 40 44 53 51 41 41 51 54 45 40 48 58 51 40 43 57 58 44 41 44 44 52 108 150 153 153 154 155 
160 160 159 156 140 79 43 41 40 40 51 79 78 49 44 72 84 59 42 63 87 70 43 51 83 82 50 45 74 89 62 41 62 90 76 44 49 85 89 55 42 72 94 70 42 58 93 85 49 46 83 96 62 42 69 99 78 44 53 93 94 54 38 38 38 45 101 148 153 153 154 155 
159 159 158 156 140 78 42 40 39 40 56 97 96 54 47 86 104 67 42 72 107 84 45 57 102 100 55 47 87 108 70 42 69 108 90 47 53 99 106 61 43 82 111 79 43 62 106 98 51 48 93 109 68 43 74 111 87 46 56 104 104 57 38 37 38 45 99 148 153 154 155 155 
160 159 158 156 139 80 43 40 39 40 56 97 96 55 47 86 104 68 43 72 107 85 45 56 100 100 56 47 86 106 71 43 69 106 89 47 52 97 105 61 43 80 108 78 44 62 104 96 51 47 88 104 67 43 72 105 86 46 55 97 100 57 38 37 39 54 107 149 155 155 156 155 
160 159 157 155 143 101 58 42 41 41 55 80 80 53 48 75 84 64 45 66 85 75 46 56 82 83 54 48 74 84 66 45 65 83 78 48 53 78 85 58 45 69 82 70 46 60 78 79 51 49 69 77 61 44 61 73 70 46 53 68 73 54 40 43 54 91 136 152 153 154 155 155 
159 158 156 155 147 127 92 63 55 52 58 60 59 51 50 56 56 54 47 56 55 55 47 52 55 56 50 49 55 54 54 48 54 54 56 47 50 53 55 50 47 52 52 53 46 52 51 54 48 48 50 50 49 45 49 47 49 44 47 47 50 50 50 64 95 129 149 153 153 154 155 156 
158 158 157 155 148 134 114 87 72 67 63 59 55 51 49 50 49 49 48 50 48 48 48 48 47 48 48 48 48 48 49 48 48 48 48 47 48 47 47 47 46 46 47 47 46 46 46 46 45 46 46 45 44 44 44 43 43 43 43 45 48 52 58 78 114 139 149 152 153 155 155 154 
159 158 157 156 147 133 115 91 75 70 66 62 58 54 51 51 50 49 49 49 49 49 49 48 48 48 48 48 48 48 49 49 49 48 47 48 48 48 47 46 47 47 47 46 46 46 46 46 45 46 45 45 44 44 43 43 44 44 46 48 51 54 62 85 118 140 149 152 152 153 153 154 
159 159 158 156 148 133 115 91 77 72 69 66 63 58 55 53 52 51 50 50 50 50 50 50 49 49 49 48 48 49 50 49 49 49 49 49 48 48 47 48 48 48 47 47 47 47 46 46 46 46 46 46 45 45 45 45 46 47 48 51 54 57 66 91 120 140 149 153 153 152 153 154 
159 159 158 155 147 133 116 93 78 74 71 69 66 63 60 57 56 54 53 52 52 52 52 52 52 51 51 50 50 50 51 51 50 51 51 50 50 49 49 50 50 50 49 49 49 49 48 48 49 48 48 48 48 48 49 49 50 51 53 55 57 61 71 95 122 141 150 153 154 154 154 154 
158 158 157 154 147 134 116 95 81 77 74 72 70 68 65 63 61 59 58 57 56 56 56 56 56 55 55 55 55 55 55 54 54 55 55 55 54 54 54 54 54 55 54 54 53 53 53 53 54 53 53 53 53 54 55 55 56 58 59 61 63 67 79 102 124 141 150 151 152 155 155 155 
157 157 157 155 149 137 122 103 88 83 83 82 80 78 77 75 73 72 71 70 69 68 68 68 67 66 67 67 66 66 66 66 66 66 66 67 66 66 67 67 67 67 67 68 67 67 67 69 69 68 68 70 70 71 72 74 75 76 76 75 74 80 97 117 133 145 151 152 153 154 155 155 
158 157 157 156 153 146 136 123 109 104 108 111 110 109 109 107 105 105 105 103 102 102 102 102 101 101 101 101 99 99 100 102 102 101 102 103 102 101 102 102 103 103 104 104 104 104 106 107 107 107 108 109 109 110 112 114 114 115 115 112 107 112 123 135 144 151 154 153 153 154 154 155 
158 157 157 156 156 154 150 146 142 139 140 140 141 141 142 140 139 139 138 138 137 138 138 137 137 138 137 136 136 137 138 138 138 138 138 137 137 138 138 138 138 139 139 139 138 138 139 140 139 141 142 142 141 141 143 143 144 144 145 145 144 145 147 149 151 154 155 155 155 154 154 155 
158 158 157 156 156 155 156 155 154 154 152 151 151 152 152 151 150 150 151 150 150 150 150 149 150 150 150 150 150 150 149 149 150 150 148 148 150 150 149 149 149 148 149 149 148 149 149 149 150 151 151 151 150 150 151 150 150 151 153 152 152 153 153 153 154 155 155 154 155 155 154 155 
158 159 158 156 155 155 156 156 156 155 153 153 154 154 153 151 151 153 153 153 152 152 152 151 152 153 153 153 153 153 151 150 150 150 149 150 153 152 151 150 150 148 148 149 150 151 151 152 152 152 152 151 151 151 152 151 151 152 153 153 152 152 153 153 154 154 154 153 153 154 154 154 
