181 174 172 171 171 172 172 173 174 175 175 175 176 174 174 174 175 175 175 174 173 173 174 176 177 176 176 176 175 174 175 177 177 177 177 177 177 177 176 176 174 175 177 177 177 177 176 176 177 177 177 177 177 176 176 177 177 177 176 177 177 176 175 174 174 175 175 175 175 174 173 173 173 173 172 172 
173 171 171 171 171 171 172 172 172 174 174 174 175 175 174 175 175 174 174 174 175 175 175 176 177 175 174 175 175 175 175 176 176 177 177 177 177 176 176 176 176 176 177 177 177 177 177 177 177 177 177 177 177 177 176 177 175 175 176 176 176 175 175 174 174 174 174 174 174 173 173 173 173 172 171 170 
172 172 172 172 172 171 172 172 171 172 172 173 174 174 175 175 174 174 174 174 176 177 177 177 177 177 177 177 177 177 177 176 176 176 176 175 176 175 175 176 177 177 176 176 176 176 177 177 177 176 176 177 177 177 177 176 176 175 175 175 174 174 174 174 174 174 173 172 172 172 172 173 172 171 171 171 
172 172 171 172 172 172 173 174 173 172 173 174 175 174 174 174 174 174 174 175 176 176 176 177 177 177 178 178 178 178 179 177 177 177 176 175 175 175 175 176 177 177 177 176 176 177 176 176 177 177 176 176 176 176 176 177 177 176 175 174 174 175 174 174 174 173 172 172 172 172 172 173 172 172 172 172 
171 171 171 172 172 173 174 173 173 173 173 174 174 174 173 174 174 174 174 174 175 175 176 176 176 176 177 177 176 176 176 176 176 176 176 175 176 176 176 176 175 176 176 176 176 176 177 177 176 176 176 176 175 176 176 176 176 176 175 175 174 174 174 174 173 172 172 173 172 172 172 171 171 171 172 172 
170 170 171 172 173 173 172 172 172 173 173 173 173 173 174 174 175 175 174 174 174 175 175 176 176 176 176 176 176 176 176 176 177 177 177 176 175 176 177 176 175 175 175 176 176 176 176 176 175 175 177 177 176 175 176 175 175 175 175 174 175 175 174 174 173 172 171 172 172 170 170 169 169 170 170 170 
169 169 170 171 172 171 171 172 172 172 173 173 173 173 173 174 174 174 174 174 175 174 174 175 175 175 176 176 175 175 176 176 177 176 175 175 176 175 175 176 175 174 173 175 176 175 174 175 175 175 174 174 174 174 173 171 172 174 173 170 172 174 173 169 168 167 166 168 170 169 170 171 170 170 170 169 
171 170 171 170 171 170 171 171 171 169 166 166 167 171 173 169 165 167 172 171 164 165 171 171 163 159 167 172 164 157 164 171 167 155 157 168 168 155 150 163 168 157 146 158 169 161 144 149 167 165 146 142 160 166 150 135 149 164 153 132 139 161 158 134 123 121 123 142 164 169 170 170 170 170 171 169 
170 171 171 170 170 171 172 170 160 134 119 117 118 139 161 143 115 128 157 150 115 115 147 154 119 104 135 157 130 100 120 153 138 99 104 143 148 108 93 129 151 121 89 112 148 132 91 97 139 143 101 87 123 146 114 83 106 144 127 85 90 132 136 95 75 74 76 98 145 167 169 169 169 169 169 169 
169 170 170 170 169 170 171 161 122 84 71 70 72 101 139 116 75 89 133 126 80 78 122 134 92 72 108 139 109 72 92 135 122 77 78 123 133 90 71 107 136 106 71 90 132 118 76 78 121 131 89 71 105 135 106 72 91 133 121 77 77 120 129 89 67 66 67 78 130 164 167 168 168 167 167 167 
170 170 170 170 170 171 171 151 92 66 65 65 66 92 129 108 70 82 125 121 77 73 116 130 89 69 103 135 106 70 88 130 120 77 76 120 131 89 70 103 133 105 70 88 128 116 75 75 117 129 89 70 102 132 105 71 88 128 119 77 76 116 126 89 66 65 66 75 126 163 167 168 168 168 167 167 
170 170 170 171 171 171 170 149 87 64 64 63 64 90 123 104 69 79 117 114 75 72 108 121 86 68 96 122 98 68 82 116 108 74 72 106 115 84 68 92 114 94 68 80 107 100 72 70 97 106 81 67 87 106 90 68 77 102 97 72 71 93 99 79 66 66 66 75 123 161 166 167 168 168 168 169 
169 169 170 171 171 170 169 150 89 66 66 65 64 75 89 81 65 69 84 83 68 66 79 83 71 64 73 82 73 64 68 78 76 66 66 74 77 69 65 70 75 71 65 67 72 71 66 66 70 71 67 65 67 70 68 65 66 69 69 66 65 68 69 67 76 88 90 94 129 160 165 165 165 166 167 168 
169 169 169 170 169 169 169 153 105 91 95 93 77 65 64 64 63 63 64 64 63 63 63 63 63 62 63 64 63 63 63 63 63 63 64 65 64 63 63 64 64 64 64 64 64 64 64 64 64 64 64 64 64 64 64 64 64 64 64 64 64 64 64 65 91 120 123 121 142 161 162 162 163 164 165 165 
169 169 169 168 168 167 167 160 135 125 126 122 90 63 62 62 62 62 63 63 62 62 62 62 62 62 63 63 62 62 63 64 63 63 64 65 63 62 62 64 64 64 63 63 64 63 63 62 63 63 63 63 63 63 63 63 63 64 64 63 64 64 64 65 84 107 110 114 140 158 161 162 163 163 164 164 
168 168 168 168 167 166 165 157 132 110 107 103 81 62 61 61 61 61 61 61 61 61 62 61 62 62 62 62 62 62 62 62 62 62 64 64 63 62 62 63 63 63 63 62 63 63 63 63 62 63 63 62 62 63 62 62 63 63 63 63 64 63 63 63 67 72 74 79 117 154 161 162 161 161 163 164 
168 168 168 168 167 166 164 146 96 73 70 69 65 62 61 61 61 61 61 62 61 62 61 61 61 61 61 61 62 63 63 62 62 62 62 63 62 62 62 62 62 63 62 61 62 62 63 63 63 62 62 63 62 62 62 62 62 62 62 63 62 62 62 63 68 76 77 80 114 152 159 160 160 160 162 163 
168 168 168 167 166 164 163 144 96 79 80 80 70 62 61 61 61 61 62 62 61 62 61 61 61 61 60 61 62 65 66 65 66 66 66 65 63 62 61 62 62 62 63 65 67 69 69 70 71 70 68 64 62 62 62 62 61 62 63 63 62 62 63 65 84 110 113 111 131 154 158 159 160 161 163 163 
167 167 167 166 164 164 162 149 120 112 114 112 85 63 61 60 61 61 62 61 61 62 61 60 61 61 61 62 64 79 92 92 93 93 93 92 80 65 62 62 62 64 73 92 98 100 100 101 102 99 86 67 62 62 62 61 61 62 62 62 62 62 63 64 84 114 117 117 137 155 159 161 161 161 162 163 
164 165 165 164 164 164 161 150 127 112 109 106 82 62 60 60 60 61 60 60 61 61 61 60 61 61 61 62 63 80 108 119 119 119 118 117 106 81 65 62 63 73 98 116 119 119 119 119 117 104 79 63 61 62 62 61 61 62 62 62 62 62 62 62 69 80 81 84 116 151 158 160 161 161 161 162 
164 164 164 165 165 164 161 142 99 77 74 73 67 62 60 60 60 61 60 60 61 61 61 61 61 61 61 61 61 66 86 114 123 122 122 121 119 105 79 65 70 96 117 121 121 121 121 120 107 82 65 62 61 61 62 62 61 61 62 61 61 61 61 62 64 67 69 72 105 149 157 158 160 161 162 163 
165 165 164 164 163 163 160 138 90 71 70 70 65 61 60 60 60 61 60 61 61 61 61 61 61 61 61 61 61 62 66 91 118 124 123 123 122 119 103 80 88 111 118 120 121 122 120 109 83 65 61 62 62 61 62 62 61 61 61 61 61 62 62 62 75 98 103 102 120 150 156 157 158 159 160 161 
165 165 164 163 163 162 160 145 115 104 107 105 80 61 60 60 59 60 60 61 60 60 60 60 61 61 61 61 61 61 61 69 96 120 124 123 123 122 118 102 89 94 98 103 113 120 110 84 65 61 61 61 61 60 60 61 61 61 61 60 61 61 61 61 81 116 122 122 136 153 156 157 158 159 159 159 
165 165 165 165 163 162 159 148 128 117 119 115 85 61 60 60 59 59 60 60 60 60 61 60 60 60 61 61 61 61 61 62 71 101 122 124 124 124 122 118 99 79 74 82 100 109 86 66 61 61 61 61 60 60 60 61 61 60 60 60 61 60 60 61 71 91 94 95 120 150 156 157 158 159 160 160 
165 165 164 164 163 162 159 143 107 86 85 83 70 60 60 60 59 59 60 60 60 60 61 61 61 60 60 60 60 60 61 61 62 75 105 122 122 122 122 121 114 95 91 104 104 86 67 62 61 61 61 60 60 61 60 60 61 60 61 60 60 60 60 61 62 65 67 68 98 146 157 158 158 158 160 162 
163 163 163 163 162 162 159 138 86 65 65 65 62 60 60 60 59 60 60 60 61 60 60 61 60 60 61 60 61 60 60 61 61 63 77 97 100 100 99 98 96 92 91 93 82 66 61 61 61 60 59 60 60 60 60 60 61 60 60 59 59 59 60 60 66 82 87 88 109 147 157 158 159 158 159 160 
162 162 162 162 162 161 159 141 104 91 93 92 75 60 59 59 59 60 60 59 60 60 60 61 60 60 61 60 61 61 60 61 61 61 63 66 67 67 66 66 66 65 65 65 62 60 60 60 60 60 60 60 60 59 59 60 60 59 59 59 60 59 60 60 76 110 118 118 133 152 157 159 160 159 159 159 
164 164 164 163 162 161 159 147 126 118 119 116 85 60 59 59 59 59 60 59 60 64 65 63 63 62 64 65 69 68 64 65 67 62 61 66 66 62 67 67 62 60 60 60 60 59 60 60 60 60 60 60 60 59 59 59 59 59 59 59 59 59 59 60 71 98 103 105 125 149 156 158 158 158 158 159 
165 165 164 162 162 162 160 147 117 99 96 93 75 60 59 59 59 59 59 60 68 86 87 78 81 74 81 80 90 91 75 86 91 75 66 87 88 73 89 91 73 60 60 60 60 59 59 59 60 60 59 59 59 59 59 59 59 59 59 59 59 59 59 59 61 68 69 70 96 142 155 157 158 157 158 160 
163 163 162 162 162 162 160 139 88 66 65 64 61 59 58 59 58 58 59 61 79 92 93 89 91 92 87 71 84 91 78 95 98 91 83 103 97 82 96 98 86 62 60 60 60 60 59 59 59 59 59 59 59 59 59 59 59 59 59 59 59 59 58 58 61 70 72 73 97 142 156 157 157 157 157 159 
163 162 161 161 161 161 157 139 96 79 79 79 68 59 58 59 59 59 59 61 83 88 87 88 88 103 81 66 86 80 69 94 106 98 97 108 101 81 96 105 87 62 60 60 59 59 59 59 60 59 59 59 59 59 59 59 59 59 59 59 59 59 58 58 70 101 109 107 121 148 156 157 157 157 157 158 
162 162 163 162 161 161 157 144 122 114 113 111 84 60 59 59 59 58 58 59 76 94 94 79 77 96 73 66 84 71 65 89 101 86 79 90 94 76 92 99 76 60 59 59 59 59 59 59 59 59 59 59 58 59 59 59 58 58 59 59 58 58 59 59 71 105 113 112 128 150 154 155 156 157 157 157 
163 162 162 162 162 161 159 148 125 108 105 102 80 59 58 58 58 58 58 58 63 77 77 64 63 71 64 61 67 62 61 72 77 67 61 65 69 64 72 74 64 60 59 59 59 59 58 59 59 59 59 59 58 59 59 58 57 57 58 58 58 58 58 59 62 74 77 78 99 141 154 155 156 158 158 158 
162 162 162 162 161 160 158 140 96 72 70 69 64 59 58 58 58 58 57 58 59 62 62 60 61 61 60 60 60 60 60 62 63 61 60 59 59 59 60 61 59 60 60 59 59 60 60 59 60 62 60 59 60 60 59 58 57 57 57 58 57 57 57 58 59 61 63 64 85 136 154 156 157 157 158 159 
162 162 162 161 161 160 157 136 88 69 69 68 68 69 69 69 69 62 57 58 67 78 79 73 77 81 77 74 79 74 67 77 82 72 71 67 68 67 71 76 66 68 79 73 65 76 79 68 71 83 73 64 77 79 64 58 57 57 57 58 57 57 57 58 64 86 94 94 108 141 153 155 156 157 158 159 
162 162 162 162 161 160 157 143 116 105 104 104 104 105 104 105 102 76 58 58 70 91 95 77 84 99 86 90 94 92 83 96 92 77 86 79 84 82 90 95 84 88 96 91 80 98 99 84 91 101 84 75 93 93 74 59 57 58 57 57 57 56 57 58 68 103 115 115 129 150 155 156 155 156 157 158 
161 162 162 162 162 161 158 148 129 114 111 110 109 109 109 108 104 78 58 58 60 80 86 64 69 91 75 85 83 85 91 100 93 76 88 83 87 89 91 87 91 92 99 100 89 102 100 90 99 100 90 84 91 88 79 59 57 57 56 57 57 56 56 57 63 83 90 90 109 143 155 157 156 157 157 157 
162 162 162 162 161 160 157 143 106 82 77 78 77 76 75 75 73 64 57 58 59 77 85 62 66 88 72 84 88 87 89 96 82 68 87 90 90 86 92 91 85 82 101 100 88 98 95 90 93 93 91 83 94 94 77 58 56 56 56 56 56 56 55 56 57 60 62 62 81 134 154 155 156 157 157 157 
162 161 161 160 159 159 155 135 85 63 62 62 60 58 58 58 57 56 57 57 58 71 77 60 63 80 68 80 94 87 75 83 68 58 73 89 85 71 79 88 73 73 90 81 71 87 89 75 74 85 78 67 80 82 65 56 56 56 56 56 55 55 55 56 59 72 77 78 94 136 153 154 155 155 156 156 
161 161 161 160 160 159 156 140 104 89 90 90 73 58 57 56 56 56 56 56 57 60 62 58 59 63 60 63 68 65 60 63 60 56 59 64 63 59 60 64 60 60 64 61 58 62 62 59 58 61 59 57 59 60 58 56 55 56 56 55 55 54 54 55 64 97 110 111 123 145 154 155 155 155 155 156 
162 161 160 159 159 158 155 146 126 112 109 109 84 58 56 56 55 56 56 56 57 60 59 58 59 60 58 58 61 60 57 60 62 59 57 58 57 57 59 60 58 57 59 60 57 57 56 56 56 56 57 56 56 56 56 56 55 56 55 54 54 54 54 55 62 90 102 103 118 145 154 154 154 155 155 156 
162 161 160 159 159 158 156 143 115 93 88 87 72 57 56 56 55 55 56 57 63 79 77 65 77 83 70 66 82 77 64 78 87 72 58 56 57 60 75 78 61 59 75 80 61 57 56 56 56 55 55 56 56 56 56 55 55 55 55 54 54 54 54 54 56 63 67 67 84 131 152 153 153 154 155 155 
160 160 160 159 158 158 155 136 88 63 62 61 58 56 55 55 55 55 55 56 73 90 88 76 94 98 86 79 91 89 78 96 101 86 60 57 56 62 85 91 64 68 94 94 64 56 56 56 55 55 55 55 55 55 55 55 55 55 55 54 54 54 53 53 55 61 64 65 81 128 150 152 152 154 154 155 
160 160 160 159 158 157 155 139 97 76 75 74 65 55 54 55 55 55 55 56 76 84 84 81 95 98 89 84 86 86 84 99 101 89 61 56 55 56 72 88 67 83 102 98 69 56 55 54 54 55 55 55 55 55 55 55 55 54 54 54 54 54 53 53 59 85 98 98 110 139 151 153 153 154 155 155 
159 159 159 160 158 156 154 145 123 107 103 102 81 57 55 54 55 55 55 56 72 90 89 79 92 90 87 81 91 89 81 95 93 87 61 55 55 56 68 85 66 76 92 98 71 56 55 54 55 54 54 54 55 57 55 54 55 55 54 54 54 54 53 53 60 93 108 108 120 144 152 153 153 153 155 156 
160 160 159 160 159 157 155 146 124 102 95 95 78 57 55 54 54 54 55 55 62 78 75 65 78 84 73 65 78 75 65 79 85 73 58 55 55 55 61 70 59 58 65 75 61 55 55 55 54 54 54 54 54 55 55 54 54 55 54 53 53 53 53 54 56 69 76 76 92 133 151 153 153 154 154 154 
159 158 158 158 159 158 154 138 96 68 64 64 60 55 54 54 54 54 55 56 57 59 58 57 59 61 58 57 59 59 58 60 60 57 56 56 56 56 57 57 56 56 56 58 56 55 56 56 56 56 56 55 55 55 55 55 55 55 54 54 53 53 52 53 54 55 58 59 74 125 150 153 153 152 153 153 
159 159 158 158 158 157 154 136 90 66 64 64 60 55 54 54 54 54 55 56 62 71 72 73 72 72 72 73 74 73 73 73 73 73 73 72 73 73 73 73 74 74 73 73 74 75 75 75 75 76 76 76 77 77 76 76 76 75 74 62 53 52 52 52 55 72 82 84 96 132 150 152 151 151 152 153 
159 159 159 158 157 156 154 143 116 99 95 94 77 56 54 53 53 53 54 57 77 105 108 108 108 109 109 110 110 110 110 110 110 110 110 110 110 110 110 110 110 111 110 110 110 110 110 111 110 110 110 110 110 110 111 110 110 109 103 77 55 52 52 52 57 90 107 108 120 142 151 152 152 152 153 154 
157 158 158 158 157 156 154 146 128 108 101 99 80 56 54 53 53 53 54 56 81 113 116 117 118 118 119 119 119 120 120 120 119 119 120 120 119 119 119 119 118 118 118 118 117 118 117 117 117 116 116 116 115 116 117 117 116 114 108 78 55 53 52 52 55 77 88 88 103 137 150 152 152 151 152 153 
157 158 159 159 157 156 154 141 107 78 72 71 63 53 53 53 53 53 53 56 81 112 115 116 116 117 118 118 118 119 119 119 119 119 118 119 118 117 118 118 118 117 117 117 116 117 117 116 116 115 115 116 115 115 115 115 114 114 108 78 55 52 52 52 53 56 58 58 72 121 148 152 151 151 153 154 
159 159 158 158 157 155 153 136 88 61 59 58 56 52 52 53 53 53 53 55 79 111 114 115 115 116 117 117 117 118 117 116 112 111 113 117 116 112 116 116 115 116 115 115 116 116 116 116 115 115 115 114 114 115 114 114 114 113 108 79 55 52 52 51 52 61 66 67 79 123 149 152 152 152 153 154 
159 158 157 157 156 156 153 141 107 85 82 82 70 54 52 52 53 53 53 55 78 110 114 114 116 117 117 117 117 117 117 108 87 88 88 105 106 88 105 109 100 113 115 115 115 115 115 116 114 114 114 113 114 114 114 113 113 113 107 78 55 52 52 51 54 80 98 99 110 137 150 152 152 152 152 153 
157 157 157 157 155 155 153 145 127 107 99 98 80 55 53 52 53 53 53 55 79 111 114 114 116 117 116 117 117 117 117 102 80 94 81 94 92 74 89 102 90 111 116 115 115 115 115 115 114 115 114 114 114 114 114 113 113 113 107 78 54 52 51 51 54 79 96 97 110 137 149 150 152 153 153 153 
156 157 156 155 155 154 152 142 115 88 80 78 68 53 52 52 52 52 52 54 79 111 115 115 116 117 117 118 118 118 117 103 76 87 90 99 80 73 74 93 89 111 116 115 116 116 116 115 114 115 115 115 115 114 113 113 114 113 107 79 54 51 51 50 52 60 65 65 76 121 148 150 151 152 153 153 
157 156 156 155 155 154 151 136 90 60 56 56 55 52 51 51 52 52 52 55 79 111 116 115 115 117 117 117 118 118 117 104 85 102 110 103 84 90 81 84 84 101 110 115 116 115 115 114 114 115 115 114 114 114 113 113 114 114 108 79 54 50 50 49 51 54 57 58 68 116 146 149 149 150 151 151 
156 156 155 155 155 154 151 138 99 72 68 67 61 53 51 51 52 51 52 55 79 111 115 115 115 117 117 117 117 118 117 111 103 113 116 109 106 114 105 98 93 97 105 114 115 115 115 115 114 115 114 114 114 113 113 114 114 113 108 80 54 50 50 50 52 70 84 85 95 129 147 150 149 149 150 150 
157 156 155 154 155 155 152 144 122 100 94 91 76 54 51 51 51 52 52 54 77 108 112 112 113 114 114 114 115 115 115 114 114 115 115 114 114 115 114 112 112 111 112 114 113 113 112 112 111 111 112 112 111 110 111 111 111 110 105 79 53 50 50 51 53 80 99 98 110 137 148 150 150 150 150 151 
156 156 154 152 153 154 152 143 122 95 87 86 72 53 51 51 51 51 51 52 65 82 85 86 87 87 88 88 88 89 90 89 89 90 90 90 90 90 90 89 89 89 89 89 89 88 88 88 87 86 86 87 86 84 85 86 85 83 80 65 52 50 50 50 51 66 75 74 84 123 146 149 149 149 149 150 
156 156 155 152 152 152 151 138 97 64 60 60 56 52 51 51 51 51 51 51 53 55 56 56 56 56 56 57 57 57 57 57 57 57 57 57 57 57 57 57 56 56 57 57 57 57 56 56 56 56 56 56 56 55 55 55 55 54 54 52 50 50 49 49 49 51 53 53 61 109 145 149 149 148 148 149 
154 156 156 155 153 152 151 138 93 62 60 59 56 51 50 50 51 50 50 50 50 51 52 52 51 51 51 51 51 51 52 51 51 51 51 51 51 51 51 51 51 51 50 51 51 50 50 51 51 51 51 50 50 50 50 50 50 50 50 50 50 49 49 49 50 61 70 71 80 119 146 150 150 150 149 149 
154 154 155 155 155 153 151 142 117 94 87 85 72 52 50 50 50 50 50 50 50 51 51 51 51 51 51 51 51 51 51 50 50 50 50 50 50 50 50 50 51 51 50 50 50 49 50 50 50 50 50 49 49 49 50 49 49 49 49 49 48 48 48 49 51 76 95 97 108 134 146 148 149 150 150 149 
155 155 155 155 155 153 150 142 127 104 93 90 75 52 50 50 50 49 50 50 50 50 50 51 50 50 50 50 50 50 50 50 50 50 50 49 49 49 49 50 50 50 49 50 50 50 50 50 49 49 49 49 49 49 49 49 49 49 49 48 48 48 48 49 51 70 84 85 95 126 145 148 150 150 150 150 
156 155 155 155 155 153 150 140 108 76 67 66 60 52 51 51 50 49 51 51 50 50 50 52 51 49 49 51 51 50 50 51 52 51 50 51 52 51 49 50 52 52 50 49 51 53 52 50 50 53 53 49 49 52 54 51 49 52 56 53 49 49 54 55 51 53 56 56 62 105 143 148 149 149 149 149 
155 155 154 153 153 153 151 138 89 54 52 51 51 54 68 70 55 51 65 72 60 50 59 73 66 51 54 70 71 56 52 66 75 62 51 60 75 70 52 53 72 76 58 50 64 78 67 51 57 76 74 55 51 70 81 63 51 63 82 73 52 55 77 81 59 48 48 48 53 96 141 148 148 149 149 149 
154 154 154 153 152 152 150 138 87 52 50 49 50 58 84 86 60 53 77 91 69 51 68 92 80 54 58 87 89 61 52 77 94 71 51 66 93 85 55 56 86 94 66 51 74 95 77 52 61 90 88 58 53 80 95 70 51 69 94 83 54 57 88 92 63 49 48 48 52 95 141 148 149 149 150 149 
154 154 154 154 153 152 150 137 88 53 50 49 49 58 85 88 61 53 78 92 69 51 68 94 82 54 58 88 90 61 52 77 93 72 51 65 92 84 55 55 86 95 66 51 74 96 78 53 61 91 89 58 52 79 94 70 51 68 94 84 55 57 88 93 63 48 48 48 55 97 142 149 150 150 150 150 
154 154 153 153 153 152 150 139 100 62 51 50 50 59 78 80 60 53 73 83 68 52 67 84 77 54 58 80 83 61 53 73 84 70 52 65 82 79 55 56 78 85 64 52 70 83 74 53 61 80 81 58 54 71 81 67 51 64 77 75 54 57 72 77 61 49 49 55 79 121 145 148 149 150 150 150 
155 155 153 153 152 150 149 142 123 90 65 58 56 61 65 65 58 55 62 63 61 54 62 62 63 54 58 62 63 58 55 62 62 62 54 61 61 63 55 56 61 63 59 53 60 60 61 53 58 59 62 55 54 58 59 58 52 56 56 58 52 54 55 58 57 55 63 84 115 140 147 147 148 149 150 150 
154 154 153 152 152 151 149 144 131 112 88 74 70 66 63 61 58 56 56 56 56 55 57 56 56 55 56 55 55 55 55 56 55 57 55 56 55 56 55 55 55 54 55 54 54 54 55 54 54 54 54 53 53 53 53 53 52 53 51 51 51 52 53 55 58 62 76 107 132 143 146 148 149 149 149 150 
153 153 153 152 151 151 150 143 131 115 93 79 74 70 67 64 60 58 58 57 57 57 57 56 56 56 56 56 56 56 56 56 56 57 57 56 56 55 56 56 56 55 54 54 54 55 55 54 54 54 54 54 54 53 53 53 52 52 52 52 53 53 55 57 60 66 83 113 134 143 146 147 148 148 148 149 
152 152 152 153 152 152 150 143 131 115 94 80 76 73 70 67 63 61 60 58 58 57 57 57 57 57 56 56 56 56 56 55 56 57 57 57 56 56 56 56 56 55 55 55 55 55 55 54 54 54 54 54 54 54 54 53 52 53 53 53 54 55 57 60 63 69 89 116 134 144 147 147 146 147 148 148 
151 151 151 152 152 152 149 142 131 116 96 82 78 75 73 71 67 65 62 61 60 59 58 58 58 58 58 58 58 57 57 56 57 57 57 57 57 57 57 57 56 56 56 57 57 56 56 56 56 55 55 55 55 55 55 55 55 56 55 56 57 58 60 62 65 73 93 118 135 144 147 148 148 148 148 148 
152 152 152 153 152 151 149 143 131 116 97 84 80 77 76 74 72 69 67 65 64 63 62 61 61 61 61 61 61 61 61 60 60 61 60 60 61 60 60 60 60 59 60 60 60 60 59 59 59 58 59 59 58 58 58 58 58 60 60 60 62 63 64 66 69 79 98 119 135 144 146 147 149 149 149 149 
153 153 152 152 152 150 149 144 133 119 102 88 84 83 82 80 78 77 75 73 71 71 70 69 68 68 68 68 67 68 68 67 67 67 67 67 67 67 67 67 67 67 68 67 67 67 67 67 67 67 67 67 67 67 67 68 68 69 70 72 73 73 73 73 78 91 109 125 138 145 146 147 148 149 149 150 
153 152 152 152 152 151 150 146 139 129 115 100 95 98 100 99 98 97 95 93 93 92 91 90 90 90 90 89 88 89 89 88 87 88 89 90 89 89 90 90 89 90 90 90 90 90 91 91 90 92 93 93 92 93 94 95 96 97 99 100 101 101 97 93 97 110 124 135 144 147 147 147 148 148 149 149 
