172 173 172 171 171 172 172 173 174 176 175 175 175 174 174 174 175 175 175 174 173 173 174 176 177 176 176 176 175 175 175 177 177 177 177 177 177 177 176 175 174 175 177 177 177 177 177 176 177 177 177 177 177 176 176 177 177 177 177 177 177 176 175 174 174 174 175 175 174 174 173 173 173 173 173 172 
171 171 171 172 171 171 172 172 173 174 174 174 175 175 174 174 175 174 174 174 174 175 175 176 177 175 174 175 175 175 175 176 177 177 177 178 178 176 176 176 176 176 177 177 177 177 177 177 177 177 177 177 177 177 176 177 176 175 176 176 176 175 175 174 174 174 175 174 174 173 173 173 173 172 171 170 
172 172 172 173 172 171 171 171 171 172 172 173 174 174 175 175 175 173 173 174 176 177 177 177 177 177 176 177 177 177 177 176 177 176 176 176 176 175 175 176 176 177 177 176 176 176 177 177 176 176 177 177 177 177 177 177 176 175 175 175 174 174 174 174 174 174 173 173 172 172 172 173 172 171 171 171 
172 172 172 172 172 172 173 173 173 172 173 174 175 174 174 174 174 173 174 175 175 176 176 177 177 177 178 179 179 179 179 177 177 177 176 175 175 175 175 175 177 177 177 176 176 177 176 176 177 177 176 176 176 176 176 177 177 176 175 174 174 175 174 174 174 173 172 172 172 172 172 173 172 172 172 171 
171 171 171 172 172 173 174 173 173 173 173 174 174 174 173 174 175 174 174 175 175 175 176 177 176 176 177 177 177 177 176 176 176 176 176 175 176 176 176 176 175 176 177 176 176 176 177 177 176 176 176 176 176 176 176 176 176 176 175 175 174 174 174 174 174 173 172 172 172 172 172 172 172 172 172 172 
169 170 171 172 173 173 172 172 172 173 173 173 173 173 173 174 175 175 174 174 174 175 176 176 175 176 176 176 176 176 176 176 177 177 176 176 175 176 177 176 175 175 175 176 176 176 176 176 175 175 176 177 176 175 176 175 175 175 174 174 175 175 174 174 173 172 171 172 172 170 170 170 169 170 170 170 
168 169 170 171 172 172 171 172 172 173 173 173 173 173 173 174 175 174 173 174 175 174 174 175 175 176 176 176 175 176 176 176 177 177 176 175 176 176 176 176 175 174 174 175 176 176 175 175 176 175 175 175 175 174 173 173 173 174 173 172 174 175 173 171 170 169 169 169 170 169 170 170 170 170 170 169 
170 170 170 170 171 170 170 171 172 170 169 169 170 172 173 170 168 169 172 172 167 168 172 173 166 163 170 173 167 162 167 172 169 160 161 170 170 159 155 165 170 161 153 162 171 164 150 155 169 167 152 149 163 168 154 142 153 166 157 139 145 164 161 140 131 129 131 147 165 169 170 171 170 170 171 169 
170 171 171 170 170 171 172 171 163 140 128 126 126 144 163 147 123 135 160 153 122 123 151 156 125 111 140 159 134 107 126 156 142 106 110 146 151 112 99 134 154 125 95 118 151 135 96 102 143 145 105 92 127 149 117 87 110 146 130 89 94 135 138 98 79 78 79 103 147 167 169 169 169 169 170 170 
169 170 170 170 169 170 171 162 128 89 75 73 75 104 141 118 77 92 135 128 82 80 124 136 93 73 110 141 110 74 93 137 123 78 79 124 134 90 72 109 137 107 71 91 133 118 76 78 122 131 89 72 106 135 106 72 91 133 121 77 77 120 130 90 67 67 67 79 131 165 167 168 168 167 167 168 
170 170 170 170 170 171 171 152 94 67 65 65 66 93 129 108 70 82 125 121 77 73 116 130 89 69 104 135 107 70 88 130 120 77 76 120 131 89 70 104 133 105 70 88 129 116 75 75 118 130 90 70 103 133 105 71 88 129 120 77 76 117 127 89 66 65 66 75 127 164 167 168 168 168 167 167 
170 171 171 171 171 171 170 149 88 64 64 64 64 90 125 105 69 80 119 116 76 72 110 124 87 69 99 126 100 68 84 119 111 75 73 109 119 85 69 95 118 97 69 81 111 103 72 71 101 111 83 68 90 111 93 69 79 106 101 73 71 97 104 81 66 65 66 74 124 161 166 167 168 168 169 169 
169 169 170 171 171 170 169 150 88 65 65 65 64 77 94 85 66 70 89 87 69 67 83 88 73 64 76 87 76 64 70 82 80 67 66 77 81 70 65 72 79 73 65 68 75 74 67 66 72 74 68 65 69 73 70 65 67 72 71 66 65 69 70 68 74 83 85 90 127 160 165 165 165 166 167 168 
169 169 169 170 170 169 169 152 102 86 89 88 75 65 66 65 63 63 65 65 63 63 63 64 63 62 63 65 63 63 63 64 64 63 64 65 64 63 63 64 65 64 64 64 65 64 64 64 64 64 64 64 64 64 64 64 64 64 65 64 64 64 65 65 90 119 121 119 140 161 163 162 163 165 166 166 
169 169 168 168 168 167 168 159 132 123 124 121 89 63 63 63 62 62 63 63 62 62 62 62 63 62 63 63 62 62 63 64 63 63 64 65 63 62 62 64 64 64 63 63 64 63 63 62 63 63 64 63 63 64 63 63 64 64 64 63 64 64 64 65 86 111 114 118 142 159 161 162 163 164 164 164 
168 168 168 168 167 166 165 158 135 115 111 108 83 62 61 61 61 61 61 62 62 61 61 61 62 62 62 62 62 62 62 63 62 62 64 64 63 62 62 63 63 63 63 63 63 63 63 63 62 63 63 62 62 63 62 62 63 63 63 63 64 64 64 64 69 76 77 82 119 154 161 162 162 162 163 164 
168 168 168 168 167 166 164 147 100 76 73 71 66 62 61 61 61 61 61 62 62 61 61 61 61 62 61 61 62 62 63 62 62 62 63 63 62 62 62 62 62 62 62 61 62 63 63 63 63 62 62 63 62 62 62 62 62 62 62 63 63 62 62 63 67 73 74 78 112 152 159 161 161 161 162 163 
168 168 168 167 166 165 163 144 93 75 76 75 68 62 61 61 61 61 62 62 61 62 61 61 61 61 61 61 62 64 64 64 64 64 64 64 62 61 61 62 62 62 62 64 66 67 67 67 68 68 66 63 62 62 62 62 61 62 62 63 62 62 62 64 82 106 109 108 128 153 158 159 160 161 162 164 
167 167 167 166 164 164 162 148 117 109 111 109 83 63 61 61 61 62 62 61 61 61 61 60 61 61 61 62 64 77 87 88 88 88 89 88 77 64 62 62 62 63 70 87 94 95 95 97 98 96 85 67 62 62 62 61 61 62 62 62 62 62 63 64 85 116 119 119 138 155 159 161 161 161 163 164 
164 165 166 164 164 164 161 151 129 114 113 109 84 62 60 60 60 61 61 60 61 61 61 60 61 61 61 62 63 82 109 117 117 117 117 116 104 78 64 62 62 71 94 115 118 118 118 118 117 106 81 64 61 62 62 61 61 62 62 62 62 62 62 62 71 85 86 89 119 151 158 160 161 160 161 162 
164 164 165 165 165 165 161 143 103 81 78 76 69 62 60 60 60 60 60 60 61 61 61 61 61 61 61 61 61 67 90 116 123 122 121 121 118 103 77 64 69 93 115 120 121 121 121 120 109 85 66 62 61 62 62 62 61 61 62 61 61 62 61 62 64 67 68 71 105 149 157 159 160 161 162 163 
165 165 164 164 164 163 160 138 88 69 68 68 64 61 60 60 60 60 60 61 61 61 61 61 61 61 61 61 61 62 68 94 119 124 123 123 122 118 100 77 87 111 119 120 122 122 121 111 86 66 61 62 62 61 62 62 61 61 61 61 61 62 62 62 74 93 98 98 117 149 156 157 158 159 161 161 
165 165 164 163 163 162 160 144 111 100 102 100 78 61 60 60 59 60 60 61 61 60 61 60 61 61 61 61 61 61 61 71 99 121 124 123 123 122 117 99 89 97 102 106 115 121 112 87 67 61 61 61 61 60 61 61 61 61 61 60 61 61 61 61 81 116 122 122 135 153 156 157 159 159 159 159 
165 165 165 165 163 162 159 148 127 117 120 117 86 61 60 60 59 59 59 60 60 60 61 60 60 60 61 61 61 61 61 62 73 104 122 124 124 123 122 117 97 79 75 82 101 111 89 67 62 61 61 61 60 60 60 61 61 60 60 60 61 60 60 61 73 95 99 100 124 150 156 157 158 159 160 160 
165 165 165 164 163 162 159 144 111 91 90 88 72 60 60 60 59 59 60 60 60 60 60 61 60 60 60 60 60 60 61 61 63 78 108 123 123 123 122 121 113 92 88 102 104 89 68 62 61 61 61 60 60 60 60 61 61 61 61 60 60 60 60 61 62 66 68 69 99 146 157 158 158 158 160 162 
163 163 163 163 162 162 159 138 86 65 65 65 62 59 60 60 59 60 60 60 61 60 60 60 60 60 61 60 60 60 60 61 61 64 81 102 105 104 104 102 101 95 95 97 85 68 62 61 61 60 60 60 60 60 60 60 60 60 60 59 59 59 60 60 65 78 82 83 106 146 157 158 158 158 159 161 
162 162 162 162 162 161 159 140 101 86 88 87 72 60 59 59 59 60 60 59 60 60 60 61 60 60 61 60 61 61 60 61 61 61 64 68 69 69 69 69 68 67 67 67 63 60 60 60 60 60 60 60 60 59 59 60 60 59 59 59 60 59 60 60 75 109 117 116 131 152 157 159 160 159 159 160 
164 164 164 163 162 161 159 147 125 117 118 115 85 60 59 59 59 59 59 59 60 63 64 62 62 62 63 64 67 66 63 64 65 61 61 64 65 62 65 65 62 60 60 60 60 59 59 60 60 60 60 60 60 59 59 59 59 59 59 59 59 59 59 60 73 102 108 109 129 150 156 158 158 158 159 159 
165 165 164 163 162 161 160 148 120 103 101 97 77 60 59 59 59 59 59 59 67 83 84 75 78 73 79 78 88 89 74 83 88 73 65 84 85 71 86 88 71 60 59 60 60 59 59 59 60 60 60 59 59 59 59 59 59 59 60 59 59 59 59 59 62 70 72 73 99 143 155 157 158 157 158 159 
163 163 162 162 162 162 160 140 90 68 67 66 62 59 58 59 58 59 59 61 78 93 93 89 91 90 88 73 85 92 78 95 98 90 80 102 97 82 96 98 85 62 60 60 60 60 59 59 60 60 59 59 59 59 59 59 59 59 59 59 59 59 58 58 61 67 69 70 94 142 155 157 157 157 157 159 
163 162 161 161 161 161 158 138 93 75 75 75 66 59 58 59 59 59 59 61 83 87 87 89 88 102 82 66 85 81 70 94 105 98 96 108 101 82 96 104 87 62 60 60 59 59 59 59 60 59 59 59 59 59 59 59 59 59 59 59 59 59 58 58 69 97 105 104 118 147 156 157 157 157 157 158 
162 162 162 162 161 161 156 143 120 111 110 108 83 60 59 59 59 58 58 60 77 94 93 81 79 98 74 66 86 72 66 90 103 88 82 94 96 78 93 100 78 61 59 59 59 59 59 59 59 59 59 59 58 59 59 59 58 58 59 59 58 58 59 59 71 106 115 114 129 150 155 155 156 157 157 157 
163 162 162 162 162 161 158 148 127 111 108 106 82 59 58 58 58 58 58 58 65 81 81 66 64 74 65 62 69 63 62 75 81 69 62 67 72 66 75 77 65 60 59 59 59 59 58 59 59 59 59 59 58 59 59 58 57 57 58 59 58 58 58 59 63 78 82 82 103 143 154 154 156 157 157 157 
162 162 162 162 161 160 158 142 100 76 73 72 65 59 58 58 58 58 57 58 59 62 62 60 60 61 60 59 60 60 60 62 63 61 59 59 59 59 60 61 60 59 60 59 59 60 60 59 60 61 60 59 59 60 59 58 58 57 57 58 57 57 57 58 58 60 62 63 85 136 154 156 156 157 158 159 
162 162 162 162 161 160 157 135 86 66 66 66 66 66 66 66 66 61 57 58 66 75 75 70 74 77 74 71 75 71 65 74 78 70 69 65 66 65 69 73 64 66 76 70 63 73 76 66 69 79 72 63 74 76 62 58 57 57 57 58 57 57 57 58 63 82 89 89 104 140 153 155 156 157 158 160 
162 162 162 162 161 160 157 142 112 100 100 100 100 101 101 101 98 75 58 58 71 92 95 79 86 99 87 90 94 91 81 94 93 78 85 78 82 80 88 94 82 86 95 90 78 96 98 83 89 100 83 74 92 93 72 58 57 58 57 58 57 56 56 58 67 103 115 115 128 149 155 155 155 156 157 158 
162 162 162 162 161 161 158 148 129 116 113 112 111 111 111 110 106 79 58 58 61 80 87 65 70 92 75 85 84 86 90 100 93 76 88 83 87 88 91 88 91 93 98 99 88 102 101 90 99 101 89 83 91 89 79 59 57 57 56 57 57 56 56 57 64 87 95 95 113 144 155 157 156 157 157 157 
162 162 162 162 161 160 157 144 110 87 82 82 81 80 80 79 77 66 58 58 59 77 85 62 66 88 72 84 86 86 89 97 84 69 87 89 90 87 92 90 86 83 102 101 89 99 95 90 94 93 91 84 94 93 78 58 56 56 56 56 56 56 55 56 57 61 64 63 83 135 155 156 156 157 157 157 
162 161 160 160 159 159 156 135 85 63 61 61 60 59 58 58 57 57 57 57 59 73 79 60 64 81 69 82 95 88 77 86 69 59 75 91 87 74 82 91 75 75 93 84 73 90 91 78 77 88 80 69 83 85 67 56 56 56 56 56 55 55 55 56 59 69 73 73 90 135 153 154 155 155 156 156 
162 161 161 160 160 159 156 139 100 84 85 85 71 58 57 56 56 56 57 56 57 61 63 58 59 64 61 65 71 67 61 65 61 57 60 67 65 60 62 66 61 61 67 62 59 64 65 60 59 63 61 57 60 61 58 56 55 56 56 55 55 54 54 55 64 96 108 109 120 144 154 155 155 155 155 156 
162 161 160 159 159 158 155 145 125 112 109 109 84 58 56 56 55 56 56 56 57 59 59 58 59 59 58 58 60 60 57 59 61 58 57 58 57 57 58 59 57 57 59 59 57 57 56 56 56 56 57 56 56 56 57 56 55 56 55 54 54 54 54 55 62 93 105 106 121 146 154 155 155 155 155 156 
162 161 160 159 159 158 155 144 119 98 92 91 74 56 56 56 55 55 56 56 62 76 74 63 74 79 68 65 79 75 63 75 83 70 58 57 57 59 72 76 60 58 72 77 60 57 56 56 56 55 56 56 56 56 56 55 55 55 55 54 54 54 54 54 56 66 70 71 88 133 152 153 153 154 154 155 
160 160 160 159 158 158 155 136 90 65 63 62 58 56 56 55 55 55 55 56 72 90 89 75 93 97 85 78 92 89 76 94 100 85 60 56 56 62 86 91 64 66 92 94 63 56 56 56 55 55 55 55 55 55 55 55 55 55 55 54 54 54 53 53 55 59 62 62 79 128 150 152 152 154 154 154 
160 160 160 159 158 158 155 138 94 72 71 70 63 55 55 55 55 55 55 56 76 83 84 80 96 99 89 84 86 86 84 100 102 89 61 56 55 57 73 88 66 82 101 98 68 56 55 55 54 55 55 55 55 55 55 55 55 55 54 54 54 54 53 53 58 82 94 94 106 137 151 153 153 154 155 155 
159 159 159 159 158 157 154 144 121 105 101 100 80 57 55 55 55 55 54 56 73 89 88 80 93 90 88 82 91 89 82 96 93 88 61 55 55 55 68 86 67 79 95 99 72 56 55 54 55 55 54 55 55 56 55 54 55 55 54 54 54 54 53 54 61 94 109 109 122 145 152 153 153 153 155 156 
159 159 159 160 159 157 155 147 126 105 98 98 80 58 55 54 54 54 55 56 63 81 78 67 81 87 76 67 81 78 67 82 88 75 59 55 55 55 62 73 60 59 68 78 62 56 55 55 54 54 54 54 54 56 55 54 54 54 54 53 53 53 53 54 57 73 81 81 96 135 152 153 153 154 154 155 
158 158 158 158 159 158 154 139 100 72 67 67 62 55 54 54 54 54 55 56 57 60 59 57 60 63 59 57 60 60 58 61 62 58 56 56 56 56 57 57 56 56 56 59 56 55 55 55 55 55 55 55 55 55 55 54 54 55 54 53 53 53 53 53 54 56 58 58 73 125 150 153 153 153 153 153 
159 159 158 158 158 157 154 136 88 64 62 61 58 54 54 54 54 54 55 56 61 67 68 69 68 68 68 69 70 69 69 69 69 69 68 68 69 69 69 69 70 70 69 69 70 70 71 71 71 71 71 71 72 72 72 72 71 71 70 61 53 52 52 52 55 69 78 79 92 131 150 152 151 151 152 153 
159 159 159 158 157 156 154 143 113 95 92 90 75 56 54 53 53 54 54 56 76 101 104 105 105 105 106 106 106 106 106 106 106 106 106 107 106 106 106 106 107 108 107 106 107 107 107 107 107 107 107 107 108 108 108 107 107 106 101 76 55 52 52 52 57 89 106 107 118 142 151 152 152 152 153 154 
158 158 158 158 157 156 154 146 128 109 102 101 82 57 54 53 53 53 54 56 81 113 116 117 118 118 119 119 119 120 120 120 119 119 119 120 119 119 119 119 118 118 118 118 117 118 117 117 117 116 116 116 116 116 117 117 116 114 108 78 55 53 52 52 56 80 92 92 107 138 150 152 152 151 153 153 
158 158 159 159 157 156 154 142 111 83 76 75 66 53 53 53 53 53 53 56 81 112 115 116 117 117 118 118 118 119 119 119 119 119 118 119 118 118 118 118 118 118 117 117 116 117 117 117 116 115 115 116 115 115 116 115 115 114 108 78 55 52 52 52 53 57 60 60 74 122 148 151 151 151 153 154 
159 159 158 158 157 155 153 136 88 60 58 58 55 52 52 53 53 53 53 55 80 111 114 115 115 116 117 117 117 118 118 117 114 113 114 117 117 114 117 117 116 116 116 116 116 116 116 116 115 115 115 115 115 115 115 114 114 113 108 79 55 52 52 51 52 58 63 64 76 122 148 152 152 152 153 154 
159 158 157 157 156 156 153 140 104 81 78 78 67 54 52 52 53 53 53 55 78 110 114 114 115 117 117 117 117 117 117 109 90 89 91 107 108 91 107 110 102 113 115 115 115 116 115 116 115 114 114 114 114 115 114 114 113 113 107 78 55 52 52 51 54 78 95 97 107 136 150 152 152 152 152 153 
157 157 157 157 155 155 153 145 126 106 99 98 80 55 53 52 53 53 53 55 79 111 114 114 116 117 116 117 117 117 117 103 80 93 81 94 94 74 90 103 91 111 116 115 115 115 115 115 114 115 114 114 114 115 114 113 113 113 107 78 54 52 51 51 54 81 99 100 113 138 149 151 152 153 153 153 
156 157 156 155 155 154 152 143 119 92 83 82 70 53 52 52 52 52 52 54 79 111 115 115 116 117 117 118 118 118 117 102 76 88 88 98 81 73 76 94 89 111 116 115 116 116 116 115 114 115 115 115 115 115 113 113 114 113 107 79 54 51 51 50 52 62 69 69 80 123 148 151 151 153 153 153 
157 156 156 155 154 154 151 137 92 61 57 57 55 52 51 51 52 52 52 55 79 111 116 115 115 117 117 117 118 118 117 104 83 100 108 103 82 86 79 85 84 103 111 115 116 116 115 114 114 115 115 114 114 114 113 113 114 113 108 79 53 51 50 50 51 53 55 56 66 115 146 149 150 150 152 151 
156 156 155 155 155 154 151 138 96 68 65 64 59 53 51 52 52 51 52 55 78 111 115 115 115 117 117 117 117 118 117 110 100 113 116 108 103 112 102 95 90 95 104 114 115 115 115 115 114 115 115 114 114 113 114 114 114 113 108 80 53 50 50 50 52 68 80 81 91 127 147 150 149 149 150 150 
157 156 155 154 155 154 153 144 120 97 92 89 74 54 51 51 51 51 52 54 77 109 113 113 114 115 115 115 116 116 116 115 114 115 115 115 115 116 114 112 111 111 112 114 114 114 113 113 112 112 113 113 112 111 112 112 112 111 107 79 53 50 50 51 53 80 99 99 111 138 148 150 150 150 150 151 
156 156 154 153 153 154 152 144 123 97 89 88 73 53 51 51 51 51 51 53 67 87 90 90 92 92 92 93 94 94 95 94 94 95 95 95 95 95 94 94 94 94 94 94 94 93 93 92 91 91 91 92 91 89 90 91 90 88 85 67 52 50 51 50 52 69 80 78 89 126 146 149 149 149 149 150 
156 156 154 152 152 152 151 138 100 68 63 62 58 52 51 50 51 51 51 51 54 57 57 58 58 58 58 59 59 60 59 59 59 59 59 59 59 59 59 59 58 59 59 59 59 59 59 59 58 58 58 58 58 57 57 57 57 56 56 53 50 49 49 49 50 52 54 53 62 110 145 149 149 148 148 149 
155 156 156 154 153 152 151 137 91 60 58 57 54 51 50 50 51 50 50 50 51 51 51 52 51 51 51 52 51 52 52 51 51 51 51 51 51 51 51 52 51 51 51 51 51 50 51 51 51 51 51 51 50 50 50 50 50 50 50 50 50 49 49 49 50 59 66 67 76 117 146 150 150 150 149 149 
153 154 155 155 154 153 151 142 114 90 84 82 70 52 50 50 51 50 50 50 50 51 51 51 51 51 51 51 51 51 51 50 50 50 50 50 50 50 50 51 51 51 50 50 50 49 50 50 50 50 50 49 49 49 49 49 49 49 49 48 48 49 48 49 51 75 93 95 106 133 146 148 149 150 150 149 
154 154 155 155 155 154 150 143 127 105 94 91 76 53 50 50 50 50 50 50 50 50 50 51 51 50 50 51 50 50 50 50 50 50 50 49 50 49 50 50 50 50 49 50 50 50 49 50 49 49 49 49 49 49 49 49 49 49 49 48 48 48 48 49 51 71 87 88 99 128 145 148 150 150 150 150 
155 155 155 155 155 153 150 140 112 80 71 70 62 52 51 51 50 49 50 51 50 50 50 51 51 49 50 51 50 50 49 50 51 50 50 50 51 50 49 50 51 51 49 49 50 52 51 50 50 52 51 49 49 51 52 51 49 51 54 52 49 49 52 53 51 54 59 59 65 107 143 148 149 149 150 149 
156 155 154 154 154 153 151 138 90 56 53 51 51 54 65 67 54 51 62 68 58 50 58 69 63 51 53 67 68 55 51 63 71 60 50 58 71 66 51 53 68 72 57 50 62 75 65 51 56 73 71 54 51 68 77 62 50 62 78 70 52 54 75 78 58 48 48 49 53 97 141 148 148 149 149 149 
154 155 154 153 152 152 150 138 87 53 50 49 50 58 83 86 60 53 76 90 68 51 67 91 80 54 58 87 89 60 52 77 93 71 51 65 92 84 55 56 85 93 65 51 74 95 77 52 61 90 88 58 53 80 95 70 51 68 94 83 54 57 88 92 63 48 48 48 52 95 141 148 149 149 150 149 
153 154 154 154 153 152 150 137 87 53 50 49 49 58 85 88 61 53 78 92 69 51 68 94 82 54 58 88 91 61 52 77 94 72 51 65 92 84 54 55 86 94 66 51 74 96 78 53 61 91 89 58 52 80 95 70 51 68 95 84 55 57 89 93 63 48 48 48 54 96 142 149 150 150 150 150 
154 154 154 153 153 152 150 138 98 60 51 49 50 59 80 82 60 53 74 86 69 51 67 86 78 54 58 82 85 61 53 74 86 71 52 65 85 81 55 56 80 87 65 51 71 86 75 53 61 82 83 58 53 73 83 68 51 65 80 77 54 57 75 80 62 48 49 53 74 117 144 149 149 150 150 150 
155 155 153 153 152 150 149 142 121 86 61 56 55 60 66 67 58 54 63 65 62 53 62 64 64 54 58 64 66 58 55 63 64 63 54 61 64 65 55 57 63 65 60 53 61 62 63 53 59 61 64 56 55 59 61 59 52 57 57 60 53 55 57 60 58 54 61 79 112 139 147 147 148 149 150 151 
154 154 153 153 152 151 149 144 131 110 85 72 68 66 63 61 58 56 57 56 56 55 57 56 56 55 56 56 56 55 55 56 55 57 55 56 55 56 55 55 55 55 55 54 55 54 55 53 55 54 55 54 53 53 53 53 52 53 51 52 51 52 53 55 58 62 75 106 131 143 147 148 148 149 149 151 
153 153 153 152 151 151 150 143 131 115 93 79 74 70 66 63 60 57 57 57 56 56 57 56 56 56 56 56 56 56 55 56 56 57 57 56 56 55 56 56 56 55 54 54 54 55 55 54 54 54 54 54 54 53 53 53 53 52 52 52 52 53 55 57 60 65 82 112 134 143 146 147 148 148 148 149 
152 152 152 152 152 152 150 143 131 115 94 80 76 73 69 67 63 60 59 58 57 57 57 57 57 57 56 57 56 56 55 55 56 57 57 57 56 56 56 56 56 55 55 55 55 55 55 54 54 54 54 54 54 54 54 53 52 53 53 53 54 55 57 59 62 69 88 115 134 144 147 147 147 147 148 148 
151 151 151 152 153 152 150 142 131 116 95 82 78 75 72 70 67 64 62 60 60 59 58 57 58 58 58 58 57 57 57 56 57 57 57 57 57 57 57 56 56 55 56 57 56 56 56 55 55 55 55 55 55 55 55 54 55 55 55 55 56 57 60 62 65 72 93 118 135 144 147 148 147 148 148 147 
152 152 152 153 152 151 149 143 131 116 97 83 79 77 75 73 71 69 66 65 63 62 61 60 60 60 60 61 60 60 60 60 60 60 60 59 60 60 59 59 59 59 59 59 60 59 59 58 58 58 58 58 58 58 58 58 58 59 59 60 61 62 64 65 69 78 97 119 135 144 146 147 149 149 149 149 
153 153 153 152 151 150 149 144 133 119 101 87 83 82 81 79 77 75 73 71 70 69 69 67 67 67 67 67 66 66 67 66 65 66 65 65 65 65 66 66 65 66 66 66 66 66 66 65 65 65 66 65 64 65 65 66 66 67 68 69 70 71 72 72 76 89 108 124 137 145 146 147 148 149 149 150 
153 152 152 152 151 151 150 146 139 128 114 100 95 97 99 98 96 96 94 92 91 91 90 89 88 89 88 88 87 88 88 87 86 87 88 88 88 88 88 88 87 88 89 88 88 89 89 89 89 90 91 91 90 91 92 93 94 95 97 98 98 98 96 92 96 109 123 134 143 147 147 147 148 148 149 149 
152 151 151 152 151 151 150 149 146 141 135 128 125 126 128 128 128 128 126 125 125 124 124 123 123 123 123 123 123 123 122 121 122 123 123 123 123 124 124 123 123 123 123 123 124 124 124 124 124 125 126 126 126 127 128 127 128 129 130 131 131 132 131 129 130 134 139 144 147 148 148 148 148 148 148 149 
152 151 151 152 152 151 150 149 149 148 147 146 146 144 143 143 144 144 143 142 142 142 142 141 141 141 141 142 142 142 142 142 142 141 142 142 142 142 141 141 142 141 141 141 141 142 142 141 141 142 142 142 144 144 144 143 143 143 143 143 144 145 145 145 146 146 146 147 148 149 149 149 149 148 149 150 
151 152 151 152 152 151 150 149 149 150 150 150 149 148 148 148 148 147 146 146 147 147 147 146 146 146 146 146 147 147 147 147 146 145 144 145 145 145 145 147 146 145 144 145 144 144 144 145 145 145 146 147 147 147 146 145 145 146 145 145 146 147 147 146 147 148 148 148 148 148 148 148 148 148 148 149 
151 151 151 152 151 149 150 151 151 150 149 149 149 149 149 149 149 148 148 148 148 147 147 148 147 147 148 148 148 148 148 147 147 146 146 147 147 147 147 147 146 146 146 145 145 146 146 147 147 147 147 147 147 147 146 146 145 146 146 146 147 147 148 148 148 148 149 149 148 149 148 149 149 148 149 149 
