163 163 163 164 165 165 165 165 165 166 167 166 165 165 166 166 167 166 166 164 165 164 164 165 165 165 164 162 143 99 71 64 64 64 66 78 132 169 173 174 176 175 174 175 175 175 175 174 174 176 176 176 175 173 175 175 176 175 175 175 175 176 176 175 176 176 176 176 177 177 176 174 175 174 176 177 177 176 177 177 
163 163 163 164 164 165 165 165 166 165 165 165 165 165 166 165 166 165 165 164 164 164 164 164 164 164 159 151 140 116 90 69 63 63 68 92 138 160 164 172 175 175 173 175 176 176 177 175 175 176 176 176 175 174 175 176 176 175 175 175 174 175 176 175 175 176 176 176 177 177 176 175 175 174 175 176 177 176 177 177 
162 163 163 163 164 164 164 165 166 166 165 164 165 166 166 165 165 165 164 163 164 165 165 164 162 157 130 103 113 126 120 90 67 66 88 121 133 119 120 157 172 174 174 174 175 176 177 176 176 176 176 177 176 175 175 176 177 176 175 175 174 174 175 176 176 176 176 176 176 176 177 176 175 175 175 176 176 176 176 177 
163 163 163 163 164 164 164 164 165 166 165 165 166 165 165 164 165 165 165 163 163 164 164 162 157 140 99 70 77 105 124 105 71 70 104 125 105 76 82 135 170 174 175 174 175 175 176 177 177 176 176 177 176 175 175 176 177 176 176 176 175 175 175 175 175 176 177 177 175 175 177 175 175 175 175 176 177 176 176 176 
163 163 163 163 163 163 164 164 165 165 164 165 165 165 163 162 163 164 165 163 162 162 160 153 143 129 109 84 68 75 93 79 64 65 81 93 74 69 92 136 159 163 172 174 175 176 177 177 177 176 174 176 176 175 175 176 176 176 177 177 176 175 176 176 176 176 177 177 176 174 175 175 175 175 174 175 176 176 176 176 
164 164 163 163 163 163 164 164 164 164 164 164 164 165 165 163 162 163 163 163 162 160 152 124 99 106 118 112 86 66 65 62 61 63 64 66 66 88 122 133 118 116 153 173 174 176 176 176 177 177 175 175 175 175 175 176 176 176 176 176 176 175 175 176 175 175 176 177 177 176 175 176 176 175 176 175 175 177 177 176 
164 163 162 163 163 163 162 162 163 163 164 164 163 164 165 164 162 162 162 162 160 154 137 98 69 75 100 116 99 69 62 62 61 62 62 63 68 101 126 108 77 78 129 169 174 175 176 176 177 178 178 176 175 175 176 177 176 176 176 176 176 175 176 176 175 174 175 177 176 176 176 176 176 176 176 175 175 175 176 176 
164 163 163 163 163 163 163 163 163 164 164 163 162 162 162 163 162 161 161 160 152 141 127 109 83 66 73 90 77 63 61 61 61 61 61 62 64 78 93 76 68 90 133 157 162 171 176 175 176 177 178 178 176 175 176 177 176 176 176 176 176 175 174 175 175 174 175 177 177 175 175 176 176 176 176 176 175 175 174 175 
163 163 163 163 163 163 163 163 162 163 163 163 162 161 162 162 162 161 159 152 124 99 107 119 111 83 65 65 62 61 61 61 61 61 61 62 63 64 66 66 86 122 134 119 111 147 172 176 176 176 177 179 178 176 177 177 176 175 174 175 176 176 174 175 175 175 175 176 177 176 174 175 176 176 176 176 175 175 175 175 
163 163 163 162 162 163 163 163 162 162 162 162 163 161 161 162 162 160 154 135 95 66 76 104 119 98 66 61 60 60 60 61 61 61 61 61 62 63 63 68 99 128 112 79 76 123 167 175 175 176 176 177 178 177 177 177 177 176 175 175 175 176 175 175 175 176 175 176 177 177 175 174 176 176 176 176 175 175 176 176 
163 163 163 162 162 162 163 163 162 162 161 162 162 161 161 161 160 154 142 127 105 78 65 75 92 76 61 60 60 60 60 61 62 62 62 62 61 62 62 63 76 93 78 69 88 131 157 161 170 176 176 176 176 177 176 176 177 177 176 176 176 175 176 177 176 175 176 176 176 176 176 175 175 175 176 177 177 176 175 175 
161 162 162 162 162 162 162 162 162 162 162 161 162 161 161 157 151 124 101 109 119 108 79 64 63 60 59 60 60 60 60 60 61 61 62 61 61 62 61 62 64 66 66 86 122 136 123 111 144 172 176 177 176 176 177 176 176 178 177 176 176 176 177 177 177 176 176 176 176 175 175 176 176 175 176 176 177 176 175 175 
161 161 162 162 162 162 162 162 162 162 162 162 161 160 159 152 134 93 66 77 105 117 96 65 59 59 60 60 59 60 61 60 60 60 61 61 61 61 61 62 63 62 66 96 128 117 83 75 117 165 175 178 178 176 176 175 175 176 176 176 176 176 176 177 177 177 176 177 176 176 176 176 176 176 176 176 176 176 175 175 
162 161 161 162 162 162 161 161 162 162 162 161 160 157 153 142 126 103 75 64 75 92 76 60 59 60 60 59 59 60 60 60 60 61 61 61 61 61 61 62 62 63 64 74 92 80 69 85 127 155 160 171 176 177 176 176 176 175 175 176 176 175 176 175 176 177 176 176 175 175 177 176 176 175 175 175 175 176 177 176 
162 161 160 161 162 161 161 160 160 161 161 160 158 149 123 105 111 116 103 75 62 63 60 59 59 60 59 59 59 59 60 61 61 61 61 61 60 61 62 62 62 63 63 63 65 65 81 118 136 123 107 139 170 176 175 175 176 175 175 176 176 175 176 175 176 177 176 176 174 174 176 176 176 176 175 175 175 174 175 177 
160 161 160 160 161 161 160 160 159 159 160 159 153 134 90 66 79 104 115 93 63 59 59 59 59 59 60 60 60 60 60 60 61 61 61 60 60 61 61 61 61 62 62 62 63 65 91 125 119 85 73 110 161 174 176 176 176 176 176 177 177 176 177 176 176 177 176 177 176 175 176 176 176 176 176 176 175 175 174 176 
158 159 160 161 160 160 159 159 159 159 156 152 143 127 100 72 63 77 94 76 60 58 58 59 59 59 60 60 60 61 60 60 60 61 61 61 61 61 61 60 61 62 62 62 63 63 72 91 83 69 82 122 154 160 168 176 177 175 176 177 177 177 177 177 177 177 177 176 175 174 175 176 176 176 176 176 176 176 174 175 
160 159 159 160 160 159 159 158 158 156 148 124 107 113 115 99 72 61 64 60 59 58 59 59 58 59 59 59 60 61 60 60 61 60 61 61 61 61 61 62 62 62 63 62 63 64 64 66 66 78 115 136 127 108 133 168 176 175 175 177 177 176 176 177 177 177 177 176 175 174 175 175 175 175 175 175 176 176 175 175 
159 159 159 160 159 158 158 158 156 151 132 88 67 80 105 114 98 72 60 58 58 59 59 59 59 59 59 59 60 61 60 60 61 60 61 61 61 61 61 63 69 67 63 62 63 63 63 63 65 86 124 122 89 73 104 158 173 175 175 176 176 176 176 176 177 176 176 176 176 175 174 175 175 174 175 175 174 175 175 175 
159 158 159 160 158 158 157 155 150 141 124 93 68 62 79 104 113 100 72 59 58 58 58 58 59 59 62 66 64 60 60 60 61 60 60 61 61 61 61 66 90 87 67 62 62 62 63 64 64 71 91 86 69 78 117 152 159 167 174 175 176 176 177 176 177 177 177 176 177 177 175 175 176 174 175 175 174 174 175 175 
159 158 158 159 158 156 155 148 125 109 112 109 93 69 61 78 103 113 100 73 60 58 58 58 59 65 81 91 84 65 61 60 60 60 60 61 61 61 61 68 103 112 88 68 62 62 64 64 64 64 66 66 75 109 133 130 111 131 168 176 176 176 177 176 177 177 177 177 177 176 176 175 175 174 175 176 175 174 174 174 
159 158 158 159 158 156 151 133 89 67 82 103 109 86 60 61 76 102 113 99 69 58 57 58 61 80 92 87 94 73 64 60 60 60 60 60 61 61 61 69 106 121 112 88 68 63 63 63 63 62 63 65 82 120 125 94 73 99 156 174 176 176 177 177 176 177 177 177 177 176 176 176 176 175 174 175 175 174 174 174 
158 157 157 157 155 150 143 124 91 65 63 80 94 74 58 57 60 75 100 98 69 58 58 58 63 89 89 89 91 86 74 62 61 61 60 60 60 61 61 71 109 123 121 112 89 68 62 62 62 62 63 64 70 89 89 70 75 111 150 159 167 174 176 176 176 177 177 177 177 176 176 176 175 174 174 174 174 174 174 174 
158 157 156 155 147 126 113 112 105 86 65 60 64 57 56 57 57 59 70 69 58 58 60 61 62 80 91 88 83 94 83 76 65 61 61 60 60 61 61 73 112 124 122 120 111 83 63 61 62 63 64 64 64 66 66 72 104 132 129 110 127 165 176 175 176 176 176 176 177 177 176 175 175 174 174 175 174 173 173 174 
156 156 155 150 132 88 69 83 101 104 80 58 56 56 56 56 56 56 57 58 58 59 71 79 65 63 66 68 90 102 92 82 78 69 62 60 60 61 61 75 114 124 122 122 117 90 64 61 62 62 63 64 64 64 64 78 116 124 94 73 94 151 174 175 176 177 176 176 176 177 176 176 175 174 174 175 175 174 174 175 
154 154 150 142 123 87 62 61 81 94 73 56 55 55 55 55 56 56 56 57 58 59 77 98 81 63 59 65 90 87 71 69 86 90 69 61 60 61 62 79 117 124 123 122 117 88 64 62 62 62 62 63 63 63 64 69 86 89 71 74 106 148 160 166 176 176 176 176 176 177 177 176 176 176 175 176 175 175 174 174 
152 146 128 116 113 103 82 61 60 65 58 55 54 55 55 55 56 56 56 57 59 69 88 87 81 76 65 61 67 64 67 81 92 91 73 64 61 61 62 82 118 124 124 123 117 87 64 62 62 62 62 62 63 64 64 64 67 67 69 98 130 133 113 125 164 175 175 176 176 177 177 175 175 177 176 175 174 175 175 175 
146 130 88 70 85 101 101 77 57 54 55 54 54 55 55 55 55 56 56 57 63 84 82 64 68 91 86 65 59 62 79 87 76 75 87 85 68 61 62 83 118 124 124 123 116 85 64 62 64 64 63 61 61 63 63 63 64 65 75 113 129 103 76 90 147 172 174 175 176 176 177 176 175 176 177 176 174 172 173 175 
137 121 82 60 61 82 94 73 56 54 54 54 54 55 55 55 56 58 59 58 61 69 62 60 74 95 92 77 63 60 66 65 65 85 98 96 76 61 62 73 102 120 124 123 115 87 79 83 84 85 82 69 63 63 63 63 63 64 67 86 94 74 72 100 143 159 165 173 175 176 176 176 175 175 176 176 175 173 172 174 
117 112 97 76 59 60 65 57 54 54 54 54 54 54 54 55 60 72 79 68 58 58 58 70 89 80 77 91 82 64 60 61 76 99 106 98 74 66 66 63 75 102 120 123 114 90 100 113 116 116 113 94 72 63 63 63 62 63 64 66 68 69 94 128 134 116 121 159 173 175 175 175 174 174 174 175 176 175 173 173 
74 85 97 96 72 55 52 53 54 53 53 54 54 55 55 58 75 86 91 79 60 58 59 73 76 70 86 91 93 76 61 61 75 95 98 92 89 93 87 65 62 74 101 119 113 85 92 113 121 121 120 114 96 72 64 62 62 63 64 64 65 73 109 130 108 79 86 139 170 174 174 174 174 175 175 175 175 174 173 173 
54 61 80 91 71 54 52 53 53 53 53 54 55 55 56 65 88 82 86 76 74 68 59 60 64 87 90 77 91 81 74 67 63 69 72 92 108 105 87 70 66 63 74 100 107 80 75 97 118 122 121 120 115 97 74 64 62 63 63 64 64 67 84 96 78 72 97 140 158 163 172 175 174 174 175 174 175 174 174 175 
59 55 60 65 56 53 52 53 53 53 53 53 55 57 57 65 86 88 82 86 98 88 64 57 62 85 92 90 91 93 98 85 64 60 60 78 104 94 82 91 87 68 63 73 92 95 88 86 112 122 121 121 120 116 98 73 63 62 62 63 64 64 66 68 69 91 126 136 118 118 156 175 175 174 174 175 174 174 175 175 
81 66 54 52 52 52 52 53 53 53 53 54 60 72 65 58 64 69 85 96 100 92 68 61 60 65 76 81 92 103 90 81 71 63 59 68 82 79 91 96 96 73 61 62 72 96 108 104 113 117 116 115 115 113 107 90 68 62 62 63 63 63 64 64 71 105 131 113 80 82 134 170 174 174 174 174 173 173 174 174 
83 68 53 51 52 52 53 53 53 53 54 59 81 105 93 68 57 63 88 90 93 81 80 85 71 58 59 72 88 81 79 77 87 70 60 60 64 82 101 105 93 67 60 60 62 70 82 85 86 85 84 83 83 82 80 75 65 62 61 62 63 63 64 64 67 83 98 79 70 90 134 157 162 171 173 173 172 172 172 173 
60 54 51 52 52 52 52 53 53 54 58 81 107 116 113 94 68 59 72 84 81 86 88 91 78 59 58 63 64 60 73 92 84 76 72 60 60 75 92 87 70 61 60 60 60 60 62 63 63 63 63 62 62 62 63 62 62 62 62 62 62 63 63 64 64 66 69 68 86 121 134 120 116 149 170 172 171 172 172 172 
52 51 51 51 52 52 52 52 53 58 79 106 114 115 117 114 95 67 58 61 70 91 84 88 76 75 70 60 57 59 84 91 80 90 79 70 64 61 65 63 60 60 60 60 60 59 60 60 61 61 62 61 61 61 62 61 61 62 62 62 62 62 63 64 64 64 64 69 100 128 115 84 76 105 148 169 172 172 172 172 
51 51 51 51 52 52 52 53 58 79 106 113 114 115 117 118 115 95 67 57 65 86 88 84 91 99 91 66 57 59 78 91 92 88 89 93 79 61 59 59 59 59 60 60 60 59 59 60 60 60 61 61 61 61 61 61 62 62 61 61 61 62 62 63 63 64 63 66 80 98 83 68 67 75 107 154 170 171 171 172 
50 50 51 51 52 52 53 58 79 106 114 114 114 115 116 117 119 115 95 68 59 64 69 89 100 102 92 66 57 58 63 73 77 89 89 92 85 66 62 59 58 59 59 59 59 59 60 60 59 59 59 60 60 60 60 61 62 62 61 61 62 62 62 63 63 64 64 64 66 69 67 65 66 68 88 144 168 169 170 171 
50 51 51 51 51 52 57 79 106 115 115 114 115 116 116 117 118 119 116 96 69 58 64 90 93 94 73 58 57 57 57 58 66 92 91 92 88 90 83 64 58 59 59 59 59 59 60 60 60 60 60 60 60 60 60 60 61 61 61 61 62 62 63 62 62 63 64 64 67 76 71 65 66 70 97 149 168 169 170 169 
50 50 50 50 51 54 73 105 114 115 115 115 116 117 117 117 118 118 119 116 95 68 59 71 83 74 59 56 56 57 58 57 61 78 82 78 94 96 93 70 60 59 59 59 59 59 60 60 60 60 60 60 60 60 60 61 61 61 61 61 62 62 62 62 62 62 64 65 84 111 99 73 68 89 135 163 169 170 171 170 
49 50 50 50 51 54 74 104 114 115 115 116 117 117 116 116 117 118 119 120 116 95 68 58 59 57 55 55 55 62 73 67 59 60 64 83 101 103 92 77 77 65 59 58 59 59 59 59 59 59 60 59 59 60 60 60 61 60 61 61 61 62 62 62 62 63 63 65 90 120 122 99 93 130 160 167 168 169 170 170 
49 50 50 50 50 51 57 78 104 114 116 117 117 117 117 117 117 117 118 119 120 115 96 68 56 55 55 55 55 68 94 81 60 57 60 79 94 94 89 98 99 81 61 59 59 59 59 59 59 59 59 59 59 60 60 60 60 60 60 61 61 61 62 63 63 66 73 68 72 97 120 125 136 157 165 167 167 168 169 170 
58 53 50 50 51 51 52 57 79 105 116 117 117 117 118 117 117 117 117 118 119 119 116 96 68 57 55 55 61 81 87 67 58 58 58 62 67 77 97 100 100 84 68 64 60 59 59 58 59 59 59 59 60 60 60 60 60 60 60 61 62 62 61 62 64 81 105 93 71 74 111 147 159 164 165 167 168 168 168 169 
82 66 51 50 50 51 51 52 58 80 106 116 117 117 118 118 117 112 103 110 118 119 120 116 96 69 57 57 71 84 69 66 72 78 70 58 58 73 96 95 92 89 95 87 66 59 58 58 58 59 59 59 59 59 59 59 60 60 60 61 61 62 61 62 64 90 119 117 93 84 121 154 161 163 164 166 168 168 167 167 
82 66 51 50 50 51 51 51 52 58 80 106 116 117 118 117 112 92 80 90 109 117 119 120 116 96 68 57 62 63 67 92 99 100 77 58 57 61 77 84 88 102 102 89 68 60 59 58 59 59 59 59 59 59 59 59 59 59 60 60 60 61 62 69 66 72 98 118 119 125 148 159 161 162 163 165 167 169 167 167 
56 52 53 59 53 51 50 51 51 52 59 81 107 116 117 113 93 75 92 87 94 116 118 118 119 115 96 68 57 56 62 91 104 86 62 57 56 56 58 64 86 92 93 79 75 78 66 59 59 59 59 59 59 59 59 59 60 60 59 60 61 61 75 100 89 69 73 107 141 152 157 160 162 162 163 164 166 168 169 169 
49 54 73 86 68 51 50 50 51 51 52 58 82 108 116 107 90 92 89 81 94 113 114 117 118 119 115 97 69 57 58 81 91 69 56 56 56 56 56 59 75 88 86 86 92 95 79 60 58 58 58 59 59 59 59 59 59 59 59 60 60 63 89 119 117 91 78 115 150 158 159 159 161 161 163 164 166 167 168 169 
58 72 92 92 70 51 49 50 50 51 51 52 59 82 108 113 111 113 105 97 98 90 93 114 118 118 119 116 97 68 57 62 62 58 55 55 56 56 55 56 60 64 73 94 87 91 73 59 58 57 57 59 59 59 58 59 59 59 60 61 63 64 74 101 120 116 118 144 156 159 161 160 160 161 162 164 165 166 167 169 
65 75 89 73 54 52 58 53 50 50 51 51 52 58 82 108 116 116 107 88 75 74 87 113 115 117 118 118 115 96 69 56 55 55 55 54 54 54 55 56 56 56 68 92 93 80 62 58 57 57 57 58 58 58 59 59 58 59 60 71 93 82 67 74 108 139 148 155 158 159 161 161 161 161 163 164 165 165 166 169 
55 61 68 54 52 69 85 69 51 49 50 51 51 52 59 82 108 115 105 94 80 72 96 103 103 115 117 118 118 115 97 70 56 55 55 55 54 55 55 55 56 56 59 69 71 61 58 57 58 57 57 58 58 58 58 58 58 58 61 86 116 112 85 73 110 148 156 156 157 159 161 161 162 164 163 164 165 166 166 168 
55 57 54 54 68 90 93 73 52 50 50 50 50 51 51 59 83 108 115 115 95 78 94 88 102 115 116 117 117 117 115 97 70 57 54 54 54 55 55 55 55 56 56 57 56 56 57 57 57 57 58 58 57 58 58 58 58 61 62 74 101 118 114 112 139 155 156 157 158 159 161 161 162 164 164 165 165 165 166 167 
57 56 55 60 74 90 77 56 52 57 53 50 50 50 50 52 59 82 108 115 102 86 84 100 114 115 115 115 116 117 117 115 98 70 57 54 54 54 55 55 55 55 56 56 56 55 56 56 56 57 57 57 57 57 58 59 68 86 77 63 74 108 138 148 154 158 158 158 159 159 161 163 163 163 165 166 166 165 166 166 
57 56 56 55 62 71 56 51 66 84 70 52 50 50 50 51 52 59 82 107 112 95 88 110 116 115 115 115 116 116 117 117 115 98 70 57 54 54 55 56 55 55 55 55 55 56 56 56 56 56 56 56 57 57 58 61 86 114 106 77 70 106 146 156 158 158 158 158 159 159 160 162 163 164 164 166 166 167 167 166 
57 56 56 55 56 55 54 65 87 94 76 53 50 49 49 50 51 52 59 81 107 110 99 105 115 115 115 115 115 116 116 116 116 114 98 71 56 54 56 57 55 55 55 55 55 56 55 56 56 56 56 56 57 58 59 60 75 104 116 106 104 134 153 156 158 159 158 158 160 160 160 161 162 163 164 165 165 166 166 166 
58 57 56 56 55 54 60 73 89 80 58 51 56 53 49 49 50 51 52 58 81 107 112 112 115 115 116 115 115 116 116 115 116 116 114 98 72 57 55 55 55 55 55 55 55 54 54 55 55 56 55 56 58 64 79 70 62 76 107 132 143 153 156 157 158 159 159 159 161 161 161 162 162 162 164 165 165 165 166 167 
60 59 57 56 56 55 55 61 72 59 51 61 81 71 52 49 50 50 51 51 58 81 107 115 115 116 116 116 115 114 114 115 115 115 116 114 99 72 56 54 54 55 55 55 54 54 54 54 54 55 55 56 60 83 110 100 73 66 103 145 154 156 157 157 158 158 159 159 160 161 162 163 163 163 164 164 165 166 166 167 
62 61 58 56 55 56 56 57 57 53 62 84 95 81 54 49 50 50 51 51 51 58 82 107 115 115 115 115 114 114 114 114 115 115 115 116 114 99 71 56 54 55 54 54 54 54 54 54 54 54 56 57 59 78 107 115 101 96 129 151 154 156 157 157 157 158 159 159 161 161 161 163 164 164 165 164 164 166 167 167 
68 65 61 58 56 56 57 57 55 59 72 90 85 62 50 54 53 50 50 50 50 51 58 82 106 114 115 115 114 115 115 114 113 114 115 115 117 115 99 71 56 54 54 54 54 54 54 54 54 55 61 74 66 62 80 110 131 138 149 155 155 155 156 157 157 158 159 160 161 162 161 163 164 164 165 165 164 165 166 167 
86 75 65 60 58 57 57 57 56 56 61 74 62 50 58 78 72 53 49 50 50 50 51 58 81 106 113 114 115 115 115 114 113 114 114 115 116 116 114 97 70 55 53 53 54 54 53 53 53 57 80 106 92 67 64 103 145 154 154 155 156 156 157 157 158 159 161 161 162 161 162 163 165 164 164 164 164 164 164 166 
111 96 74 64 61 58 57 57 56 56 57 58 52 58 80 96 86 57 49 50 50 49 50 51 58 80 104 113 115 114 114 115 115 114 114 114 114 115 115 111 91 61 53 53 53 53 53 53 54 57 80 108 112 95 89 126 151 156 155 156 157 157 158 157 158 159 160 161 163 163 162 162 163 165 164 163 163 163 163 164 
133 121 95 74 65 60 58 57 56 55 55 54 57 70 91 90 68 51 51 52 50 49 50 50 51 58 79 104 113 114 113 114 114 114 113 114 114 114 113 105 82 58 53 53 53 53 54 58 66 61 62 83 112 127 134 149 155 157 156 155 157 158 158 158 158 159 159 160 162 163 163 162 163 164 165 164 163 163 163 163 
143 138 122 97 75 64 60 58 56 56 56 56 56 60 76 67 52 55 73 72 55 50 50 50 51 52 58 80 104 113 113 114 113 113 113 113 113 112 105 82 60 53 52 52 52 54 56 77 99 84 62 64 104 143 152 154 154 155 157 156 157 159 160 160 159 159 160 161 161 163 163 163 163 163 165 165 165 164 164 163 
146 144 138 123 98 75 64 60 58 56 56 56 55 55 59 52 55 76 95 88 61 50 49 49 50 51 52 58 79 103 112 113 113 114 114 113 111 104 82 60 53 53 52 52 52 53 57 82 108 107 87 83 121 149 154 155 155 155 157 157 157 158 159 160 160 159 158 159 160 161 162 163 163 163 164 164 163 163 162 163 
146 145 144 139 123 97 75 64 60 57 56 55 55 54 53 55 67 89 92 72 53 51 52 49 49 49 50 51 57 77 103 112 114 114 114 111 104 81 60 53 52 52 52 52 55 61 57 62 86 110 121 128 144 152 154 155 155 155 156 157 157 158 159 159 160 160 159 160 161 160 160 161 161 162 163 163 163 163 162 162 
146 146 145 144 139 123 98 75 64 60 57 55 55 54 54 55 59 74 71 54 52 68 72 55 49 49 49 50 50 56 78 103 112 113 112 104 82 59 53 52 52 52 52 54 73 93 77 59 64 104 141 149 151 152 153 154 155 155 156 157 158 159 160 160 160 160 160 161 161 161 161 161 161 161 163 163 163 163 163 163 
147 147 147 145 143 138 123 98 75 64 60 57 56 55 55 54 55 59 54 54 70 92 90 63 49 49 49 49 49 50 57 78 102 111 106 83 59 52 52 51 52 51 52 57 83 106 102 80 78 118 148 152 153 153 153 154 155 156 156 157 157 158 160 161 160 160 160 161 161 161 162 162 162 162 163 164 163 162 163 164 
147 147 148 147 145 143 138 123 97 76 65 60 57 56 55 55 55 54 55 65 86 95 76 55 50 51 49 49 50 50 51 56 75 95 83 60 51 50 51 51 51 52 57 55 64 89 109 115 124 144 152 153 153 154 154 154 154 156 156 157 157 157 159 161 161 160 160 162 163 162 161 161 162 162 163 163 163 162 163 163 
147 147 148 148 147 147 144 138 123 98 76 64 60 57 55 55 54 54 55 58 74 75 55 51 64 71 56 49 49 49 49 51 55 64 58 51 50 50 50 50 52 68 85 69 55 65 107 140 148 151 153 153 153 153 155 155 155 156 157 158 158 158 159 159 161 162 161 162 163 162 162 161 160 162 162 162 162 161 161 163 
149 149 149 148 147 146 145 144 138 123 98 75 64 60 57 55 54 54 54 54 60 55 51 65 88 92 67 50 49 49 49 50 50 51 50 50 50 50 49 50 56 83 102 95 72 72 116 147 151 152 152 152 154 154 155 155 156 157 157 158 159 160 160 159 160 162 162 162 162 162 162 161 160 160 161 162 163 163 162 162 
149 149 149 148 147 147 146 145 144 138 124 98 76 64 59 57 55 54 54 54 53 53 61 81 95 81 58 50 51 50 49 49 49 50 49 50 51 50 51 54 54 67 91 106 108 117 140 150 152 152 151 151 152 153 155 156 156 158 158 158 159 160 160 160 160 161 162 161 162 163 163 162 161 160 161 162 162 163 162 162 
149 149 148 148 148 149 147 145 144 143 139 124 99 76 64 59 56 54 54 54 53 54 57 71 78 59 51 61 71 58 49 48 49 49 49 49 50 51 65 77 63 55 68 107 136 146 150 151 151 151 152 152 152 153 154 155 157 157 157 158 158 159 160 160 160 161 161 160 161 162 162 162 162 162 161 162 161 161 162 162 
148 149 148 148 148 149 149 147 145 144 144 139 123 99 75 63 59 56 54 54 54 53 53 59 56 51 62 85 93 71 51 48 48 48 48 49 49 56 83 99 86 65 68 113 144 150 152 152 152 151 152 153 153 154 155 156 158 158 156 157 159 159 159 160 161 161 161 160 161 162 162 162 162 162 162 161 161 161 161 162 
148 149 149 149 149 149 149 148 147 146 145 143 138 124 100 77 64 59 56 55 54 53 53 53 52 59 78 96 86 62 50 50 48 48 49 50 52 53 69 92 100 100 110 138 149 150 152 152 152 153 153 153 154 154 155 157 158 159 158 158 160 159 159 159 159 160 161 161 161 162 161 161 161 161 162 161 160 160 160 161 
148 149 149 150 150 150 148 148 148 147 146 146 144 139 126 101 76 63 58 56 55 53 53 53 53 55 68 82 64 51 57 69 58 50 50 63 73 58 53 69 105 133 143 148 150 151 152 152 152 154 154 154 154 154 155 157 157 158 159 159 160 160 159 159 159 158 160 161 161 161 160 159 160 160 161 161 160 160 160 160 
149 149 148 149 150 151 149 147 147 148 147 146 145 144 139 125 101 76 63 58 56 53 52 52 52 51 57 59 51 58 81 93 74 52 55 81 95 81 60 64 111 144 149 150 149 150 152 153 153 153 155 154 155 155 155 157 158 158 159 159 159 159 159 159 160 159 159 160 161 161 161 159 159 159 160 161 161 160 161 160 
149 149 148 149 149 150 150 149 147 147 147 147 147 147 145 140 126 102 77 64 58 56 54 53 52 52 51 51 57 74 96 90 66 50 52 71 92 99 93 102 134 147 150 151 149 149 152 153 153 153 154 155 155 155 155 155 157 158 159 159 158 159 159 159 160 160 160 159 160 160 161 160 160 158 158 160 161 160 160 161 
150 149 148 148 149 150 150 150 148 147 147 147 147 147 147 146 142 127 103 78 64 60 57 54 53 53 52 52 55 66 83 68 51 48 48 54 72 105 130 140 148 149 149 150 150 150 151 152 154 154 154 155 156 155 156 155 156 158 158 159 159 159 160 159 160 160 159 160 158 159 160 160 161 159 158 159 160 158 160 161 
150 149 148 148 149 152 153 151 149 148 147 147 147 147 147 147 146 141 127 104 80 65 60 57 55 54 54 53 53 58 62 51 48 48 48 49 61 109 141 147 149 150 149 148 149 151 150 151 153 155 155 155 155 155 156 157 158 158 157 159 158 157 158 158 158 159 160 160 159 158 159 160 161 161 159 158 159 159 159 160 
149 149 150 149 151 153 152 152 149 149 149 148 148 148 147 146 145 144 140 128 105 80 66 61 58 56 56 56 56 57 55 49 48 48 48 52 82 129 146 148 149 150 149 148 149 151 152 151 152 154 155 155 154 156 157 157 158 158 158 158 158 158 156 157 158 159 159 159 161 160 159 159 159 159 159 158 159 159 158 158 
