184 178 176 176 176 177 176 174 174 175 176 174 175 176 175 176 177 175 175 176 175 176 176 176 175 174 174 174 175 175 174 174 176 177 176 175 174 175 174 174 174 170 144 93 70 66 67 80 125 157 164 162 162 162 161 160 161 164 164 163 164 163 162 163 164 164 164 164 163 163 163 162 160 162 162 162 160 160 162 162 161 160 159 158 
178 176 176 176 176 176 175 174 175 175 175 175 176 176 176 176 176 175 176 176 176 176 176 176 175 175 175 175 176 175 175 175 176 175 175 174 174 174 174 175 174 163 121 79 68 66 66 71 101 143 161 161 161 162 161 160 161 163 162 163 163 162 162 163 164 164 165 164 163 163 163 161 161 162 162 161 160 161 162 162 161 160 159 159 
176 177 176 176 175 175 174 174 175 176 175 175 176 176 176 175 175 175 176 176 176 176 176 176 175 175 175 175 176 175 175 176 176 175 176 175 175 174 175 175 172 157 114 77 66 65 65 70 94 127 152 158 160 161 160 160 161 161 161 163 162 162 162 163 164 163 163 163 163 163 163 161 161 163 162 160 161 161 162 162 161 159 159 160 
177 178 177 175 175 175 175 175 176 177 177 175 175 176 175 174 175 176 176 176 177 177 176 175 175 174 174 176 175 176 176 176 177 176 177 176 175 174 173 163 147 143 132 105 76 66 69 92 118 123 124 134 153 158 159 161 162 161 161 162 160 160 161 163 162 161 162 162 163 163 163 161 161 162 161 161 162 162 162 161 161 160 160 160 
178 177 176 175 175 176 176 177 177 176 175 175 176 176 175 175 177 176 175 176 175 174 175 175 174 175 176 176 175 176 176 177 177 177 176 176 175 174 164 124 91 102 128 128 95 69 78 113 124 103 80 91 132 154 159 160 160 160 160 159 159 160 161 162 161 161 161 162 163 163 161 161 162 161 162 162 162 163 162 162 162 161 161 161 
176 176 176 174 175 175 174 176 177 176 175 176 177 176 176 177 177 176 176 176 174 174 175 174 174 176 177 177 177 177 177 177 176 176 176 175 174 171 157 112 75 72 96 110 85 67 70 94 99 76 70 87 120 146 154 157 158 158 158 159 159 160 161 161 161 161 161 163 163 162 160 161 161 161 163 163 162 162 162 161 161 161 161 160 
175 176 176 175 175 175 175 176 176 176 177 177 177 177 177 176 176 176 176 177 176 175 176 175 176 176 177 177 177 177 176 176 176 176 175 173 164 151 147 133 102 74 70 74 67 65 64 67 69 68 87 112 120 119 129 150 156 157 158 159 158 159 159 160 160 160 161 162 161 161 159 160 161 161 162 162 162 162 161 160 161 161 160 160 
173 174 175 176 176 175 176 176 176 176 177 177 176 175 175 175 175 176 176 176 176 176 176 177 177 176 177 177 177 176 176 176 176 175 174 166 128 96 109 132 129 93 68 64 64 64 64 63 63 74 107 122 104 79 86 127 151 156 156 158 158 158 159 159 159 160 160 160 159 160 159 159 160 160 160 161 161 161 160 161 161 160 159 160 
173 174 176 176 175 175 176 176 176 175 176 176 175 174 174 175 176 176 176 177 177 176 177 177 177 176 177 177 176 177 176 176 176 175 173 158 110 75 75 101 115 87 67 64 64 64 63 62 63 68 90 100 77 67 85 116 144 152 156 158 158 160 159 158 158 159 160 159 159 159 158 159 160 160 160 161 162 161 161 162 160 159 159 160 
175 176 177 176 175 175 176 176 176 176 175 176 174 175 174 175 175 176 177 177 176 176 176 177 177 177 177 177 176 177 176 176 176 168 157 149 130 97 73 72 77 68 65 64 63 64 62 62 62 63 65 68 66 83 112 122 119 126 147 156 158 159 158 157 157 157 158 158 159 159 160 160 159 160 161 161 161 160 161 161 160 158 160 161 
175 175 175 176 176 176 176 176 175 176 175 176 175 176 175 175 175 177 177 177 175 175 176 176 177 176 176 176 176 176 175 175 168 132 101 112 133 126 91 67 65 65 64 64 63 63 62 61 62 63 62 62 70 103 122 108 80 81 120 151 157 157 157 157 157 157 157 157 158 160 160 160 160 160 161 160 159 160 160 160 159 159 160 160 
174 173 175 176 177 176 176 176 176 175 175 176 175 176 174 174 175 176 177 176 176 176 176 177 177 176 176 177 177 176 176 174 159 108 73 77 105 117 88 66 65 64 63 63 63 62 63 62 62 62 61 62 64 85 100 80 66 79 112 143 151 154 156 157 157 157 157 157 158 160 159 159 160 160 160 159 160 160 160 159 159 159 159 159 
173 173 175 177 176 175 176 176 175 174 175 175 175 175 175 176 175 175 176 176 175 175 176 177 176 176 176 176 176 175 170 160 152 127 92 71 72 79 68 64 63 63 63 62 62 62 63 62 62 62 61 62 61 63 68 64 77 107 119 119 122 144 155 157 156 156 157 157 158 159 159 159 159 159 158 159 160 160 160 159 159 159 159 159 
174 175 176 176 176 175 177 176 174 174 175 176 176 176 176 176 175 176 176 176 175 175 176 177 176 176 176 176 176 168 134 106 118 134 124 87 67 65 64 64 63 62 62 62 61 62 62 62 61 61 62 61 60 61 61 65 96 119 107 81 77 114 148 155 154 154 156 157 157 157 157 157 158 158 157 158 160 159 159 159 160 160 159 159 
174 175 175 175 176 176 177 175 175 175 176 177 176 176 176 175 175 176 176 176 176 176 177 177 177 176 176 176 175 158 106 73 80 109 120 88 66 64 64 63 63 62 62 62 61 61 62 62 61 61 61 61 60 60 60 62 80 98 80 64 73 105 138 150 153 155 156 156 156 156 157 157 157 157 157 158 158 158 158 158 159 159 159 159 
176 176 176 176 175 175 176 176 175 175 176 177 176 176 175 174 175 176 176 176 176 175 176 176 175 175 174 172 163 153 123 85 69 74 81 69 64 64 63 62 62 62 62 62 61 61 61 61 61 60 60 61 60 59 60 60 62 66 63 72 99 115 117 120 141 152 154 155 155 157 157 156 156 156 157 158 158 158 157 157 158 159 159 159 
177 177 176 176 176 176 176 175 175 175 176 176 176 176 176 175 176 177 177 176 175 175 176 175 175 175 168 138 112 123 134 117 82 66 65 64 63 63 63 63 62 62 62 62 62 62 61 61 61 60 60 60 59 59 59 59 59 59 62 90 116 109 83 73 106 143 154 156 156 156 156 155 155 156 156 157 157 158 157 157 159 158 158 158 
176 175 175 176 177 176 176 176 176 176 177 176 176 176 176 176 177 177 176 175 175 176 176 176 176 173 158 106 73 83 114 120 88 67 64 63 62 63 62 63 65 64 62 61 62 62 62 61 61 60 60 60 59 60 60 59 59 58 59 76 97 83 63 68 98 136 151 154 156 154 155 155 155 155 155 155 156 157 157 159 159 157 158 157 
175 176 176 176 176 176 176 175 176 176 176 176 176 177 177 176 177 176 175 175 176 176 176 177 171 164 154 123 84 69 79 85 70 64 63 63 63 63 63 71 84 71 62 61 62 61 61 61 61 61 60 59 59 59 59 59 59 58 58 60 65 61 67 93 114 119 120 139 153 154 155 155 154 154 154 155 155 156 156 157 157 157 157 155 
176 176 176 175 174 175 175 175 175 175 175 175 175 176 177 177 176 176 177 175 175 175 176 169 140 117 128 135 117 82 66 65 64 64 63 63 63 64 71 93 104 77 62 62 61 60 60 60 60 60 60 59 59 59 59 59 59 59 59 59 58 59 82 112 111 87 72 101 141 153 155 154 153 153 154 155 156 156 155 155 155 155 155 155 
174 175 174 174 175 176 176 174 174 175 175 175 175 175 175 176 177 177 176 176 176 176 174 158 105 74 86 118 124 90 66 64 63 64 63 63 63 70 93 113 111 79 62 62 61 60 60 60 60 60 60 59 59 59 59 59 59 58 58 57 57 58 71 95 86 64 64 92 131 148 153 153 152 153 154 154 155 154 153 154 154 155 155 155 
174 174 174 175 176 176 175 174 175 176 176 176 175 175 176 178 178 176 176 177 176 172 166 155 118 80 69 83 90 72 65 64 63 63 62 62 69 91 113 120 112 79 62 61 61 60 60 60 59 59 59 59 59 59 59 59 59 58 57 57 57 57 59 64 61 63 85 110 119 121 135 149 152 153 153 153 154 153 153 153 154 154 155 154 
174 175 175 175 176 175 175 175 176 176 177 176 175 176 178 179 177 175 177 178 171 145 122 132 135 113 79 66 66 65 64 64 63 62 61 68 90 113 120 121 114 80 62 61 61 60 60 60 59 59 59 59 59 59 59 59 59 58 57 56 56 56 56 57 57 76 108 111 91 73 95 136 150 152 153 153 153 151 152 153 154 154 154 155 
175 175 175 176 175 175 175 175 176 176 176 174 175 178 178 177 176 176 176 175 159 105 75 90 124 127 90 66 63 63 64 63 62 62 63 82 111 120 121 121 114 81 62 62 61 59 60 60 60 59 59 59 59 59 58 58 57 57 58 57 56 56 55 55 57 68 93 89 66 60 84 125 147 151 153 153 152 151 152 153 153 154 155 154 
174 174 175 176 174 173 174 175 176 176 176 176 177 178 177 176 177 176 173 168 154 113 77 70 87 94 73 64 62 62 63 62 62 62 64 88 117 121 121 122 115 81 63 61 60 59 60 60 59 59 59 59 59 59 58 57 57 57 57 57 56 56 56 55 55 56 62 61 60 78 103 115 120 134 149 152 152 152 151 151 153 154 154 153 
174 174 176 176 174 174 174 175 175 176 177 177 177 177 176 176 176 171 150 129 137 135 109 76 66 67 65 64 62 62 62 62 62 62 64 88 117 121 120 117 114 83 63 61 60 60 60 60 59 59 59 59 59 59 58 58 57 57 57 56 56 56 55 54 54 54 54 55 68 101 110 92 73 92 133 150 152 152 151 151 153 152 153 153 
175 175 176 175 175 174 173 173 175 176 177 177 176 176 175 176 174 159 109 79 95 126 125 89 65 63 65 64 63 62 61 61 62 62 63 87 116 116 102 92 105 83 63 60 60 60 60 60 59 59 59 58 58 59 59 58 57 57 57 56 56 56 55 54 54 54 53 54 62 89 91 66 58 78 120 145 150 151 151 152 152 152 153 153 
175 174 174 174 174 174 174 174 177 177 176 177 176 175 176 174 170 155 113 76 70 90 98 75 64 63 64 64 63 62 62 62 63 62 63 83 105 96 77 88 107 81 62 60 59 60 59 59 59 59 59 58 59 64 71 65 59 57 56 56 56 55 54 54 54 54 54 53 54 60 61 57 71 98 114 122 132 146 151 152 152 153 153 153 
174 174 174 173 173 175 174 175 176 176 176 176 176 175 171 152 134 139 134 106 74 66 67 64 63 63 62 63 63 66 77 81 80 79 77 83 89 82 76 96 99 72 60 59 59 59 59 59 59 58 59 59 60 78 94 88 72 59 56 56 56 56 54 54 54 54 54 53 53 54 54 63 94 108 95 75 87 128 149 151 151 152 151 150 
174 174 173 173 174 174 174 174 175 175 175 175 175 174 160 110 80 99 129 127 88 64 63 63 63 62 62 62 67 85 107 113 113 112 110 110 109 106 102 94 75 62 60 60 59 59 59 59 59 59 60 63 64 79 92 87 90 66 55 55 56 55 55 54 54 54 54 53 53 53 53 59 85 92 69 55 70 113 142 148 150 150 149 149 
174 173 173 174 175 174 173 174 175 174 174 174 173 171 155 109 73 71 95 102 76 63 62 62 62 62 62 67 85 109 120 121 122 122 122 122 122 119 102 75 62 60 60 60 60 59 59 59 59 59 64 83 82 76 89 94 94 69 57 56 55 55 55 55 54 54 53 53 52 52 52 52 58 62 55 64 90 110 121 130 145 149 150 150 
173 172 173 174 175 174 174 174 174 174 175 172 157 139 140 130 100 72 68 69 65 63 62 62 63 63 66 85 110 120 122 122 123 123 124 124 121 104 77 63 60 59 60 60 59 59 59 58 59 60 69 97 99 91 84 80 75 60 57 56 55 55 55 54 54 54 53 53 52 52 52 52 52 52 58 86 103 97 78 83 124 146 149 150 
174 174 174 175 174 174 175 174 174 174 174 162 115 84 101 128 125 87 64 62 63 63 62 62 63 67 84 110 121 123 123 123 124 124 124 121 105 77 63 65 67 63 60 60 59 59 59 59 64 75 78 94 103 91 87 63 57 56 56 56 55 55 55 55 55 54 54 56 54 52 52 52 52 51 56 79 92 73 56 64 105 140 147 148 
175 175 174 174 174 173 174 175 174 172 171 157 108 71 71 96 105 77 64 63 62 62 61 61 62 71 97 110 113 116 118 119 121 122 121 106 78 63 66 85 93 84 65 60 59 58 58 60 77 98 97 89 93 92 78 60 56 56 55 55 55 55 54 54 54 56 65 81 70 55 52 52 52 51 51 56 63 56 60 81 103 119 128 142 
173 173 174 175 174 173 174 174 172 160 144 143 129 97 70 69 71 64 63 62 62 61 61 61 62 65 71 74 75 78 81 84 88 92 92 77 63 63 70 94 97 104 80 61 59 59 62 65 80 102 100 95 81 67 61 57 56 55 55 55 55 56 55 54 55 66 92 108 96 70 56 53 52 51 51 51 51 55 78 98 95 78 80 117 
172 172 174 175 174 173 173 173 163 120 88 103 128 123 86 64 63 62 62 61 61 62 61 61 62 62 61 62 62 62 62 62 63 64 64 62 66 83 80 85 96 103 89 63 59 62 80 89 86 92 99 96 78 58 56 56 55 55 55 55 56 56 55 55 67 93 112 114 111 96 71 56 52 51 51 50 50 53 75 92 75 55 59 95 
172 172 173 174 173 173 174 172 158 109 72 72 98 107 79 64 63 62 62 61 61 61 61 61 61 61 61 61 61 61 61 61 61 61 60 60 68 97 101 87 80 89 78 61 60 66 92 95 102 90 84 80 63 56 56 56 55 55 54 54 54 54 56 67 94 113 116 115 114 110 96 70 54 51 50 50 50 50 55 64 55 55 76 99 
173 173 173 173 173 173 162 146 145 129 95 69 69 71 65 63 62 61 62 61 61 60 61 61 61 61 61 61 61 60 60 60 60 61 65 70 70 93 108 104 79 66 62 63 74 78 89 98 103 93 66 59 57 56 56 56 54 54 54 54 54 55 68 95 113 117 116 114 114 113 109 95 70 54 51 50 50 51 50 50 52 72 94 96 
173 172 173 173 172 160 121 89 103 127 122 86 64 63 63 63 61 62 61 61 61 61 60 61 61 61 61 61 60 60 60 60 60 64 84 95 92 92 98 85 71 60 60 72 94 93 89 80 90 83 61 57 57 57 56 56 54 55 54 54 56 67 94 113 116 116 115 114 114 113 112 110 96 71 54 50 50 50 49 49 52 73 90 79 
173 172 172 172 161 122 80 67 72 99 110 81 64 62 61 61 61 62 62 61 61 61 61 61 61 61 60 60 60 60 61 62 66 71 91 97 106 94 72 62 60 60 70 77 92 86 91 78 67 63 59 67 68 58 56 55 55 55 54 56 67 93 113 116 115 115 115 114 113 113 114 113 110 98 71 53 50 49 49 49 49 54 63 56 
172 172 172 170 139 85 66 65 63 69 74 65 63 62 61 61 61 62 61 61 61 61 61 61 60 60 60 60 60 60 61 68 87 86 79 92 103 95 67 59 62 66 79 90 88 92 94 78 60 57 59 82 95 76 62 56 55 55 56 67 93 113 116 116 115 115 115 114 113 113 114 114 113 110 91 60 50 50 49 48 49 49 50 49 
171 171 171 168 129 75 65 64 63 66 68 63 62 61 61 61 61 62 61 60 60 61 61 61 61 60 61 60 60 61 64 80 91 92 72 69 84 79 64 62 70 85 79 85 92 78 72 63 58 58 58 78 101 101 83 59 55 56 66 93 113 116 116 115 115 114 114 115 114 113 114 114 113 105 80 56 50 49 48 48 48 55 65 57 
170 170 172 168 133 81 65 64 68 88 97 71 62 61 61 61 61 61 60 60 60 61 60 60 61 61 60 60 60 62 76 79 71 86 82 63 63 62 66 81 78 82 93 86 91 71 58 57 66 73 62 71 98 97 85 61 56 66 93 113 117 116 115 115 114 113 114 115 114 114 113 113 107 83 58 51 50 49 48 48 50 71 90 81 
170 171 171 171 159 119 77 68 89 119 121 88 64 62 61 60 60 60 60 61 60 60 60 60 60 60 60 61 63 71 83 89 67 73 82 64 60 61 77 97 85 76 80 91 82 64 58 58 77 96 80 67 74 67 62 58 66 93 114 117 117 116 115 114 114 114 115 114 114 113 113 106 84 60 51 50 49 49 49 49 50 66 91 98 
170 170 169 171 170 158 120 94 115 126 106 75 65 65 62 60 60 60 60 60 60 60 60 61 61 60 60 63 72 88 94 100 79 63 64 61 63 70 79 97 100 77 61 63 62 58 57 58 67 77 88 79 60 56 56 65 92 113 117 117 116 116 116 114 114 115 115 114 114 113 106 83 59 51 49 49 49 50 55 62 54 52 68 86 
170 170 170 171 170 169 159 141 135 111 77 68 84 91 70 61 60 60 60 60 59 59 60 60 60 60 64 82 91 88 85 97 89 65 59 63 80 92 92 90 97 83 61 57 57 57 57 57 56 57 68 77 61 56 66 93 114 118 117 116 116 115 115 115 114 115 115 114 113 107 84 60 51 49 50 49 49 52 72 89 75 55 52 63 
169 170 171 171 170 169 168 163 146 95 69 84 111 114 85 63 61 60 60 60 59 59 60 60 59 59 69 93 88 93 82 70 69 62 64 75 94 88 80 92 81 77 62 59 62 61 57 56 55 55 56 59 57 66 93 115 118 118 116 116 115 115 115 115 114 114 114 113 107 85 60 52 50 49 49 49 49 51 71 93 94 74 54 53 
170 171 171 171 170 168 167 164 154 116 91 108 118 101 74 64 63 60 60 60 60 59 60 60 59 59 65 88 88 89 88 64 60 65 83 88 81 90 85 91 74 60 58 70 87 83 65 56 55 55 55 57 66 92 114 119 118 117 115 115 115 115 116 116 115 115 113 107 84 60 52 50 50 49 49 53 59 52 54 73 87 73 58 51 
170 170 170 170 168 167 166 166 163 151 131 124 104 75 66 80 89 69 60 60 60 59 59 59 59 59 60 71 88 93 81 62 62 77 96 94 74 75 94 87 65 58 58 80 100 101 88 66 56 55 56 66 92 114 119 118 117 116 115 115 115 115 116 115 115 114 108 85 60 52 51 49 49 49 52 71 86 70 52 54 64 56 52 51 
170 169 169 169 168 168 167 166 164 161 154 136 91 67 81 110 116 86 61 60 59 59 59 59 58 59 59 60 64 68 64 65 78 79 72 82 88 71 68 65 60 67 71 77 98 99 93 79 58 56 65 92 114 119 118 118 115 106 109 116 116 115 115 115 115 108 85 60 52 51 50 49 49 49 52 74 94 91 69 52 54 53 52 52 
170 169 169 168 168 168 167 166 164 163 161 148 111 90 107 120 106 76 62 62 59 59 59 59 59 59 59 57 58 59 62 80 98 80 61 63 77 74 59 57 63 86 91 86 85 95 92 72 57 65 92 114 119 118 117 116 114 98 91 109 113 109 114 115 109 86 61 52 50 50 50 49 52 55 51 56 77 88 75 58 52 52 52 52 
169 169 168 168 168 168 167 165 164 165 164 159 147 130 123 106 77 65 77 87 68 59 59 59 59 59 59 58 57 58 62 78 85 89 73 60 60 61 59 61 66 85 86 85 85 72 69 60 65 92 114 119 119 118 113 97 98 102 91 88 95 100 113 109 86 61 52 50 50 50 49 52 70 82 64 51 56 67 58 54 53 52 52 54 
168 169 169 168 168 168 167 165 164 165 163 162 159 151 134 91 65 77 107 115 86 61 59 58 58 59 58 58 57 57 58 60 62 77 86 65 58 58 67 84 85 79 89 91 85 62 58 66 92 114 119 119 118 117 112 83 75 76 84 84 91 109 109 86 61 52 50 49 49 50 50 54 77 95 88 64 52 56 54 53 53 53 53 56 
169 169 169 168 168 167 166 165 165 164 163 162 161 158 146 110 86 104 119 106 75 61 61 59 59 58 58 59 65 63 58 58 58 61 67 62 58 59 78 98 99 90 79 77 69 59 66 92 114 119 119 118 111 101 103 93 74 77 87 97 110 109 86 61 52 50 50 50 50 52 54 51 59 82 92 76 58 53 53 54 54 54 55 57 
169 169 168 167 166 165 164 164 164 163 163 163 163 161 158 145 127 122 108 78 64 74 85 67 58 58 59 72 95 89 63 57 57 57 57 58 66 73 75 93 97 90 80 60 58 67 93 115 120 119 119 111 93 83 82 98 80 95 113 113 109 85 60 51 50 49 50 49 52 70 79 61 51 60 71 60 55 53 54 54 54 56 58 61 
167 167 166 166 166 165 165 165 165 164 165 164 163 162 161 157 151 135 92 64 74 102 113 87 62 59 71 99 113 99 68 57 57 56 56 60 82 91 84 81 90 90 73 58 66 93 115 120 119 119 117 98 82 95 87 104 99 104 116 110 86 61 52 51 51 50 49 49 55 82 96 84 61 53 58 55 54 54 54 54 56 58 62 72 
168 168 167 167 167 166 165 165 165 165 165 163 163 162 161 161 159 148 110 84 102 116 105 77 61 71 99 113 103 76 59 56 56 56 56 59 80 85 83 85 70 67 60 65 92 114 119 118 118 117 117 106 82 78 95 113 114 114 110 86 61 52 51 51 50 49 50 52 50 64 88 92 74 57 53 54 54 54 54 56 58 62 73 95 
167 167 167 168 167 166 165 166 165 165 165 163 163 162 162 162 162 158 144 125 122 109 79 63 70 98 113 104 77 60 57 56 56 56 56 56 65 83 90 86 62 57 66 92 114 119 118 118 117 117 117 116 104 83 94 114 116 110 86 61 52 50 50 50 50 52 68 75 57 50 64 73 61 56 54 54 54 54 56 58 62 73 96 122 
166 166 166 166 166 166 166 166 165 165 164 162 163 164 163 162 162 160 155 148 136 96 64 71 98 113 105 79 61 57 57 56 55 55 55 55 56 63 73 68 58 66 92 113 118 118 118 117 117 117 118 118 116 107 102 114 110 86 61 52 51 50 50 49 49 57 85 96 81 57 52 59 55 54 55 54 54 56 58 62 74 96 121 138 
166 165 165 166 166 166 166 165 166 166 164 163 165 164 162 162 161 161 160 158 148 109 81 98 115 106 80 62 59 57 57 56 55 55 55 55 55 55 57 57 65 91 112 117 117 116 116 117 116 117 118 118 117 117 115 109 86 61 52 50 50 50 49 50 50 52 69 91 93 73 55 53 54 55 55 55 56 59 62 73 96 122 137 145 
165 165 166 168 167 166 166 166 166 166 165 164 165 164 162 161 161 161 161 160 155 142 124 122 110 80 62 68 79 65 56 56 55 55 55 55 54 55 56 58 78 110 116 116 116 115 116 117 117 117 118 117 118 117 110 85 60 52 50 50 49 50 52 67 70 54 51 68 76 63 56 54 54 55 56 57 59 63 73 94 121 137 144 147 
165 166 167 168 166 167 166 165 165 165 166 165 164 163 162 162 163 162 162 160 159 156 149 137 99 64 68 92 107 87 60 56 55 54 55 54 54 54 55 56 66 95 113 114 114 115 115 116 117 117 117 117 116 109 86 61 52 51 50 50 49 50 59 86 93 74 54 53 60 55 54 54 55 56 57 60 63 73 95 119 137 143 145 147 
165 166 166 166 165 166 166 165 164 165 166 165 164 163 162 163 162 162 161 161 160 160 158 147 109 78 91 108 104 80 59 56 55 55 54 54 54 54 54 54 55 67 94 111 113 114 115 115 117 117 117 116 108 84 60 52 51 51 50 50 50 51 54 73 92 90 70 54 54 55 56 55 55 57 60 63 72 94 120 137 143 145 146 147 
166 166 165 165 165 166 166 166 165 164 165 164 165 164 163 163 162 161 162 162 161 161 159 154 141 121 118 109 82 63 63 74 65 56 55 54 54 54 54 54 54 55 66 92 112 114 115 115 115 117 116 108 83 60 52 51 51 50 50 52 65 65 52 54 72 76 63 57 55 56 56 55 56 60 63 73 94 120 137 143 145 146 147 147 
165 165 164 164 165 167 166 166 165 166 166 165 164 163 164 163 162 162 162 162 162 161 159 158 154 147 136 100 64 64 85 102 87 60 54 54 54 53 53 53 53 53 54 65 93 112 115 115 115 115 107 83 59 52 51 51 50 50 50 60 87 89 68 53 56 62 56 55 55 55 56 57 59 63 73 94 119 137 143 144 146 147 147 147 
165 164 164 165 166 166 165 165 166 166 165 165 164 163 163 162 162 162 162 162 162 160 159 159 157 154 145 110 77 87 103 102 81 59 55 55 54 53 53 53 53 53 53 55 65 93 112 115 114 106 82 59 52 51 51 51 50 50 50 55 77 93 87 66 55 56 56 56 56 56 57 59 63 72 94 120 137 143 144 145 146 148 147 147 
164 164 165 165 165 165 165 165 166 165 164 164 164 163 163 163 163 163 162 162 161 160 160 159 158 157 153 141 121 118 108 82 61 60 72 64 55 53 53 53 53 53 53 53 54 66 93 111 105 80 59 52 51 51 50 50 52 64 62 51 56 75 76 64 57 56 57 57 56 58 60 63 73 94 120 137 143 145 145 146 148 148 147 148 
165 165 165 165 165 164 165 165 165 164 164 164 163 163 163 163 163 162 162 162 161 161 160 159 158 158 157 154 147 137 104 65 61 80 99 86 59 52 52 52 53 53 52 52 52 54 65 86 78 58 52 52 51 50 50 49 61 87 87 65 52 58 62 55 56 57 57 57 58 60 63 73 94 120 137 144 145 145 147 149 149 148 149 150 
165 165 165 165 164 164 164 165 165 164 164 163 163 163 162 163 163 162 162 162 161 161 160 159 159 158 157 156 155 146 112 75 83 101 101 82 59 53 53 52 52 52 52 52 51 52 53 57 55 52 51 51 51 50 50 49 57 81 94 86 64 53 55 55 56 56 57 58 60 63 73 94 120 137 144 147 146 147 149 149 149 150 151 150 
165 165 164 164 164 164 163 164 164 164 164 163 163 163 163 163 162 162 162 162 162 162 160 160 159 159 158 157 157 153 140 120 115 108 84 62 58 68 62 53 52 52 51 52 52 52 51 51 51 51 51 50 50 53 62 60 51 58 79 78 64 56 55 55 55 56 57 60 64 73 94 120 138 143 145 147 146 148 149 148 150 150 150 149 
164 164 164 165 165 164 164 164 164 164 163 163 163 163 163 163 162 162 162 162 162 161 160 160 160 160 160 159 158 156 153 146 136 107 66 59 75 94 84 59 51 51 51 51 51 52 51 50 50 50 50 50 50 63 87 84 62 51 59 62 55 56 56 56 56 57 60 64 73 94 120 138 144 145 146 147 147 148 148 148 149 150 149 149 
164 165 165 165 164 163 164 164 163 163 163 163 164 162 163 163 163 163 162 162 161 159 160 160 159 160 159 158 158 157 155 153 146 115 75 78 95 97 81 59 53 52 51 51 51 51 50 50 50 50 50 50 50 59 83 95 83 61 53 56 56 56 56 56 58 60 64 72 93 119 137 144 145 147 148 148 148 149 148 148 149 149 149 149 
164 164 164 164 163 162 163 163 163 163 163 163 164 163 163 163 163 163 162 162 161 161 161 159 159 159 158 158 158 157 156 156 152 139 118 112 106 83 61 55 63 60 52 51 51 50 51 50 50 50 52 61 57 51 61 82 77 63 56 56 56 57 57 58 61 64 74 93 119 137 143 145 146 147 148 148 148 149 149 149 149 149 149 149 
164 164 164 164 162 163 164 163 162 162 163 163 164 163 163 163 163 162 161 162 162 161 159 159 160 159 159 159 158 158 157 156 154 152 146 136 108 66 56 68 86 80 59 52 51 50 50 50 49 50 63 85 80 58 51 61 63 56 56 57 57 57 59 61 64 74 95 119 136 144 146 146 146 147 147 148 149 149 149 149 148 149 149 149 
163 163 163 164 163 164 163 162 162 162 163 163 163 163 162 162 162 161 161 162 161 159 160 161 161 160 160 159 158 159 158 157 156 155 152 144 115 74 72 90 95 81 59 52 50 50 50 50 50 50 61 85 93 79 59 53 57 57 57 57 58 58 60 65 74 94 120 137 144 147 147 147 147 148 149 149 149 149 149 149 149 148 149 150 
163 162 162 164 164 163 163 163 164 163 163 163 163 163 162 161 161 160 162 162 159 160 162 161 161 160 158 158 159 159 158 157 156 155 154 150 139 117 108 101 83 63 54 60 59 50 50 53 60 56 52 64 82 77 63 56 56 57 57 57 58 61 65 75 95 120 137 144 147 148 148 148 148 149 149 148 149 149 148 149 149 148 148 149 
162 162 163 163 163 162 162 162 163 162 162 163 163 163 161 160 161 161 161 160 161 163 163 161 160 160 158 157 158 159 157 157 156 155 154 153 150 145 135 109 67 54 66 84 80 58 51 64 85 77 57 52 62 62 56 56 57 57 58 58 61 65 75 96 120 137 144 147 148 148 148 148 147 149 148 148 149 148 148 148 148 148 148 148 
162 163 164 163 161 161 162 163 162 161 162 162 162 162 161 161 161 161 161 161 162 163 161 160 159 159 158 158 159 158 157 157 156 155 154 154 154 152 144 117 73 69 88 94 82 60 51 63 85 91 77 57 54 57 57 57 58 59 60 62 66 75 96 122 137 143 146 148 148 149 149 148 148 149 149 148 148 147 148 148 149 149 149 149 
162 162 164 163 162 163 163 163 162 161 162 162 162 162 161 161 161 161 162 162 162 161 160 160 160 160 159 160 160 158 157 157 156 155 155 155 154 153 149 139 116 107 105 86 64 52 50 52 65 83 76 64 57 57 58 59 60 61 63 67 77 97 121 137 144 146 148 148 147 148 149 148 149 149 149 149 148 148 149 149 149 150 149 146 
163 164 164 163 162 162 163 162 162 161 162 162 162 162 162 162 162 162 162 161 160 160 161 161 161 160 160 159 159 158 157 157 156 155 155 154 153 152 151 150 144 134 114 71 53 50 49 49 52 64 65 62 61 60 60 62 63 65 68 78 98 122 137 144 146 147 147 147 148 148 148 148 149 149 149 149 148 148 148 148 148 148 143 115 
163 164 163 162 162 162 162 162 162 161 162 161 162 162 162 162 162 162 162 161 160 160 161 161 159 159 159 158 158 158 157 157 156 156 155 153 152 152 153 153 150 142 120 73 52 50 50 49 51 58 65 65 65 65 65 66 68 71 79 99 123 138 144 146 147 147 147 148 149 149 148 149 150 150 149 148 148 147 148 148 148 143 109 50 
163 163 162 161 162 161 161 162 162 161 161 161 162 162 162 161 162 162 162 160 159 160 160 160 159 159 159 158 159 158 157 157 157 157 155 155 154 154 155 154 152 149 140 109 69 52 51 52 58 67 71 69 69 70 70 71 74 82 100 123 138 144 147 148 148 148 148 148 149 148 148 149 150 149 149 148 148 148 148 148 142 108 49 19 
162 162 160 160 162 161 161 161 162 161 161 162 162 162 161 161 161 161 160 159 160 160 160 159 159 159 159 158 158 158 158 157 157 157 156 156 156 155 155 155 153 152 149 140 109 76 68 70 75 76 75 74 73 73 74 76 84 103 125 139 144 147 148 148 148 148 148 148 148 148 149 149 149 150 150 149 150 149 148 143 109 48 19 16 
162 161 160 161 162 161 161 162 162 161 162 162 162 161 161 160 160 158 158 159 160 160 159 158 159 159 159 159 159 158 157 157 157 157 155 154 154 154 155 155 154 152 152 149 140 123 114 107 97 85 79 78 77 77 79 86 104 126 141 146 146 148 149 149 149 148 149 149 149 149 150 149 150 150 149 149 149 149 144 109 48 19 16 16 
161 161 161 162 161 161 162 162 161 162 161 161 161 160 160 159 159 159 160 161 160 159 159 159 159 159 159 158 158 158 158 157 157 156 154 153 154 155 154 154 153 152 152 151 148 143 136 127 114 99 86 81 80 81 88 105 127 140 146 147 148 150 151 150 149 149 148 149 149 148 149 150 150 150 149 148 148 144 110 48 19 16 16 16 
161 161 160 160 160 161 162 162 162 161 160 160 160 160 161 160 159 160 160 159 159 159 159 159 159 159 158 158 158 158 157 157 157 155 154 154 155 156 155 154 154 153 153 151 150 148 144 136 125 114 101 89 85 87 102 126 140 145 148 149 150 151 151 150 149 149 149 149 148 148 148 150 150 149 149 148 143 110 49 19 16 16 16 16 
159 159 159 159 160 161 161 161 161 160 159 159 159 160 160 159 159 160 159 159 159 159 159 159 159 158 158 158 159 158 157 157 156 154 155 155 155 155 155 154 154 154 153 152 151 150 149 144 135 126 115 104 98 104 123 141 146 148 149 149 149 150 150 149 148 149 150 150 149 148 149 150 149 148 149 144 110 49 19 16 16 16 16 16 
158 158 159 161 161 161 161 161 160 159 159 159 159 160 160 159 159 159 159 159 159 159 159 159 158 157 158 158 158 157 157 157 155 156 156 156 155 154 154 154 154 153 153 152 151 151 151 149 142 135 126 120 121 129 142 148 149 149 149 149 149 150 150 149 149 151 151 149 149 150 151 150 149 148 146 115 50 19 16 16 16 16 16 16 
