171 171 172 172 171 172 172 172 173 174 173 172 171 171 173 174 174 174 174 173 173 173 174 174 175 174 174 174 174 174 176 176 175 175 175 175 174 175 175 174 176 176 175 174 175 175 176 176 176 176 177 178 177 176 176 176 176 176 175 174 173 173 174 174 174 174 174 175 174 174 173 173 173 173 173 174 173 172 172 171 172 171 170 170 170 170 171 170 
172 172 172 172 172 172 173 173 173 174 173 172 172 172 173 174 174 174 174 175 175 174 174 174 175 174 174 176 175 175 176 176 176 175 175 175 176 176 175 175 176 176 175 175 175 176 176 176 176 176 175 176 177 176 176 176 175 175 175 175 175 174 174 174 174 175 175 175 174 173 173 172 172 172 172 173 172 171 171 171 172 172 171 171 171 171 171 170 
172 173 172 170 171 172 172 173 173 173 173 172 173 174 174 174 174 175 175 176 176 175 174 174 175 176 176 176 176 176 175 175 176 176 176 176 177 177 176 175 174 174 174 175 175 175 176 176 177 176 173 174 175 176 175 175 174 174 175 176 176 175 174 173 174 175 174 174 174 174 173 172 172 171 172 172 172 171 171 171 172 172 173 173 172 171 170 170 
172 172 172 171 171 171 171 173 173 173 172 173 173 174 174 174 175 175 175 175 175 175 176 176 176 176 175 175 175 175 175 175 176 177 177 176 176 176 176 176 176 176 175 176 177 177 177 177 176 176 175 175 175 175 174 175 175 175 174 174 174 174 174 173 173 174 174 175 176 175 174 173 172 171 171 172 172 172 171 170 170 171 172 171 171 170 169 169 
172 172 171 170 171 171 172 172 172 172 172 173 174 173 173 174 176 175 175 174 174 174 176 176 174 174 174 175 175 175 174 175 175 176 176 176 175 176 176 175 176 176 175 176 177 177 177 177 176 176 176 176 174 174 174 175 175 175 175 174 174 175 175 175 175 175 175 175 176 176 174 173 172 172 172 172 172 171 171 171 170 171 171 171 171 171 170 169 
172 171 170 170 171 171 170 171 172 172 172 172 173 172 172 172 174 175 174 174 174 174 175 175 174 174 174 175 175 176 176 175 175 175 176 175 176 176 175 174 175 175 175 176 177 176 176 176 176 176 176 176 175 176 176 176 176 176 175 175 174 174 175 176 175 174 172 173 174 174 173 173 173 172 173 173 172 172 172 172 171 171 170 169 170 171 170 170 
171 172 172 171 172 171 171 172 172 172 172 173 172 171 171 172 173 173 173 173 173 173 173 174 174 175 175 175 176 176 176 176 175 175 175 176 177 176 175 175 176 176 176 177 176 176 175 175 176 177 177 177 176 176 177 176 176 176 175 175 174 174 175 176 175 174 173 173 173 173 174 174 172 172 173 173 171 172 172 172 171 172 171 170 171 170 170 170 
170 171 172 172 172 172 172 172 172 172 172 172 172 173 173 173 174 173 173 173 173 174 174 174 174 173 174 176 176 177 177 177 176 175 175 176 177 176 176 176 177 176 176 176 175 175 176 176 176 177 177 176 176 177 177 177 176 176 176 175 175 176 176 176 176 176 176 175 174 174 175 175 173 173 173 172 172 173 172 173 173 172 171 172 171 171 171 170 
171 171 171 172 171 171 171 172 172 172 172 172 172 173 174 174 175 175 174 174 175 175 174 174 174 174 174 175 176 176 175 175 175 175 175 176 177 177 177 177 178 177 176 176 176 175 176 177 177 177 177 177 177 177 177 177 177 177 176 177 177 176 176 176 176 176 175 175 174 174 175 175 174 174 173 173 173 173 172 171 170 170 171 170 170 171 171 171 
170 171 170 170 171 172 172 172 173 172 171 172 171 171 172 173 173 174 175 175 175 174 174 174 175 177 177 177 177 177 176 176 177 177 177 176 177 176 176 176 176 176 175 176 176 177 177 176 176 176 176 177 177 177 176 177 177 177 177 177 176 175 175 175 175 174 174 174 175 174 174 173 173 173 172 173 173 171 171 170 170 171 171 170 170 169 169 169 
169 170 170 170 171 172 172 172 172 172 172 173 174 173 172 173 174 174 174 174 174 174 173 175 175 176 176 176 177 177 178 178 179 178 179 178 177 177 177 176 175 175 175 175 176 177 177 176 176 176 177 176 176 176 177 176 176 176 176 177 177 177 176 174 174 174 175 174 174 174 173 172 172 172 172 172 173 172 172 171 171 171 172 171 171 170 169 169 
171 171 171 171 170 171 171 171 172 172 174 173 173 173 173 174 174 174 174 173 174 175 174 174 175 175 176 176 177 176 177 177 177 177 177 177 176 176 176 175 176 176 176 176 176 176 177 177 176 176 177 177 176 177 176 176 176 176 176 176 176 176 176 175 174 174 174 174 174 173 173 172 172 172 172 172 172 172 172 172 172 171 172 171 170 169 168 168 
170 170 170 170 170 170 171 172 173 173 173 172 172 172 173 173 174 173 173 173 174 175 174 174 174 174 175 176 176 176 176 176 177 176 176 176 176 177 177 176 175 175 176 176 175 175 175 176 177 176 176 177 175 175 176 177 176 175 176 176 176 176 175 174 174 174 174 174 174 173 171 172 172 171 171 170 170 170 170 170 170 170 171 171 170 169 168 169 
170 169 169 169 169 169 170 171 171 172 171 172 172 172 173 173 173 173 173 173 175 175 173 174 175 175 174 175 175 176 176 176 176 176 176 176 177 178 177 176 176 176 176 177 176 175 174 175 177 176 176 175 176 175 176 176 176 174 174 174 174 174 175 173 174 175 175 173 172 172 171 170 171 170 169 170 170 170 170 169 169 169 170 169 168 168 168 168 
170 170 170 171 170 170 170 170 170 171 170 171 172 172 170 170 170 172 173 172 170 170 171 173 171 169 171 174 172 167 168 174 172 167 167 172 174 169 164 168 173 169 161 164 171 169 161 162 171 172 163 157 166 172 166 156 162 170 167 155 154 165 168 155 149 161 169 158 145 142 141 146 162 168 169 171 171 170 170 170 168 169 169 168 168 167 167 167 
169 170 170 170 169 170 171 171 170 171 171 171 169 156 136 131 130 136 158 163 138 129 151 164 143 122 139 162 148 119 126 157 156 123 116 147 159 129 107 131 159 140 106 117 152 150 112 106 142 155 121 98 127 156 134 99 111 149 144 103 97 136 150 114 91 119 149 126 90 84 84 92 130 163 169 170 169 170 170 170 169 169 168 168 168 168 168 168 
169 169 170 170 169 170 170 170 170 169 171 170 152 111 80 75 75 83 127 141 97 78 114 143 109 74 98 140 122 78 84 132 136 89 75 117 141 101 71 98 140 119 75 84 130 132 86 73 115 137 98 71 98 136 116 75 82 127 129 86 74 114 137 100 69 95 134 115 74 67 67 70 100 154 167 168 168 168 167 167 168 168 167 166 167 169 169 168 
169 169 169 169 170 170 170 170 170 170 171 168 128 76 65 65 65 72 114 129 88 68 103 133 102 67 89 131 116 73 78 124 130 85 70 110 135 99 69 93 134 115 73 79 124 128 84 71 110 133 96 69 93 133 116 74 79 124 128 85 72 110 135 100 69 93 131 114 74 65 66 67 93 151 166 167 168 168 167 167 167 168 167 168 168 168 168 168 
168 169 168 168 169 170 171 171 171 171 171 167 123 70 64 64 63 71 112 125 86 67 100 128 100 67 87 127 114 73 77 119 124 82 69 104 126 95 68 89 125 110 72 77 115 118 81 69 101 120 91 67 85 118 106 72 75 109 114 81 70 98 117 91 68 84 112 101 72 65 65 66 90 148 165 167 168 169 169 168 169 169 168 168 169 169 169 168 
168 169 169 169 169 169 170 171 171 170 169 167 123 71 64 64 63 68 90 97 75 65 81 96 81 65 75 92 87 67 68 87 89 70 65 79 88 76 65 72 85 80 67 68 80 82 70 65 74 80 73 66 70 78 75 67 67 75 76 68 65 72 77 71 65 68 74 72 68 73 77 78 97 147 164 165 166 166 167 168 168 168 169 171 170 169 169 168 
170 170 169 169 170 169 169 170 170 169 169 166 129 86 85 86 81 68 66 66 64 63 64 65 64 63 64 64 65 63 63 65 65 63 63 63 64 64 63 64 65 64 63 64 65 65 64 64 64 65 65 65 64 64 64 64 64 64 64 64 65 65 65 65 64 63 64 65 71 103 117 115 121 152 163 163 163 164 165 166 166 166 167 168 169 168 168 168 
170 169 169 168 169 169 169 168 168 168 168 166 147 123 123 124 111 72 62 63 62 62 63 63 63 62 62 62 63 62 62 63 63 62 62 63 63 63 63 65 64 63 62 63 64 64 64 63 64 64 63 63 63 63 64 64 64 64 63 63 64 64 64 64 64 64 64 64 71 106 120 119 131 154 161 161 162 163 164 164 165 165 166 167 167 167 166 166 
169 169 169 169 168 168 168 168 168 167 165 163 151 126 115 114 102 70 61 61 61 61 61 62 61 61 61 61 62 62 62 63 62 61 61 62 63 62 63 64 64 62 62 63 63 63 63 63 63 64 63 63 62 63 63 63 62 63 63 62 63 63 63 63 63 64 64 64 65 77 83 84 101 143 159 162 162 162 163 163 164 166 166 166 166 166 166 166 
167 168 169 169 168 168 168 168 167 167 166 161 128 85 75 74 70 63 62 61 61 61 61 61 62 61 61 61 61 61 61 61 62 62 63 62 62 62 62 63 63 62 61 62 62 62 63 62 62 63 63 63 63 62 62 62 62 62 62 62 62 62 63 63 63 62 62 63 63 67 70 70 85 135 158 161 161 161 161 163 164 165 165 165 167 166 166 167 
167 166 167 168 168 168 168 168 167 165 164 160 120 78 73 74 71 64 62 61 61 61 61 62 62 61 61 61 61 61 61 60 61 62 64 63 63 63 63 63 62 61 61 62 62 62 62 62 63 64 65 65 66 65 65 64 62 61 62 62 61 61 62 63 62 61 62 63 68 91 102 101 108 141 157 159 159 160 161 163 164 165 166 166 167 166 166 167 
167 167 166 167 167 167 167 167 165 164 164 158 133 108 109 110 100 69 61 61 61 61 62 62 61 61 61 61 60 61 61 61 62 67 81 83 84 84 84 84 80 68 62 62 62 62 64 74 87 89 90 90 92 92 89 75 63 62 62 62 61 62 62 63 62 62 62 63 70 105 123 120 127 149 158 160 161 161 162 164 164 165 166 166 165 165 166 166 
168 168 167 166 165 165 166 165 164 164 163 158 142 120 115 114 102 70 61 60 60 61 61 60 60 61 61 60 60 61 61 61 62 69 98 115 116 116 115 115 111 89 67 62 62 64 76 103 116 116 117 117 117 114 98 72 62 62 62 61 61 61 62 62 62 62 63 63 65 85 95 94 106 141 157 159 161 161 161 162 163 164 164 165 165 166 166 166 
167 167 167 166 165 164 164 165 165 165 164 156 127 91 80 79 75 65 61 60 60 60 60 59 60 61 61 61 61 61 61 61 61 63 77 107 122 122 121 121 120 112 87 66 63 75 102 119 121 121 121 121 118 102 77 63 62 61 62 62 61 61 62 62 61 62 61 61 62 65 66 67 80 131 156 158 160 161 161 162 163 163 163 164 164 164 165 166 
166 166 167 165 165 165 164 164 164 164 162 154 114 72 67 67 65 62 60 60 60 60 60 60 61 61 61 61 61 61 61 61 61 61 64 80 112 123 123 122 123 121 110 84 74 98 116 120 121 122 121 119 104 78 63 61 62 62 62 62 61 60 61 61 61 61 62 61 64 79 88 89 95 134 155 157 158 159 160 162 162 162 162 163 164 164 164 164 
166 166 167 166 166 165 164 163 163 163 162 155 127 100 99 100 91 66 60 60 60 60 60 60 61 61 60 60 60 61 61 61 61 61 61 64 85 115 124 123 123 123 120 108 89 94 104 109 114 120 120 105 78 64 61 61 61 61 61 61 61 61 61 60 61 62 62 61 66 101 121 121 123 144 155 157 158 159 159 159 160 161 162 163 164 165 164 164 
166 166 166 166 165 165 165 165 164 163 161 155 139 121 119 121 107 69 60 60 59 59 59 60 60 60 61 60 60 60 61 61 61 61 61 61 66 90 119 124 124 124 123 120 107 85 77 78 89 112 107 79 64 61 61 61 61 60 60 61 61 60 60 60 60 61 60 60 64 91 107 107 115 143 155 156 158 159 159 160 160 162 163 164 164 164 164 164 
166 166 166 165 165 165 165 164 164 163 161 155 131 100 92 93 85 64 59 60 60 59 59 60 60 60 60 61 61 60 60 60 60 60 61 61 61 68 96 120 124 124 123 123 119 102 82 91 103 102 81 65 62 62 61 61 60 60 60 61 60 60 61 60 60 60 60 61 61 67 71 70 80 127 155 158 158 158 159 161 162 162 163 163 164 164 164 164 
165 165 165 166 166 164 163 163 162 162 161 154 113 70 64 64 63 60 60 60 59 59 60 60 61 61 60 60 61 60 60 60 60 60 60 61 61 62 71 97 109 109 109 108 107 103 96 101 99 79 64 61 61 60 60 60 60 60 60 60 60 60 60 60 59 59 60 60 60 68 74 75 82 126 154 158 158 158 159 160 161 161 161 162 163 164 164 164 
165 165 165 166 164 162 162 162 162 161 161 154 120 87 84 86 80 63 59 59 59 60 60 60 60 61 60 60 61 60 60 60 60 61 60 60 61 61 62 68 72 72 72 71 71 71 70 70 68 63 60 60 60 60 59 60 60 60 59 60 60 60 59 59 59 60 59 60 63 90 111 112 115 140 155 158 159 160 159 159 160 161 162 162 162 162 163 163 
164 164 165 165 165 164 164 163 162 161 160 155 135 117 118 118 105 68 59 59 59 59 60 59 59 61 62 62 61 61 62 62 63 65 63 62 63 62 60 62 64 62 62 64 63 61 60 60 60 60 60 60 60 59 60 60 60 59 59 59 60 59 59 59 59 60 59 59 63 92 114 113 121 144 155 157 158 159 159 159 159 161 161 162 162 163 163 163 
164 165 165 165 165 165 165 163 162 162 161 156 136 111 104 103 92 65 58 59 59 59 59 59 61 73 85 76 75 72 74 76 82 89 79 73 86 80 65 70 87 73 75 87 78 63 60 60 60 60 59 60 60 60 60 59 59 59 59 59 59 59 59 59 59 59 59 59 60 70 78 77 86 126 153 156 158 158 158 159 160 161 162 163 163 163 163 163 
166 165 164 164 164 164 163 162 162 162 162 155 117 74 68 67 64 60 59 58 58 58 59 59 66 90 93 93 87 90 91 79 77 94 84 86 97 97 78 88 105 84 90 96 96 70 60 60 60 60 59 59 59 60 59 59 59 59 59 59 59 59 59 59 59 59 59 58 59 62 65 64 72 118 152 156 157 157 157 158 160 161 161 162 162 162 162 162 
166 166 165 164 164 163 162 161 161 161 160 153 115 77 72 73 70 61 58 58 59 59 59 59 69 92 81 94 83 99 96 69 72 90 72 82 102 105 92 104 107 88 88 101 102 72 60 60 60 59 59 59 59 60 59 59 59 59 59 59 59 59 59 59 59 59 59 58 60 80 97 97 100 130 154 157 157 157 157 158 159 159 159 160 161 160 160 160 
165 164 164 164 164 163 162 162 161 161 159 152 131 111 109 109 99 66 59 59 59 59 58 58 66 91 92 92 74 94 91 64 77 85 65 76 101 100 83 92 102 87 83 102 95 67 60 59 59 59 59 59 59 59 59 59 58 58 59 59 59 59 59 59 58 58 59 58 61 91 117 117 120 142 154 155 156 157 157 157 158 159 159 160 159 160 161 161 
164 164 163 164 164 163 162 162 162 161 160 155 138 119 111 110 99 67 58 58 58 58 58 57 60 75 87 75 63 72 73 61 68 70 61 68 84 79 64 64 74 70 71 83 74 61 59 58 59 59 59 59 59 59 59 59 58 58 59 59 58 57 58 59 58 58 58 58 60 75 90 89 96 130 152 154 155 157 158 157 158 159 159 158 159 160 161 161 
163 162 163 163 162 162 162 162 162 161 160 154 124 85 75 75 71 61 58 58 58 58 57 58 58 61 64 61 60 60 60 59 60 60 60 61 63 62 60 59 60 59 60 61 60 60 59 59 58 59 59 59 59 59 60 59 59 59 59 59 58 57 57 58 58 57 57 57 58 59 61 62 68 113 151 155 156 156 157 158 159 160 160 160 160 160 161 162 
162 162 163 163 162 162 162 162 162 161 159 151 110 69 64 64 64 64 64 64 64 62 58 57 60 69 73 70 69 73 73 69 70 71 65 66 75 72 65 66 62 65 63 69 66 61 68 71 62 65 72 67 62 71 74 63 64 73 66 59 57 57 57 57 58 57 57 57 58 68 79 81 85 119 149 154 156 157 157 159 160 160 160 160 159 160 160 161 
162 162 162 163 163 162 162 162 162 161 159 152 126 101 98 98 97 98 99 99 99 87 62 57 62 83 98 87 79 96 95 84 94 93 84 83 98 85 78 85 74 83 78 93 88 76 92 94 78 84 98 90 78 96 93 72 82 96 83 61 57 57 58 57 58 56 56 57 59 84 112 114 117 139 153 155 155 156 157 158 159 159 160 160 160 160 160 161 
163 163 163 163 162 162 162 162 162 161 160 154 139 121 115 114 113 112 112 112 111 97 63 57 59 69 91 74 64 85 87 76 92 80 92 92 100 82 78 91 79 91 88 89 93 89 98 97 91 94 103 97 89 105 96 80 90 88 89 65 57 57 57 57 57 56 56 57 59 79 102 103 108 135 153 156 156 156 157 157 158 159 160 161 161 161 162 162 
163 163 162 162 162 162 162 162 161 161 159 153 130 98 85 84 84 84 83 82 81 75 60 57 58 64 89 71 60 80 83 72 91 79 92 92 97 76 75 94 83 92 88 90 91 81 95 105 93 96 97 95 90 98 92 87 91 91 90 65 57 56 56 56 56 56 56 55 57 61 66 67 71 112 151 156 156 157 157 157 157 158 159 159 160 160 161 162 
162 162 162 162 162 162 161 160 160 159 158 150 110 68 61 61 60 59 59 58 58 57 57 57 57 63 84 68 59 75 79 71 95 92 84 82 83 61 65 89 92 83 76 92 87 71 89 95 78 84 95 89 75 88 89 75 78 92 81 60 55 56 56 56 56 55 55 55 57 60 66 67 71 110 149 154 155 155 156 156 157 157 157 158 159 159 160 159 
162 162 162 162 162 161 161 161 160 159 158 150 118 85 82 83 77 61 57 57 56 56 56 56 57 59 65 60 58 63 65 62 72 73 65 65 66 57 58 66 70 63 60 67 66 60 67 69 61 63 69 65 60 64 66 59 59 65 61 56 55 55 56 56 55 55 54 54 57 77 101 103 107 130 151 154 155 155 155 156 156 157 157 158 160 160 160 160 
163 162 162 163 162 162 161 160 159 158 157 152 135 115 109 110 100 65 56 56 55 56 56 56 56 57 58 58 58 59 58 57 59 60 58 57 60 59 57 58 58 57 57 58 58 57 57 59 57 57 57 56 56 56 57 56 55 56 57 56 55 56 56 54 54 54 54 54 56 80 108 110 116 138 152 155 155 155 155 156 156 157 158 159 160 160 160 160 
161 162 162 161 162 162 161 160 159 158 157 151 133 108 95 95 87 62 55 56 55 55 56 56 57 67 75 65 65 77 72 61 70 78 64 64 79 75 61 57 57 57 63 74 65 57 62 76 66 57 56 56 56 55 55 56 55 56 56 56 55 55 55 54 54 54 54 54 54 64 76 77 82 117 149 153 153 154 155 155 156 157 158 158 158 159 159 159 
161 162 161 160 159 160 160 160 159 158 157 149 114 72 64 64 61 57 56 55 55 55 55 55 61 84 92 80 81 98 92 74 87 93 80 81 99 95 68 57 56 57 73 96 75 59 77 99 76 57 56 56 55 55 55 55 55 55 55 55 55 55 55 54 54 54 54 53 54 56 59 59 63 102 145 152 152 153 154 154 155 157 157 158 158 159 159 159 
162 162 162 162 160 160 160 160 158 158 157 150 115 75 69 69 65 57 55 55 55 55 55 55 63 86 81 84 86 101 97 80 89 82 86 89 104 99 71 56 56 55 63 88 76 67 94 102 81 58 56 55 54 54 54 55 55 55 55 55 55 55 55 54 54 54 54 53 54 66 84 86 90 118 147 152 153 154 155 155 155 157 158 157 157 158 160 160 
159 159 160 160 159 159 159 160 159 157 155 151 132 109 100 100 92 64 55 54 55 55 54 55 62 86 88 85 86 92 91 81 90 88 86 90 95 94 73 56 55 55 59 83 76 70 93 103 88 60 55 55 54 55 54 54 55 56 56 55 55 55 54 54 54 54 53 53 54 77 108 111 114 135 150 152 153 153 154 156 156 156 157 157 157 158 159 159 
161 161 161 160 159 159 159 160 159 158 156 152 138 115 101 101 93 65 56 54 54 54 55 55 58 76 86 72 74 89 85 69 77 86 72 76 91 86 66 56 55 55 57 73 69 59 65 80 74 57 55 55 55 54 54 54 54 56 56 55 54 55 54 54 53 53 53 53 54 68 87 89 93 123 149 153 153 153 154 155 155 156 157 159 159 159 159 159 
163 163 162 162 161 159 158 158 159 159 157 149 121 83 70 69 67 57 55 54 54 54 54 55 56 59 61 58 58 64 62 57 59 62 59 59 64 62 57 55 55 55 56 58 57 55 56 59 58 55 55 55 55 55 54 54 54 54 55 54 54 54 54 53 53 53 52 53 54 55 58 59 62 100 145 153 153 153 153 153 154 154 156 158 158 158 158 159 
161 161 161 161 160 159 159 158 158 158 156 148 111 68 60 60 59 55 54 54 54 54 54 56 57 63 65 66 65 65 65 65 66 66 66 65 65 65 65 64 65 65 65 65 65 65 65 64 65 66 65 66 66 66 66 66 66 67 66 66 65 65 65 61 55 53 52 52 53 58 68 71 75 108 145 152 152 151 152 153 153 154 155 157 157 158 159 158 
159 159 160 160 159 160 159 159 157 157 155 150 127 98 90 90 84 61 54 53 53 54 54 55 63 91 101 102 102 102 102 103 103 103 103 102 102 102 102 102 103 103 103 102 103 104 103 102 102 103 102 103 103 103 103 103 103 104 104 103 103 102 100 88 60 52 52 52 53 71 100 104 108 129 148 152 152 152 152 153 154 154 155 155 157 157 157 158 
160 159 159 159 158 158 158 158 157 157 155 151 137 117 105 103 96 64 55 53 53 53 53 54 65 103 116 117 117 118 119 119 119 119 120 120 119 119 119 120 120 119 119 119 119 119 118 118 117 118 117 117 117 116 116 116 116 116 116 117 116 115 113 96 62 53 53 52 52 70 96 99 103 130 148 151 152 152 153 153 154 154 155 155 155 155 156 158 
161 160 159 158 157 158 159 159 158 157 156 150 129 95 79 78 74 58 53 53 53 53 53 54 64 102 115 115 117 117 118 118 118 119 119 119 119 119 118 119 119 118 118 118 118 118 118 118 117 117 117 117 116 116 116 116 115 115 116 116 115 114 113 95 61 52 52 52 52 57 64 64 68 103 143 151 152 151 152 153 153 154 155 155 155 156 157 157 
160 160 160 160 159 159 158 158 157 156 155 148 112 67 58 57 56 53 52 53 53 53 53 53 64 101 114 114 115 116 117 117 117 117 117 118 117 115 115 116 118 116 116 117 116 116 116 116 116 116 116 116 116 115 115 115 115 115 115 114 114 114 112 95 62 53 52 52 51 54 58 58 61 95 141 151 152 152 153 154 154 155 155 155 155 156 157 157 
159 159 159 160 160 159 158 157 156 156 155 148 121 85 76 76 72 58 52 52 53 53 53 53 63 100 114 114 115 116 117 116 117 117 117 115 99 91 92 102 114 100 101 114 106 110 115 115 115 115 115 116 115 114 114 114 113 114 115 114 114 113 112 95 62 52 52 52 51 63 86 90 94 118 146 152 152 152 152 153 154 154 155 156 156 156 156 156 
158 158 158 158 158 157 157 157 156 155 154 150 135 114 100 99 92 63 53 52 53 53 53 54 63 101 114 114 115 116 117 116 117 117 118 113 86 87 88 83 103 80 80 106 93 102 115 115 115 115 115 115 114 114 114 113 113 114 114 113 113 113 111 94 60 52 51 51 50 67 97 103 107 130 147 151 152 153 153 153 153 153 154 154 155 155 155 155 
158 159 158 158 157 156 157 156 155 155 154 148 132 105 87 84 80 60 52 52 52 52 52 53 63 101 115 115 115 117 117 117 118 118 118 113 83 82 89 90 94 74 73 91 90 101 116 116 115 116 116 115 114 115 115 115 115 115 114 113 114 114 111 95 61 51 51 51 51 59 74 76 79 108 143 150 151 152 153 153 154 155 155 155 155 155 154 154 
158 159 158 157 157 157 156 155 155 154 153 147 115 70 59 57 57 53 51 52 52 52 52 53 63 101 115 115 115 116 117 117 118 118 118 113 87 89 104 108 88 79 79 80 84 96 111 114 116 116 116 115 114 114 115 114 114 114 114 113 114 114 111 95 61 51 50 50 50 52 54 55 56 89 139 149 150 151 152 152 152 153 154 153 153 153 154 154 
158 158 158 157 157 156 155 155 155 154 153 146 116 74 63 62 61 55 52 52 52 52 51 53 63 101 115 115 115 116 117 117 117 117 117 115 99 106 116 113 99 108 107 93 90 89 99 110 115 115 115 115 115 114 115 114 114 113 114 113 114 114 112 96 61 51 50 49 50 57 70 74 76 104 141 149 149 149 149 150 150 151 152 153 154 155 156 156 
158 157 157 157 157 156 155 155 155 155 154 149 132 105 92 90 83 60 51 51 51 52 52 52 62 100 114 114 114 115 116 116 116 116 117 116 114 115 116 116 114 116 116 113 111 109 111 114 115 115 114 114 114 113 113 113 113 113 112 113 113 112 111 96 61 50 50 50 50 65 94 99 102 126 146 150 151 150 150 151 152 152 152 153 155 155 156 156 
158 157 156 157 157 156 155 153 153 154 153 149 135 109 92 91 84 60 51 51 51 52 52 52 58 84 93 94 95 96 96 97 98 98 99 99 99 99 99 100 100 100 100 99 99 99 99 99 99 99 99 98 98 97 97 98 97 96 96 97 97 95 94 82 57 50 50 51 50 62 84 86 88 115 143 149 149 149 149 150 152 153 153 153 154 155 155 155 
157 157 157 157 157 156 155 153 152 152 152 146 120 79 64 64 62 55 51 51 51 51 51 51 52 57 59 59 60 60 60 61 61 61 62 61 61 62 62 62 62 62 62 62 61 61 62 62 62 62 62 62 62 61 61 62 61 61 60 60 61 60 59 57 52 50 49 49 49 51 56 56 57 87 136 148 149 148 148 149 151 152 153 154 154 153 153 153 
157 157 156 155 155 155 156 155 153 152 151 147 113 66 56 56 54 52 51 50 51 51 50 51 51 51 51 52 52 51 51 52 51 52 52 51 51 51 51 51 51 52 51 51 51 51 51 51 51 50 50 51 51 51 51 51 51 51 50 50 50 50 51 50 50 50 49 49 49 52 59 61 63 91 138 150 150 150 149 149 150 152 152 152 152 152 153 153 
155 154 154 154 153 153 155 155 155 154 152 148 127 96 83 81 76 57 49 50 51 50 50 50 50 51 51 51 51 51 51 51 51 51 51 51 50 50 50 50 50 50 50 50 51 51 50 50 50 50 50 50 50 51 50 50 49 50 49 49 49 49 50 49 49 49 49 48 49 62 87 91 95 118 143 148 149 150 150 149 150 151 152 153 153 153 154 154 
156 156 155 155 154 154 154 155 155 154 152 147 135 115 98 93 86 60 49 50 50 50 50 50 50 50 50 51 51 50 50 50 50 50 50 50 50 50 50 50 49 50 50 50 50 50 50 50 50 50 49 50 50 49 49 49 49 49 49 49 49 49 49 48 48 48 48 48 49 61 88 93 96 121 142 147 149 150 150 150 150 151 151 153 154 155 155 155 
156 156 156 155 155 155 155 155 155 154 152 146 127 94 74 72 69 55 50 50 50 49 50 50 50 50 50 51 51 50 49 50 50 49 50 49 50 50 50 50 50 50 49 49 50 50 49 49 49 51 51 50 49 50 50 49 49 50 50 50 49 49 51 51 49 48 49 50 50 53 62 64 65 91 136 148 149 149 150 150 150 152 152 152 152 152 153 153 
155 155 155 155 155 156 154 153 154 153 152 147 114 64 53 52 52 52 59 67 58 50 55 66 62 52 52 64 66 54 50 60 67 59 51 56 67 64 52 52 64 67 55 49 59 69 61 50 53 68 67 54 51 63 70 59 49 57 71 66 51 53 69 72 56 49 63 74 63 50 48 49 49 73 130 147 148 149 149 149 150 151 151 151 151 152 151 150 
155 155 155 155 154 154 155 153 153 152 152 147 112 60 50 50 49 52 72 89 71 51 64 89 80 54 56 84 89 62 51 75 93 72 51 64 91 83 55 55 83 92 65 50 72 95 78 51 60 90 88 59 52 78 94 70 50 66 93 83 55 56 86 91 63 50 74 95 76 51 48 48 49 70 128 147 148 149 149 150 149 150 151 151 151 151 151 151 
155 156 156 155 154 154 154 154 153 152 152 146 112 60 50 50 49 51 74 92 72 51 65 91 82 54 56 87 92 63 51 76 95 74 51 64 92 85 55 55 84 93 66 50 72 97 80 52 60 92 90 60 52 80 96 71 50 66 94 84 54 56 87 94 65 51 75 98 77 51 48 48 49 70 128 148 149 150 150 150 149 150 152 152 153 152 151 151 
156 156 156 155 154 154 154 154 153 152 151 146 117 69 52 50 49 52 72 86 71 51 64 86 80 55 57 82 87 63 52 74 90 73 52 64 86 82 56 56 81 88 66 50 71 91 78 52 60 86 86 60 54 77 90 70 50 65 86 80 54 57 79 86 63 51 70 86 74 51 48 49 57 91 135 148 149 150 150 150 151 151 151 152 152 152 152 152 
154 154 155 155 155 155 154 153 153 151 150 146 131 99 66 56 54 56 65 67 64 53 61 65 66 55 58 66 67 59 54 65 67 65 53 62 65 68 56 58 65 67 61 53 63 67 66 53 59 64 66 57 55 64 65 62 52 60 62 64 53 56 60 62 57 52 59 60 62 53 54 64 88 126 145 147 148 149 150 150 151 152 152 151 151 151 151 151 
153 153 154 154 154 154 154 153 152 151 150 147 137 120 94 75 69 66 64 62 59 56 57 56 57 55 56 57 56 56 55 56 55 56 54 56 55 57 56 56 56 56 56 54 56 55 56 53 55 55 55 54 54 55 54 55 53 54 53 54 52 53 52 52 52 51 52 54 57 58 66 90 120 139 146 147 148 149 149 150 151 152 152 152 151 150 150 150 
153 153 153 153 153 153 153 152 152 151 150 147 137 123 103 83 76 72 67 64 61 58 57 57 57 56 56 57 56 56 56 56 56 56 56 56 56 56 57 56 56 55 55 56 56 55 54 54 54 55 55 54 54 54 54 53 54 53 53 53 53 52 52 52 52 52 54 56 58 62 72 99 127 140 146 146 148 149 148 149 150 151 151 152 152 151 151 151 
153 153 153 153 153 152 152 152 152 152 151 147 136 122 103 84 77 74 70 68 64 60 59 58 58 57 57 57 57 57 57 56 56 56 56 55 56 57 57 57 56 56 55 56 56 55 55 55 55 55 55 54 54 54 54 54 54 54 54 53 52 52 52 53 54 54 56 58 61 64 77 104 128 141 146 147 147 147 148 148 148 148 150 150 150 151 151 151 
153 153 154 153 152 151 151 152 153 152 151 146 136 123 104 85 79 76 73 71 68 65 62 61 60 59 58 57 58 58 58 57 57 57 56 56 56 57 57 57 57 56 56 56 56 55 56 56 56 56 56 55 55 55 54 54 55 55 55 54 54 54 54 54 55 56 58 60 63 67 82 108 129 141 146 148 147 147 148 148 147 146 147 148 149 150 150 151 
153 153 154 153 152 152 152 153 152 151 150 146 136 123 105 87 80 78 75 74 72 69 67 65 63 62 61 60 60 60 60 60 60 60 60 59 59 59 59 59 59 59 59 59 58 58 59 59 59 59 58 58 58 57 57 58 58 57 57 57 57 58 58 58 59 60 62 64 66 71 87 110 129 142 146 147 148 149 149 148 148 147 148 150 150 149 149 149 
152 152 152 152 153 153 153 152 152 151 150 146 138 124 108 91 84 81 80 79 77 75 73 71 69 68 68 67 66 66 65 66 65 65 65 65 64 64 64 64 64 64 64 64 64 64 65 64 64 64 64 63 63 63 63 63 62 62 62 63 63 64 65 66 67 68 69 70 72 80 97 116 131 142 146 146 148 149 149 150 150 150 150 151 151 150 149 149 
152 152 152 153 153 153 152 152 151 151 151 148 142 132 119 103 94 94 96 96 94 93 92 90 88 88 87 86 85 85 85 85 84 84 84 83 82 82 83 84 83 83 84 84 83 83 84 84 83 83 84 84 83 83 85 85 84 84 85 86 87 88 89 91 91 92 90 86 87 98 114 127 139 146 147 147 148 148 149 149 150 150 150 150 150 150 150 149 
153 153 152 152 153 152 151 152 151 151 151 149 147 143 136 129 123 123 125 126 126 126 125 123 123 122 121 121 121 121 120 120 120 120 119 118 118 118 119 120 119 120 120 119 119 119 119 119 119 120 120 119 119 120 121 121 121 122 123 122 123 124 126 126 126 127 126 123 123 127 134 140 145 148 148 148 148 148 148 149 150 150 149 149 149 150 151 151 
152 152 152 152 152 152 151 151 152 151 150 150 149 149 148 146 146 145 143 143 144 144 143 142 142 141 141 141 140 141 140 141 141 141 141 140 140 141 141 141 141 141 140 140 140 140 141 140 140 141 141 140 140 140 141 141 141 143 143 142 141 142 142 142 143 144 144 144 144 145 145 146 148 149 149 149 149 148 149 150 150 150 151 150 149 150 151 151 
151 150 151 151 151 151 151 151 152 152 150 149 149 149 150 150 150 149 147 147 148 147 146 146 146 147 147 146 146 146 145 146 146 147 147 147 146 146 144 144 145 145 144 146 146 145 144 145 144 144 144 144 145 145 145 146 147 147 146 145 145 145 145 145 146 147 147 146 146 147 148 148 148 149 148 148 148 149 149 149 150 149 150 150 149 149 149 148 
152 152 151 151 151 151 151 152 152 150 150 151 150 150 149 149 148 149 148 149 149 149 148 148 148 148 147 147 147 147 147 148 148 148 148 147 147 147 146 146 147 147 147 147 146 146 146 145 145 145 146 146 147 146 146 147 147 147 146 146 145 146 146 146 147 147 148 148 148 148 148 149 148 149 148 148 149 149 148 149 149 149 149 150 150 149 148 147 
152 152 151 151 151 151 151 151 150 149 150 150 150 150 149 149 149 149 149 149 149 150 151 151 150 149 148 148 148 147 147 147 147 148 149 148 148 147 147 147 148 148 148 147 147 148 148 148 148 147 147 148 147 147 147 147 147 147 148 147 147 147 147 147 146 147 148 148 148 148 148 149 149 149 149 148 148 148 148 148 148 149 149 149 149 149 147 147 
151 150 150 150 150 150 150 150 150 150 150 149 149 149 149 149 149 149 149 149 149 150 151 151 150 149 148 148 148 148 148 148 148 149 149 148 147 148 149 148 147 148 149 148 148 148 149 149 149 148 148 147 147 147 146 147 148 148 148 148 148 148 148 148 147 148 148 147 146 147 148 148 149 149 149 149 148 147 147 147 147 147 148 148 147 148 148 148 
149 148 149 150 150 150 151 151 150 150 150 150 150 150 150 150 149 149 149 149 150 150 150 150 149 149 148 149 148 148 149 149 148 148 149 148 147 148 150 149 148 149 149 148 148 148 148 149 149 147 147 147 147 147 147 148 148 148 150 150 149 148 148 148 149 148 148 148 146 146 147 148 148 148 149 149 148 148 148 148 147 147 147 148 148 148 148 148 
