163 163 162 163 161 155 141 117 101 103 104 103 103 104 104 93 63 58 59 60 60 59 61 60 59 59 60 60 60 61 62 61 61 60 60 61 61 60 60 60 62 62 61 60 60 62 62 61 60 61 61 61 60 62 68 96 124 125 123 124 124 122 123 123 124 122 121 121 119 108 81 80 99 97 99 110 121 122 122 124 124 121 122 122 120 109 82 65 62 62 61 61 62 62 61 60 
163 163 162 162 159 154 142 121 110 117 120 120 121 123 122 107 65 58 59 59 59 60 60 60 59 60 60 61 60 61 62 61 60 60 60 60 60 59 59 60 61 62 61 60 60 61 62 61 60 61 62 61 61 61 63 78 110 126 125 124 124 122 123 124 123 123 122 122 120 116 95 78 78 87 102 99 105 112 112 118 123 123 123 121 114 94 71 62 61 61 61 61 61 61 61 60 
162 162 162 161 157 153 146 132 119 116 122 124 126 126 125 109 66 58 60 59 59 60 59 59 60 60 60 59 59 59 60 60 59 60 61 61 61 60 59 60 60 60 61 61 61 62 62 62 61 61 62 61 61 61 61 64 81 117 127 124 124 123 124 124 124 123 123 122 121 120 116 94 70 76 89 77 73 76 76 88 113 124 122 115 93 70 63 61 61 61 60 60 61 61 61 60 
162 162 162 161 158 154 147 138 127 119 122 126 127 125 124 109 67 59 60 59 59 60 60 59 59 59 59 59 60 59 60 61 60 60 60 61 61 60 60 61 60 59 60 61 61 61 61 61 61 61 61 61 61 62 60 61 64 89 121 128 124 123 124 124 124 124 124 123 123 122 121 114 90 69 67 64 63 64 67 73 100 124 116 95 72 63 62 60 61 61 61 61 62 61 61 60 
163 163 162 162 159 155 147 138 124 111 109 112 112 111 110 98 64 58 59 60 59 60 60 60 59 59 59 60 60 60 60 61 61 60 60 60 61 61 60 61 60 60 59 60 60 60 60 60 61 60 60 62 62 61 61 61 62 67 95 123 127 124 124 125 125 124 124 123 123 123 122 120 111 85 66 66 71 86 96 101 111 118 98 73 64 63 61 62 62 62 62 62 62 61 60 60 
163 162 162 161 159 153 141 115 88 75 74 75 74 75 74 70 59 57 58 59 60 60 60 59 59 59 59 59 60 60 60 60 60 60 60 60 61 62 60 61 61 60 60 60 60 60 60 59 60 60 60 61 61 61 61 61 62 62 70 97 125 127 124 124 125 124 125 124 124 123 122 121 119 108 83 75 96 115 118 118 114 98 73 63 62 62 61 62 62 62 62 62 61 60 59 59 
163 162 162 161 159 154 136 86 62 58 59 60 60 59 60 60 59 59 59 59 60 60 60 59 58 59 59 60 60 60 61 62 61 60 60 61 61 61 61 61 60 60 60 61 60 60 60 60 61 60 60 60 60 61 61 61 62 62 62 73 104 125 124 122 122 122 123 123 123 122 122 121 120 117 106 103 118 120 119 114 95 73 63 63 61 61 61 61 61 61 60 59 59 59 60 60 
162 162 162 162 161 156 136 82 61 59 60 61 61 61 61 60 59 60 60 60 60 60 60 59 59 59 60 61 60 60 61 61 62 60 59 60 59 59 60 60 60 60 60 61 61 61 60 61 61 60 60 60 60 61 61 61 61 62 62 64 76 103 109 108 107 107 107 106 105 104 104 104 103 101 100 100 103 101 100 91 72 63 62 62 61 61 62 60 60 60 59 59 59 59 60 60 
161 161 162 162 160 154 139 95 69 63 63 64 65 65 65 64 60 60 60 59 59 60 60 59 60 61 61 61 60 60 60 60 62 62 59 59 59 60 62 61 60 60 59 60 62 61 60 61 61 60 60 60 59 61 61 61 61 62 61 61 63 70 73 72 73 73 72 71 71 70 70 71 70 68 68 68 69 68 68 66 62 61 61 60 60 60 62 60 60 60 60 59 60 60 60 61 
160 161 162 161 157 151 139 112 95 95 97 99 101 102 103 91 63 59 59 58 58 60 59 59 59 59 60 60 59 59 59 59 60 61 59 59 60 62 62 60 60 60 60 60 61 60 60 62 61 61 61 60 60 61 61 61 62 60 60 62 61 61 62 60 61 60 61 60 61 62 62 61 61 60 60 60 62 60 60 60 60 60 60 60 59 60 61 60 60 60 60 59 60 61 60 60 
161 161 161 160 158 152 143 124 112 116 122 123 124 122 123 107 65 57 58 58 58 60 59 59 60 59 59 60 59 59 59 59 60 60 59 60 61 60 60 58 59 61 61 60 61 60 59 60 62 62 62 61 60 60 60 60 60 59 60 61 62 60 59 59 59 61 62 60 61 61 61 61 62 62 61 60 61 61 60 60 60 59 60 60 59 59 60 58 59 59 59 59 60 60 60 60 
161 161 160 161 160 155 146 134 123 119 124 124 124 123 123 107 66 57 59 59 59 60 59 59 60 59 59 60 59 59 59 59 60 59 60 62 62 60 59 60 60 60 61 60 61 61 61 60 63 63 62 61 61 60 61 62 61 60 59 60 61 61 62 63 60 60 61 61 61 61 60 61 61 60 59 60 60 60 61 61 59 59 60 60 59 60 60 60 59 59 60 60 60 60 61 61 
161 161 161 162 161 156 147 138 128 123 123 122 121 121 120 106 66 57 59 59 59 60 60 59 59 59 60 60 59 58 59 60 60 64 74 74 67 61 64 71 65 60 62 72 69 66 76 79 83 83 78 67 61 64 74 79 74 64 61 60 61 64 79 87 71 60 60 68 81 80 72 63 60 59 60 60 59 59 60 59 59 59 59 59 60 60 59 60 60 60 60 61 60 59 59 59 
162 162 162 162 161 156 147 131 110 99 97 97 95 93 94 86 61 58 58 58 58 59 59 59 58 58 59 60 59 58 60 61 69 91 106 106 92 70 75 101 86 64 68 97 90 73 100 107 107 111 107 78 64 83 107 108 104 81 63 61 62 74 104 113 84 62 67 93 111 108 102 76 62 59 59 59 60 60 61 60 61 60 59 59 60 59 59 59 61 61 61 59 59 59 59 58 
162 162 163 162 160 155 141 103 73 63 63 64 63 62 61 62 58 60 60 59 59 59 58 58 58 57 58 59 58 59 60 61 82 110 103 103 110 87 72 103 106 71 76 110 88 68 80 83 88 109 105 72 68 104 109 93 107 105 71 62 66 94 116 116 87 64 81 112 99 91 112 98 67 59 60 59 60 61 61 60 60 60 59 59 59 59 59 59 60 60 60 59 59 59 59 59 
162 162 163 162 160 156 136 83 58 58 60 61 61 61 59 59 59 61 59 58 58 59 59 59 59 57 59 59 58 59 60 64 96 109 80 76 107 103 71 87 111 81 88 113 81 62 64 64 82 109 87 63 71 110 96 71 94 115 80 64 86 109 108 115 90 65 87 114 82 72 106 111 73 60 60 59 60 61 61 60 59 60 60 59 59 58 59 59 59 59 59 60 59 59 59 59 
161 161 162 161 159 155 135 84 60 59 59 60 61 59 59 59 59 60 58 57 57 58 59 59 60 58 60 59 59 60 60 67 104 103 67 64 98 110 73 74 108 96 101 105 71 60 61 67 99 105 72 62 69 105 107 87 105 118 86 75 108 109 94 115 91 66 79 112 97 88 114 112 74 61 60 59 60 60 60 60 59 60 60 59 59 58 59 60 60 59 59 59 59 59 59 59 
160 160 160 159 157 152 137 101 76 73 72 71 73 73 74 71 59 57 58 58 58 58 59 59 59 58 60 59 59 60 60 67 105 103 67 66 98 111 76 67 102 114 110 92 63 60 61 77 109 91 65 62 63 87 115 117 117 116 85 91 120 113 106 118 101 73 68 98 113 114 118 106 70 61 60 60 60 60 59 59 59 59 59 59 58 58 59 60 60 60 59 59 59 60 59 59 
160 161 161 158 154 151 139 118 106 110 113 111 111 113 113 101 63 56 59 59 58 58 58 58 59 58 59 59 58 59 60 64 100 109 77 73 105 105 71 63 94 120 114 83 61 59 62 89 111 80 63 61 61 77 99 101 108 110 79 87 112 114 114 120 108 79 66 85 95 98 111 100 66 60 60 59 60 60 59 59 58 59 59 59 59 59 59 59 59 60 59 59 59 59 58 58 
161 162 161 158 156 149 141 130 120 119 122 120 119 121 121 107 65 57 59 60 59 58 59 59 58 58 58 58 56 57 59 62 85 111 102 96 109 91 65 61 79 114 111 76 60 60 64 95 106 71 61 60 63 93 109 100 108 102 70 68 78 81 88 114 95 69 70 100 108 103 111 86 62 59 59 59 59 59 59 59 59 59 59 59 60 60 59 59 59 59 59 58 59 59 58 58 
161 161 160 159 158 151 143 135 126 120 120 120 120 121 122 107 65 56 58 59 59 59 59 59 58 59 59 58 56 56 59 60 67 93 111 105 94 72 61 60 65 92 97 67 60 60 62 83 88 65 59 59 61 79 102 107 102 81 62 60 61 63 72 99 84 63 64 83 104 106 93 69 60 60 59 59 58 58 59 59 59 59 58 58 58 58 59 59 59 59 58 58 59 59 58 57 
162 162 161 161 161 155 147 139 127 117 114 111 112 113 112 102 65 56 58 58 58 58 58 58 58 59 59 58 57 57 58 59 60 68 82 80 68 60 59 59 59 67 71 61 60 60 58 64 65 59 59 60 60 61 70 76 72 62 60 59 57 58 61 68 65 60 60 63 70 73 67 61 59 60 60 59 57 58 59 59 59 59 58 58 58 58 58 59 59 58 58 58 59 59 58 57 
161 161 161 161 160 157 149 126 101 85 80 79 80 79 78 75 61 58 58 57 57 57 57 57 58 58 58 57 57 58 58 58 59 60 62 61 59 58 59 58 58 59 59 59 59 59 58 59 59 59 60 60 60 60 61 60 60 60 60 59 57 59 59 58 57 58 61 59 58 60 60 59 59 60 59 59 58 59 58 59 60 59 59 59 59 59 59 59 59 59 60 59 59 59 58 58 
161 160 159 158 156 153 138 92 66 59 59 59 61 59 58 59 60 60 58 58 58 58 59 59 58 58 57 56 57 58 58 58 59 60 60 59 59 59 59 60 60 59 58 59 57 58 59 59 59 59 59 60 61 61 61 60 60 59 59 60 59 59 58 59 58 58 58 59 59 59 58 58 60 60 59 59 59 58 57 58 60 59 59 59 58 59 59 60 59 59 59 59 59 59 59 59 
161 160 159 157 155 150 131 79 57 58 57 59 61 59 59 58 59 60 58 57 58 58 59 59 58 58 56 56 57 58 58 59 59 60 61 61 60 60 60 61 61 59 59 60 60 59 60 60 59 59 58 59 61 61 61 63 62 59 59 59 60 59 58 58 59 59 58 59 60 59 59 59 59 60 58 60 62 59 57 58 60 59 59 60 59 58 59 59 59 61 63 60 59 60 59 59 
161 160 160 159 157 150 131 86 62 58 59 60 59 58 57 58 59 60 59 58 58 58 58 58 59 58 57 58 56 58 58 60 71 76 77 77 75 72 65 74 80 78 76 80 77 65 70 75 77 75 65 60 61 69 81 85 81 75 63 63 74 65 58 60 72 67 59 61 69 78 71 61 58 59 64 75 84 74 61 59 59 66 75 82 75 62 59 61 69 85 90 79 64 60 58 65 
161 161 161 161 157 150 137 107 88 86 87 87 87 86 86 87 89 91 91 91 91 92 92 91 92 78 58 58 58 57 57 63 93 107 108 109 103 96 78 96 111 112 109 106 98 80 100 108 107 107 91 67 64 91 114 112 106 97 72 75 104 82 60 70 98 80 61 74 99 109 101 75 60 64 89 105 109 102 75 60 65 96 109 109 103 81 62 67 93 110 106 102 75 59 64 88 
160 159 160 159 157 151 142 124 114 116 118 118 118 117 116 116 117 117 118 117 116 117 117 116 117 97 58 56 58 57 58 62 78 87 105 113 92 83 69 79 92 111 110 86 77 80 111 102 89 99 111 86 65 99 115 91 83 79 67 78 113 88 61 77 110 86 64 92 111 97 108 99 68 76 112 102 90 108 97 65 74 113 104 91 107 100 70 82 112 103 91 92 76 60 75 110 
161 160 160 159 157 153 146 134 123 118 120 119 119 118 116 115 116 116 117 115 115 117 116 114 116 96 57 56 58 58 58 58 62 65 95 108 74 63 60 61 67 101 106 70 62 77 113 94 67 74 106 99 69 100 112 79 71 69 61 76 113 89 62 75 110 89 67 102 102 71 95 111 79 87 117 87 68 99 107 72 76 113 103 90 107 99 69 90 119 111 102 91 71 61 85 115 
162 161 161 160 159 154 146 138 128 122 117 116 118 117 116 116 115 115 115 115 116 117 115 113 115 96 57 55 58 58 57 57 58 61 92 108 71 59 58 58 63 99 106 70 59 69 106 92 63 66 98 105 73 101 119 105 99 90 64 74 111 91 63 75 110 92 71 105 96 65 85 113 83 81 114 100 83 105 112 77 76 112 114 108 110 95 68 95 121 109 101 107 90 66 88 112 
162 161 161 161 159 154 147 138 123 109 101 100 101 101 101 101 100 99 98 98 98 97 96 95 97 84 58 57 58 58 58 57 57 59 89 106 71 59 58 59 63 98 105 69 59 67 105 93 63 65 99 105 73 101 120 101 92 83 64 76 114 94 63 74 110 93 70 106 97 65 83 110 79 67 97 116 111 116 111 79 86 116 98 86 101 104 74 97 117 85 72 101 104 71 88 115 
160 160 159 159 157 152 141 111 85 70 66 65 65 66 67 66 67 66 64 64 63 63 63 62 63 61 56 58 57 57 58 58 57 61 93 111 73 59 58 59 63 97 104 67 59 69 108 98 64 70 105 100 69 99 112 76 64 62 59 76 115 99 66 75 110 93 67 101 104 73 91 106 73 62 82 99 98 111 105 75 88 116 87 69 94 107 75 89 115 86 68 96 104 72 80 116 
158 158 158 157 155 150 133 84 60 58 57 56 57 57 58 57 56 57 57 56 55 56 57 56 55 56 57 57 56 57 58 58 58 61 92 111 73 57 57 58 62 94 103 66 59 72 112 108 84 91 107 87 66 98 111 70 58 59 57 67 106 111 89 93 110 87 64 90 111 101 107 96 66 65 95 106 97 108 94 66 79 114 107 94 107 104 70 71 105 106 95 104 93 66 70 103 
159 158 158 157 154 149 131 81 59 58 58 58 59 58 58 57 57 58 59 57 57 58 58 57 57 56 56 56 57 57 57 58 58 60 82 101 69 57 57 58 61 88 99 66 58 68 104 113 107 104 94 71 62 91 108 70 58 58 57 59 83 104 105 103 91 67 59 70 92 108 101 77 61 62 87 108 106 94 72 59 66 93 107 107 102 83 64 61 81 101 102 91 72 59 60 75 
160 160 159 159 156 151 135 94 67 62 63 64 63 63 64 61 56 57 58 57 57 57 57 57 56 56 56 56 57 57 56 57 58 58 65 76 61 57 56 57 59 70 76 63 58 61 76 85 82 77 67 60 59 70 82 63 56 55 55 56 62 71 74 74 65 59 59 59 64 75 71 62 58 58 64 75 77 67 60 58 59 65 74 75 69 61 59 58 60 67 71 65 58 57 56 59 
159 159 159 158 156 149 137 111 92 92 97 98 99 99 101 91 61 54 56 57 57 56 56 56 55 55 56 57 57 56 56 57 57 58 58 59 57 58 58 58 59 58 59 58 57 58 60 61 59 60 59 59 57 59 60 58 57 55 56 56 58 59 59 59 57 59 57 57 58 59 60 59 58 57 57 58 60 58 56 57 57 57 58 56 56 56 57 57 57 56 56 56 56 55 54 56 
158 158 157 157 155 149 141 128 113 112 114 111 113 115 116 105 65 54 57 58 57 55 55 55 56 55 56 57 56 55 55 56 57 58 57 58 56 58 58 57 58 57 58 57 56 57 58 57 57 58 56 57 57 57 58 58 58 57 58 57 57 57 57 57 58 59 57 56 57 57 58 58 58 56 57 58 58 57 56 56 56 56 56 57 57 56 56 56 56 57 57 58 56 55 55 55 
158 158 156 155 155 152 146 136 124 118 115 110 112 114 115 104 64 54 56 57 57 56 56 55 56 56 56 56 56 55 55 55 56 57 56 58 57 57 57 57 57 56 57 57 56 56 57 58 59 58 57 55 55 57 58 59 58 58 57 57 57 58 57 57 57 58 57 57 56 56 56 56 57 57 57 57 57 56 58 56 57 57 56 56 56 55 56 57 55 55 56 58 58 55 55 56 
159 159 158 157 155 152 144 135 126 118 111 109 110 111 113 102 64 53 54 56 56 56 56 54 54 55 56 56 56 57 57 57 58 60 63 61 58 58 57 58 62 64 60 58 57 57 59 63 69 64 60 57 57 57 64 68 65 59 57 57 57 58 58 56 56 58 57 57 60 65 59 57 57 57 57 56 63 68 62 57 57 57 57 55 56 55 56 57 55 55 55 57 58 56 55 56 
157 158 158 158 156 149 141 130 112 93 87 87 86 86 86 81 61 53 55 56 56 56 56 55 54 55 56 56 56 57 57 57 60 78 94 89 70 58 59 71 91 97 88 72 58 58 62 86 101 91 66 57 57 68 92 101 97 77 60 57 55 56 57 56 57 58 57 63 81 98 76 59 57 56 57 60 86 102 76 58 56 57 57 56 56 55 56 57 55 54 54 55 57 56 56 55 
158 158 157 157 154 147 134 101 72 60 60 60 61 60 58 59 57 55 57 57 56 55 55 56 56 55 55 55 56 56 56 58 73 102 105 108 93 63 63 94 112 101 103 101 72 60 77 106 105 107 88 61 63 92 110 102 108 103 70 58 56 56 56 57 57 57 64 88 110 113 84 60 57 58 59 74 105 114 87 58 55 56 57 56 56 56 56 56 55 54 54 54 55 56 57 55 
159 158 158 157 154 149 133 83 57 55 57 59 59 58 56 56 56 56 56 56 55 55 55 56 56 56 55 55 55 55 56 60 87 106 79 93 104 69 65 104 109 80 89 107 77 63 92 106 78 93 105 70 67 104 108 80 95 109 74 57 57 57 57 57 55 56 65 88 103 114 85 59 57 57 66 97 111 113 90 59 55 55 56 56 56 57 55 53 54 55 56 54 54 54 55 54 
158 158 157 156 155 150 135 86 58 55 57 58 57 57 56 54 55 55 55 54 55 55 55 55 55 55 55 55 54 56 55 61 95 99 64 76 105 73 63 97 114 99 104 105 72 63 99 99 64 80 107 75 65 102 115 102 109 106 72 58 56 57 57 56 55 55 56 63 78 110 86 59 57 60 82 108 98 110 91 60 56 55 56 56 56 56 54 53 54 55 55 55 56 55 55 56 
159 158 158 157 155 150 138 103 78 68 69 68 69 69 69 66 56 53 54 54 54 55 54 55 55 55 55 54 54 56 55 61 97 95 61 72 104 79 65 96 113 106 107 108 73 66 105 97 61 74 109 78 69 106 117 107 111 108 74 58 55 55 56 55 55 55 54 57 73 108 87 59 57 74 105 104 88 109 96 65 56 56 56 55 55 55 53 54 54 54 54 54 55 55 54 55 
158 158 157 156 155 149 139 120 108 105 106 101 104 105 104 97 64 53 54 55 54 54 55 55 55 55 54 54 55 55 56 60 93 100 66 77 106 78 70 106 98 74 81 106 81 66 105 103 66 79 109 78 75 112 101 74 86 110 83 58 55 55 56 55 54 55 55 56 73 109 88 59 59 85 116 113 108 115 109 83 60 56 55 55 55 54 53 54 55 55 55 55 54 54 55 54 
155 155 154 154 152 149 144 134 122 113 110 104 108 111 109 102 65 54 56 55 54 54 55 56 56 55 54 54 54 55 55 58 83 108 85 92 106 73 70 107 96 68 78 107 84 63 94 108 81 93 105 71 73 111 96 72 82 108 85 59 55 54 55 54 54 55 55 56 71 109 88 60 58 70 92 96 101 115 107 80 59 55 55 55 55 54 54 55 55 55 54 54 54 55 54 56 
156 156 156 156 155 152 146 136 126 116 108 105 108 110 110 103 64 54 57 55 54 53 54 54 55 55 54 54 55 55 55 57 69 103 105 104 91 63 64 96 110 98 102 104 76 59 75 102 104 105 90 62 65 101 112 104 105 104 75 57 56 55 55 54 54 55 55 56 68 104 86 59 57 57 60 63 75 107 94 63 56 57 56 56 55 54 55 55 55 55 54 53 54 54 54 54 
159 159 158 158 157 153 146 137 126 112 104 101 102 103 105 99 66 55 57 56 54 53 53 53 53 54 54 56 55 55 55 56 59 76 87 81 66 57 57 72 91 98 94 78 61 56 60 75 89 83 66 56 58 73 92 98 93 79 62 57 56 54 54 54 55 55 55 56 61 80 71 56 55 56 56 55 63 87 78 58 55 57 55 55 55 54 56 54 53 53 53 54 54 54 54 53 
159 159 158 157 155 148 140 125 101 78 73 73 73 72 74 71 58 54 55 55 54 54 54 54 54 54 55 55 55 55 55 56 57 59 60 58 57 56 56 58 62 66 64 59 56 56 57 58 61 61 57 56 57 58 63 64 63 58 56 56 57 55 55 56 55 55 55 56 56 58 57 55 55 56 57 54 56 62 60 55 54 55 54 54 55 54 55 55 54 54 54 53 54 54 54 53 
159 158 158 156 152 146 134 93 65 56 54 56 56 55 55 54 54 53 54 53 54 55 55 54 54 54 54 54 55 55 56 56 57 56 56 55 56 56 55 56 56 55 56 56 56 56 55 56 56 56 57 57 57 56 57 56 54 54 54 55 55 55 55 56 55 55 55 56 56 54 55 55 55 55 56 55 55 55 55 54 55 54 54 54 55 55 54 55 55 56 55 55 55 54 54 54 
159 158 157 156 152 147 131 83 56 56 55 56 55 54 55 55 55 54 55 55 55 55 54 53 54 53 54 54 56 56 56 55 56 55 54 55 56 57 55 55 56 55 55 55 55 56 56 57 56 56 56 56 56 56 56 55 55 55 55 55 55 54 55 56 56 57 56 56 56 55 55 55 56 55 55 55 55 55 55 54 56 55 54 56 56 55 55 55 55 55 55 56 56 54 55 57 
159 158 157 156 153 149 135 92 62 56 56 56 54 54 55 55 54 53 54 55 55 54 53 53 54 53 54 54 55 57 56 56 60 62 62 62 64 65 64 63 63 63 63 62 62 63 63 64 65 64 64 62 62 63 63 63 63 63 62 63 62 61 62 62 63 64 63 62 63 63 63 64 64 63 63 63 62 62 63 63 65 65 63 64 65 65 65 64 65 64 64 65 65 64 66 67 
157 157 156 155 154 149 138 112 89 82 82 82 82 82 82 78 58 52 54 54 54 53 53 54 54 54 54 54 55 57 56 59 84 98 98 97 96 98 98 97 98 97 96 97 98 97 98 99 98 98 98 97 96 96 97 97 97 98 97 97 97 97 97 97 97 98 97 96 97 98 97 99 100 99 98 99 98 97 97 97 99 101 98 97 99 100 101 100 100 99 100 100 100 100 101 100 
156 156 156 155 154 150 143 128 113 108 107 105 106 105 106 100 64 53 55 53 53 53 53 53 53 53 53 53 54 55 55 62 101 119 118 116 116 117 117 117 117 119 118 119 119 119 119 119 119 119 119 119 120 118 119 118 117 118 119 119 118 119 120 119 118 119 119 118 119 118 118 119 120 120 119 119 118 117 118 118 118 119 118 117 118 118 118 118 117 117 117 117 118 118 117 117 
156 156 155 155 154 149 144 135 123 113 109 106 106 106 107 102 66 53 56 56 54 53 53 53 54 53 53 53 53 54 55 63 102 121 118 116 117 118 118 118 118 120 119 120 120 120 120 120 120 121 121 120 121 122 121 120 120 120 121 121 120 120 122 121 119 120 120 120 120 120 119 120 121 120 119 119 119 119 119 118 118 119 118 117 118 118 118 118 117 117 117 117 117 117 117 117 
156 156 156 156 155 150 142 135 128 116 108 106 106 106 107 102 65 52 57 56 54 53 53 53 53 54 54 54 54 55 55 60 99 119 116 116 117 117 118 118 118 118 119 119 119 119 118 119 119 120 120 120 119 120 120 119 119 118 120 120 120 120 120 119 119 119 119 119 119 119 119 119 119 119 118 118 118 118 117 116 117 118 117 117 117 117 117 117 116 116 116 116 115 117 116 115 
158 157 157 156 155 150 142 136 123 101 92 92 91 92 93 90 63 51 53 53 52 53 53 53 52 53 54 54 54 54 54 61 100 118 114 114 115 116 117 117 117 117 118 118 118 119 118 118 118 120 120 120 119 118 119 119 120 119 119 119 119 119 120 118 118 118 117 118 118 118 118 117 117 118 118 118 118 117 117 115 116 118 118 117 117 117 117 116 115 116 116 115 116 116 115 115 
156 156 156 156 153 149 140 115 87 66 62 62 61 61 63 61 54 50 51 51 52 53 53 52 52 53 53 53 53 54 55 63 101 118 115 114 115 116 116 116 117 117 117 118 118 119 118 117 118 119 119 119 119 120 120 119 119 119 118 118 117 119 120 119 118 117 117 118 118 118 118 117 117 118 118 118 119 118 118 116 115 117 119 116 116 116 116 117 115 116 116 115 116 116 116 116 
154 154 155 155 152 147 135 89 58 54 55 55 54 53 54 54 52 51 52 53 53 53 53 52 54 53 52 53 53 54 55 61 99 117 114 113 114 115 116 117 116 117 117 117 118 118 118 117 117 118 117 117 119 119 119 119 118 118 118 117 116 117 118 117 117 117 117 118 118 118 118 118 117 116 116 116 116 116 116 116 116 116 117 116 116 117 116 116 114 114 115 115 116 116 116 115 
157 156 155 153 151 146 134 87 56 55 54 56 55 54 55 55 53 52 52 53 53 53 53 53 54 53 52 53 53 54 54 60 97 117 114 113 113 114 115 115 114 115 116 116 117 117 117 116 117 118 117 116 117 117 117 117 118 118 117 117 117 117 118 118 116 115 116 117 118 117 116 117 117 117 116 115 114 114 114 115 117 116 116 115 115 117 116 114 115 114 115 115 115 114 114 114 
157 156 155 154 152 147 134 100 68 60 59 60 60 59 59 58 54 53 52 52 51 52 54 53 53 53 53 53 53 53 53 59 95 116 113 112 114 115 115 115 114 116 116 116 117 117 117 116 117 118 118 117 117 117 113 104 101 101 102 106 112 117 118 118 114 106 107 115 118 117 114 109 115 117 115 115 116 116 115 115 116 115 115 115 115 116 117 115 115 115 115 115 114 114 114 115 
156 156 155 155 154 149 138 117 97 90 91 89 91 92 89 85 61 52 54 52 51 52 53 53 52 52 53 53 53 54 54 59 95 117 114 112 114 114 114 115 117 118 118 117 117 115 117 117 117 117 117 118 117 116 105 68 66 71 68 69 79 107 117 117 106 73 74 109 117 117 108 81 102 116 115 115 116 115 115 116 115 116 116 115 115 116 116 115 113 113 114 115 114 113 112 113 
156 156 156 155 153 149 143 132 119 107 104 102 103 104 104 99 64 51 54 53 52 52 53 53 53 53 53 53 53 54 55 60 97 119 114 113 114 114 114 115 116 117 117 117 116 116 117 117 116 118 118 117 117 116 99 57 80 97 95 75 51 89 114 115 91 55 53 91 116 117 103 64 94 115 116 116 115 114 114 115 114 115 115 114 115 116 115 112 113 113 114 114 113 113 113 113 
155 155 155 154 152 149 144 136 126 112 102 99 100 101 101 98 65 50 53 54 53 52 53 53 53 53 53 53 53 54 54 61 97 118 114 113 114 114 114 115 115 116 116 116 116 117 117 117 116 118 118 117 117 117 97 56 92 114 113 100 56 81 114 109 73 72 71 69 108 116 103 65 94 115 117 116 116 115 115 115 115 114 113 115 115 114 115 114 113 114 115 114 113 113 112 113 
154 154 154 154 153 148 142 135 127 113 101 98 96 97 97 96 66 51 52 53 52 52 53 53 52 53 53 53 52 53 54 59 97 118 114 114 115 115 115 115 116 118 117 116 117 118 117 117 117 117 118 117 117 115 98 54 84 104 103 88 59 90 114 98 61 89 89 56 92 116 104 66 95 116 117 117 116 115 115 116 116 115 115 117 116 116 115 114 115 116 115 115 116 116 114 115 
154 154 154 154 152 146 137 128 111 87 80 80 77 76 78 77 59 50 51 51 52 53 53 52 51 52 52 52 53 52 53 59 98 118 114 114 115 116 115 115 116 118 118 117 117 118 117 118 118 118 118 118 117 116 100 53 62 73 74 73 79 106 115 84 51 80 84 50 72 110 103 62 93 117 118 117 115 115 115 115 116 116 117 118 116 115 114 114 115 116 115 114 115 116 116 117 
155 155 154 153 151 147 136 103 70 55 55 56 54 54 55 55 52 50 50 51 52 52 52 52 51 52 52 51 52 52 53 61 98 118 115 115 116 115 115 115 116 118 118 116 117 118 118 118 118 119 119 118 115 116 101 59 79 93 96 103 111 115 109 66 50 62 67 53 56 101 102 64 94 115 116 117 116 117 115 115 116 115 116 117 115 114 113 113 114 115 115 114 113 114 114 115 
155 155 154 153 151 147 135 89 55 52 53 53 52 52 52 53 53 51 51 51 51 51 51 51 52 52 51 51 53 53 54 61 98 116 114 115 116 115 114 115 116 117 117 115 117 117 117 117 118 118 118 117 115 115 100 61 94 113 114 115 116 116 97 63 84 98 99 90 57 83 101 62 89 112 113 113 115 116 115 115 116 115 115 114 114 114 114 113 114 114 115 115 115 113 113 113 
154 154 153 153 149 145 135 94 59 52 52 52 52 51 52 53 53 53 52 52 52 51 51 51 53 52 50 52 53 54 54 60 97 116 115 116 116 115 114 115 116 117 117 116 116 116 116 117 117 118 118 117 117 115 102 65 95 113 117 116 116 115 87 75 108 115 114 110 74 67 98 62 66 87 91 90 106 115 115 115 116 116 116 115 115 115 115 114 114 114 116 116 115 113 114 113 
154 154 153 152 150 144 136 108 78 66 65 64 64 63 62 62 55 52 52 50 52 52 52 52 52 51 51 52 51 53 54 60 97 117 114 115 114 115 115 115 117 118 118 118 117 118 117 117 117 119 118 118 118 116 111 92 106 116 117 117 117 115 100 101 117 118 116 114 102 93 107 88 80 88 89 91 106 115 117 115 115 116 115 115 115 114 116 115 114 115 115 116 115 113 114 115 
156 155 154 154 153 148 141 124 106 97 95 95 95 93 91 87 62 50 51 50 51 51 51 51 52 51 51 51 50 53 55 59 97 118 115 115 114 115 115 115 116 117 117 117 117 117 116 117 116 117 117 118 118 117 116 115 116 117 116 116 117 116 115 116 118 118 117 116 115 112 115 113 112 112 112 113 115 116 116 115 114 115 115 113 114 114 114 114 113 113 114 113 113 113 115 114 
156 156 155 154 153 150 145 133 120 106 97 97 98 97 93 92 66 50 52 52 51 51 51 51 52 52 52 52 52 52 53 59 96 118 115 114 115 115 115 115 116 116 116 116 116 116 116 117 117 118 117 117 117 117 116 117 117 117 117 116 116 117 116 117 117 117 116 117 117 116 115 115 116 116 117 116 115 116 116 116 114 115 116 114 114 116 114 113 113 113 114 113 114 114 114 114 
155 155 154 153 153 149 143 133 123 107 94 96 99 98 95 91 65 50 52 51 51 51 51 51 52 51 51 52 52 52 52 58 92 115 112 111 112 112 113 113 114 114 114 115 115 115 115 115 116 116 116 115 116 117 116 115 116 116 117 116 116 116 116 116 117 116 116 116 116 116 116 116 116 116 115 115 115 116 116 115 115 115 115 114 114 115 113 112 112 112 112 113 114 113 112 112 
154 154 153 152 151 146 139 133 124 102 90 92 94 93 90 87 62 48 50 49 51 51 51 52 52 52 51 52 51 52 52 56 71 84 83 83 84 84 85 86 87 87 87 88 89 88 89 90 90 91 93 92 93 93 92 93 93 93 93 94 94 95 93 94 94 93 94 94 93 93 92 92 94 94 94 94 93 94 94 94 95 94 94 93 93 94 91 93 92 91 91 91 92 92 92 93 
153 153 153 152 150 145 136 124 100 73 67 67 70 68 67 67 58 51 51 50 51 50 51 52 51 51 52 51 50 52 52 53 55 57 56 57 56 56 58 58 58 58 58 58 59 58 59 59 59 60 62 61 60 60 59 60 61 61 61 61 61 62 60 61 61 61 61 61 61 62 59 59 61 61 61 61 60 61 61 61 62 62 61 61 62 62 61 61 61 61 61 60 60 61 61 61 
151 152 152 153 150 145 134 99 63 51 51 52 53 52 51 52 53 53 54 52 51 51 51 52 51 51 51 50 51 51 50 52 52 51 52 52 52 52 53 53 52 52 52 52 53 53 53 52 52 53 53 52 52 52 51 52 53 53 52 52 52 54 51 52 52 53 52 52 53 53 51 50 51 50 52 52 52 53 52 52 52 52 52 52 52 52 51 52 52 52 52 52 53 52 52 51 
152 151 151 152 152 146 134 90 52 49 50 53 53 51 50 50 51 51 52 51 50 50 50 50 51 50 50 50 50 51 50 50 50 51 52 51 51 52 52 52 52 51 51 52 52 52 52 51 51 52 52 52 51 51 50 51 52 51 51 51 51 52 50 51 52 53 51 51 51 51 51 51 51 50 51 51 51 51 52 52 51 51 51 51 51 51 51 51 51 51 51 51 52 51 51 50 
154 152 150 151 152 147 137 98 61 51 51 53 53 51 51 51 50 50 50 50 51 50 50 50 51 51 50 50 50 51 51 51 50 51 52 51 51 52 52 51 51 51 51 51 51 52 50 51 51 51 51 52 52 51 51 52 51 50 50 50 51 51 51 51 52 52 51 51 51 51 52 52 52 50 50 50 49 50 51 51 50 50 49 50 50 51 51 51 52 52 51 51 51 50 50 50 
153 152 151 152 150 147 138 115 88 75 74 75 75 73 73 72 58 49 49 50 50 50 51 51 51 50 50 50 50 50 50 50 50 51 52 51 51 52 51 51 51 51 51 51 52 52 50 50 51 51 51 52 52 50 49 50 51 51 49 50 50 51 50 51 51 50 50 49 50 51 51 52 51 50 51 50 49 50 51 51 49 49 49 50 51 51 50 50 51 51 51 51 50 50 50 50 
155 155 154 153 151 148 141 129 114 103 99 97 96 95 95 92 65 48 49 50 50 49 51 51 50 50 50 51 50 50 50 50 51 51 51 51 51 51 50 50 51 51 51 51 51 51 50 51 51 50 50 51 52 51 50 51 51 51 49 50 49 50 50 50 50 50 49 49 50 50 51 51 51 50 51 49 49 50 51 51 50 49 49 50 51 50 50 50 51 51 50 50 49 49 49 49 
156 155 153 151 151 148 141 135 124 111 101 97 96 95 94 91 65 47 49 50 50 50 51 50 50 50 50 50 50 50 51 50 50 51 50 50 51 51 50 49 50 51 51 51 50 50 51 52 51 50 50 51 51 50 51 51 50 50 49 50 50 49 49 50 50 50 50 50 50 50 50 50 50 51 51 49 49 50 51 51 50 50 49 49 49 49 49 49 50 50 49 50 49 49 49 49 
156 155 152 150 150 145 138 133 126 113 100 97 97 96 94 90 65 48 49 50 49 50 50 49 49 49 49 50 49 51 52 50 50 50 49 49 50 51 52 50 50 50 50 50 49 50 50 50 50 49 50 50 49 49 50 50 49 50 49 50 50 49 49 50 50 49 49 50 50 50 49 50 50 50 50 49 50 50 50 50 50 50 49 49 50 50 50 49 49 49 49 49 49 49 48 49 
155 154 152 151 148 142 137 131 122 100 84 84 85 85 83 81 61 49 49 50 49 50 50 50 50 49 48 50 50 50 50 50 50 50 49 49 50 51 52 51 50 49 49 49 50 51 50 49 49 48 49 49 49 49 50 50 49 50 49 50 49 49 49 50 49 49 48 49 50 50 50 50 50 49 48 49 49 50 50 49 49 50 49 49 50 50 50 49 49 49 49 49 49 49 49 50 
153 153 153 152 150 146 136 116 89 65 57 59 59 58 58 58 53 50 50 50 49 49 49 50 50 49 49 50 50 49 49 49 50 50 49 49 50 50 49 49 50 49 49 50 49 50 49 48 49 49 50 49 49 49 50 50 49 50 49 50 49 50 50 49 49 48 48 48 49 50 49 49 49 48 48 48 49 50 49 48 49 50 49 49 50 50 50 49 49 49 49 49 48 48 48 48 
153 153 153 152 151 147 138 98 59 51 51 52 52 51 50 50 50 51 49 51 52 53 51 49 50 50 49 51 52 52 51 50 49 50 50 49 51 51 51 51 50 48 48 48 48 51 51 51 52 49 51 51 49 50 52 51 52 52 49 50 49 50 53 52 52 52 49 47 48 50 50 52 52 52 52 49 49 48 48 49 53 55 55 54 50 49 50 48 51 55 55 56 54 49 49 49 
153 153 153 151 149 147 137 96 55 50 51 52 51 50 49 50 51 51 55 73 80 81 74 52 48 50 50 64 78 79 78 68 50 50 50 52 72 80 80 77 58 48 49 48 56 78 80 79 74 53 50 51 49 64 80 80 80 70 50 50 50 51 71 81 81 81 65 48 47 48 54 76 83 84 81 59 48 48 47 57 80 85 84 78 56 48 50 48 65 84 85 86 75 50 49 49 
152 152 153 151 149 148 139 97 55 50 51 51 51 50 49 50 51 50 62 89 96 96 88 57 49 50 50 74 95 97 96 80 50 49 48 54 86 99 100 97 67 49 49 48 62 96 99 100 92 58 48 49 49 73 99 100 98 84 52 49 50 51 82 100 100 101 78 50 48 48 56 92 103 101 98 68 48 49 46 63 95 100 100 92 62 49 49 48 69 97 99 99 88 53 48 49 
150 151 153 152 151 149 139 98 55 49 50 51 51 49 48 48 51 49 61 90 95 95 88 57 49 50 50 73 94 97 95 78 50 49 48 53 85 97 97 95 68 49 50 48 60 95 99 98 90 58 48 50 49 72 99 99 98 83 51 49 50 51 81 99 99 98 78 49 48 50 55 89 101 100 97 68 48 48 47 62 96 100 100 92 61 48 48 48 68 97 100 99 87 53 49 50 
151 151 152 151 149 146 137 96 55 50 50 50 50 50 48 48 50 48 59 89 94 94 87 57 48 50 50 73 95 96 95 77 48 49 48 53 85 98 98 95 67 48 50 49 59 94 99 97 90 57 48 50 48 70 96 97 97 82 50 49 49 49 80 97 96 96 77 48 47 49 54 87 99 99 98 68 48 48 47 60 96 100 99 90 60 49 49 48 68 97 100 98 85 53 48 49 
152 152 153 152 149 144 136 97 56 50 50 50 50 50 48 49 50 49 59 90 95 95 88 58 49 50 50 72 96 97 96 78 49 48 49 54 85 99 98 96 67 47 49 49 61 93 98 97 91 58 48 49 49 70 96 97 95 82 51 50 48 49 80 98 97 96 77 47 47 48 55 87 100 100 97 68 48 48 48 61 95 100 99 90 60 50 50 48 68 97 101 100 86 53 48 49 
153 153 153 152 150 145 137 100 56 49 50 50 50 50 48 49 51 50 60 90 97 96 90 59 48 49 50 72 95 99 98 80 50 48 49 54 86 100 100 98 69 48 49 49 60 95 99 99 93 60 48 50 49 71 98 98 98 85 52 49 49 50 82 99 98 98 77 47 46 49 55 88 102 102 97 68 48 48 47 61 96 102 101 92 60 49 50 48 68 98 102 102 88 53 47 49 
153 152 151 151 149 145 137 110 74 57 51 50 50 49 49 50 50 50 63 84 86 86 86 59 48 49 49 72 88 88 91 80 51 49 48 55 83 89 90 93 70 48 50 48 62 91 90 92 92 60 48 49 50 72 90 89 93 87 53 49 50 53 82 90 89 95 80 50 47 49 57 85 92 93 96 68 47 48 48 64 89 88 92 91 61 49 50 50 72 89 89 95 88 53 48 49 
152 150 149 150 149 145 138 126 109 81 55 49 50 49 49 49 49 52 68 72 64 66 77 60 48 49 57 74 69 62 72 77 54 48 49 64 76 67 64 77 71 49 48 52 70 74 64 68 83 63 48 49 57 75 70 63 72 82 56 49 51 63 75 66 64 78 79 51 46 51 66 74 64 67 82 70 49 48 53 71 69 60 67 82 63 49 49 60 73 65 59 71 81 56 47 48 
151 150 149 150 149 146 140 132 123 103 71 59 57 56 55 54 52 56 67 64 59 59 68 63 50 48 61 69 58 55 59 70 56 47 51 70 67 55 53 62 67 51 48 56 69 60 54 56 68 64 49 49 62 69 57 53 58 72 59 48 51 68 65 54 54 62 70 53 48 54 67 62 55 55 66 66 50 48 56 67 57 52 54 67 62 49 49 63 66 55 52 58 69 57 47 48 
151 150 149 149 149 146 141 134 126 115 100 85 75 70 68 67 65 64 64 62 61 59 60 60 55 53 56 57 54 54 55 58 56 52 53 60 58 54 53 55 59 52 51 55 58 55 53 54 57 58 52 51 56 57 53 52 54 60 58 53 53 58 56 53 54 55 58 54 51 53 57 54 53 53 55 57 53 51 53 56 54 53 53 55 55 51 51 55 56 53 53 53 57 54 51 51 
152 152 152 151 149 147 142 135 128 120 110 95 83 77 75 73 72 70 65 63 63 62 59 57 56 56 56 55 56 55 56 55 55 54 55 56 57 56 54 55 56 55 54 55 54 54 54 55 54 54 55 54 54 54 54 55 55 56 55 56 55 54 54 56 56 55 55 54 54 55 55 55 55 53 54 54 54 54 54 54 55 54 54 54 55 54 54 54 53 54 54 53 54 53 53 54 
