0 6 6 6 6 8 8 4 4 12 14 6 2 2 4 6 2 0 4 2 0 6 6 6 8 4 4 4 -4 -6 0 6 6 2 0 0 2 2 4 2 -6 -4 6 12 4 -4 2 8 2 -2 4 4 -4 -2 2 0 0 2 2 0 0 2 0 -2 -4 -4 0 2 4 2 0 -4 0 6 4 4 6 -2 -6 2 0 0 4 0 -6 -4 4 2 -6 -4 2 2 0 2 4 -2 -4 4 4 -4 -6 -4 -6 -2 0 -4 -2 2 2 0 0 0 -2 -4 0 -2 -2 6 2 -4 -2 -2 -6 -4 4 4 -6 -4 0 0 4 0 -4 -6 -2 0 -2 0 -6 -10 -10 -6 4 4 -2 0 -2 -8 -6 -8 -8 -6 -6 -4 -6 -8 -6 -8 -10 0 
0 5 4 6 8 9 9 5 4 11 14 7 1 1 4 5 2 1 3 3 3 6 5 6 7 3 3 3 -3 -3 1 4 5 2 0 -1 2 3 4 3 -4 -3 5 9 2 -4 1 6 3 1 4 3 -3 -2 0 1 3 2 1 0 0 1 0 0 -3 -3 1 1 2 1 0 -3 1 6 4 2 3 -3 -6 3 0 -2 6 3 -6 -3 4 0 -7 -2 5 3 -1 -1 1 -3 -3 4 3 -3 -3 -2 -6 -4 -2 -3 0 1 0 0 0 0 -1 -3 -1 -2 -2 4 3 -3 -3 -2 -6 -3 5 4 -4 -4 -3 -1 3 -1 -3 -4 -1 -1 -3 1 -5 -12 -10 -3 4 2 -4 0 -1 -8 -6 -6 -7 -6 -5 -5 -7 -8 -5 -8 -11 0 
0 4 1 5 11 11 10 7 5 9 12 7 1 0 3 6 5 3 2 4 5 3 3 7 5 2 2 1 -1 2 4 2 3 2 1 -1 1 3 3 3 -1 -1 4 5 -1 -4 0 3 3 4 4 3 0 -2 -3 1 5 2 1 2 0 -1 0 2 0 1 3 -2 -3 -1 1 1 3 4 3 0 -1 -3 -4 3 -1 -6 6 7 -4 -2 1 -3 -6 2 9 4 -3 -5 -1 -2 -1 2 0 -1 1 0 -6 -6 -4 -3 1 1 -2 -2 0 2 1 0 -3 -4 -1 1 4 0 -4 -3 -5 -1 5 2 -2 -4 -6 -3 0 -1 -1 -1 0 -2 -4 0 -3 -11 -8 2 3 -3 -7 -1 0 -7 -8 -5 -4 -4 -5 -8 -8 -8 -5 -8 -11 0 
0 6 3 5 10 9 8 7 6 8 9 5 4 2 2 11 10 4 4 3 1 -1 1 6 3 3 3 0 0 3 6 3 1 2 4 2 0 2 2 1 0 0 3 3 0 -2 0 2 1 3 4 4 2 -2 -3 0 1 0 2 5 1 -2 0 2 3 4 3 -3 -5 -1 3 5 4 1 1 0 -2 -2 0 2 -3 -7 2 5 -1 -2 -3 -2 0 3 6 2 -5 -3 4 2 -1 -2 -4 -2 1 0 -4 -4 -4 -5 -1 2 -1 -4 1 5 1 1 -3 -6 -1 1 4 2 -2 -2 -2 -2 0 -1 -3 -3 -4 -5 -3 0 0 0 -1 -2 -3 -3 -2 -5 -4 3 0 -7 -7 -3 -2 -4 -7 -6 -2 -2 -8 -12 -9 -8 -6 -8 -10 0 
0 8 9 7 6 5 5 4 5 8 9 5 6 6 4 14 12 3 5 2 -2 -1 0 2 1 3 3 0 0 2 6 4 0 3 6 3 1 3 2 0 0 0 2 2 3 2 -1 0 1 3 3 2 2 0 -1 1 -1 -3 -1 4 3 -1 -1 2 4 2 1 -2 -2 3 5 4 2 0 0 1 -2 -3 2 2 -3 -4 0 1 1 -1 -4 0 5 2 -1 -3 -6 1 7 3 -2 -4 -6 -4 -1 -1 0 1 -3 -4 -1 0 0 -1 3 2 -3 -1 0 -4 -4 2 5 2 0 0 -1 -5 -5 -2 -3 0 -1 -7 -5 -1 0 0 -2 -2 -1 -3 -3 -2 -1 1 -3 -8 -5 -4 -6 -1 0 -4 -3 -4 -10 -14 -11 -7 -5 -9 -12 0 
0 5 10 7 5 7 4 1 5 9 10 7 5 7 7 12 11 1 2 3 0 1 -1 -1 1 2 0 0 1 2 5 4 2 4 4 2 3 3 1 0 1 1 2 2 3 3 -1 -1 2 3 1 1 2 2 0 2 2 -3 -4 1 3 1 -2 0 3 0 0 -2 0 6 6 1 -1 0 0 2 -1 -3 1 1 -1 -2 0 1 2 1 -3 -1 5 2 -4 -5 -4 1 2 1 -1 -5 -4 -1 -4 -4 4 6 -2 -2 -1 -2 1 3 4 -4 -7 -1 3 0 -5 -1 4 2 -1 -2 -3 -4 -4 -2 -1 1 -2 -7 -6 -3 0 0 -1 -2 -1 -1 -4 -3 -1 0 -3 -7 -3 -3 -6 -1 1 -3 -4 -5 -8 -12 -11 -6 -5 -11 -14 0 
0 2 5 5 7 10 5 2 6 9 10 9 4 5 8 8 8 0 -1 4 3 2 -2 -1 4 2 -4 -1 3 2 3 4 4 4 2 3 4 1 0 0 3 3 2 1 0 1 2 2 2 1 -1 2 1 2 0 1 4 -2 -3 0 1 3 0 -2 1 0 0 0 2 5 3 -1 -1 0 0 1 0 -1 0 0 0 -2 0 2 1 0 -2 0 5 2 -4 -3 -2 -1 -1 1 -1 -6 -1 3 -4 -6 5 6 -4 -4 -2 0 2 4 4 -4 -7 -1 3 2 -3 -7 -1 2 0 -2 -3 -1 -1 -1 -1 -3 -5 -5 -5 -3 0 0 -1 -4 -3 0 -3 -3 -3 -1 -1 -4 -2 -2 -2 -3 -5 -6 -4 -2 -6 -10 -8 -6 -7 -12 -12 0 
0 4 2 5 8 7 6 6 5 6 11 11 4 4 7 5 5 0 -3 3 4 1 0 3 7 2 -6 -3 4 4 3 4 2 3 3 3 3 0 0 0 2 3 4 1 -2 0 4 4 2 -1 -2 2 0 3 0 -1 4 -2 -3 0 1 3 2 1 1 0 0 3 4 2 -1 -3 -1 0 0 1 2 1 1 -1 -2 -1 0 2 1 -3 -3 2 6 3 -4 -3 -3 -3 3 4 -3 -5 -1 2 1 -4 1 2 -6 -6 -1 2 1 4 4 -1 -5 -2 1 -1 -5 -10 -2 4 3 -1 -3 0 1 1 -3 -6 -4 -3 -3 -1 0 -1 -3 -6 -5 -1 -1 -1 -4 -3 1 -1 -4 -4 -1 -3 -6 -7 -5 -1 -6 -9 -5 -6 -8 -12 -11 0 
0 7 3 6 8 4 6 8 4 4 10 11 5 4 5 3 3 0 -4 1 5 2 4 6 7 3 -4 -2 4 6 4 3 0 1 3 1 0 0 1 0 -2 0 5 3 1 1 3 3 0 -2 1 3 -1 2 0 -2 4 0 -3 1 3 1 1 5 3 0 1 4 1 -3 -2 -3 -2 1 1 2 4 2 3 -2 -6 -1 1 4 3 -3 -3 1 3 2 -3 -3 -4 -4 6 6 -4 -4 -3 -2 3 -1 -3 0 -3 -4 1 2 0 2 1 -1 -3 -1 0 -5 -8 -7 1 5 3 -4 -5 0 3 2 -5 -6 -1 1 0 -1 -1 -2 -3 -5 -6 -3 -1 -1 -4 -3 2 0 -6 -6 -2 -1 -3 -6 -7 -4 -5 -6 -5 -7 -7 -10 -12 0 
0 8 5 6 8 5 6 8 4 4 5 7 9 7 5 1 0 0 -5 -1 7 6 7 6 4 2 -1 1 3 5 4 2 1 1 2 -1 -3 0 3 1 -4 -3 2 5 6 2 1 1 -2 -2 4 4 -2 -1 0 -1 3 2 -1 3 4 1 0 4 5 0 1 4 -2 -6 -2 -1 -1 2 1 0 4 3 2 -2 -6 -2 2 5 3 -1 -1 1 1 0 -2 -1 -3 -4 5 4 -4 -4 -4 -3 -1 -2 -3 1 2 0 3 2 -1 -3 -5 -2 0 -1 0 -3 -5 -3 -1 2 2 -4 -4 0 3 0 -7 -6 1 5 2 -3 -4 -2 -1 -3 -5 -5 -2 -1 -4 -3 0 0 -3 -4 -3 0 -2 -7 -8 -6 -4 -5 -7 -7 -5 -7 -10 0 
0 8 7 8 9 6 5 6 3 4 1 1 13 14 7 0 -2 -2 -9 -1 10 7 7 7 1 -2 0 1 2 4 3 3 4 3 2 -2 -3 0 4 3 -4 -3 1 6 7 1 1 1 -2 -3 3 4 -2 -2 0 0 1 0 0 4 4 3 0 1 6 2 0 2 -2 -4 0 1 0 -1 -4 -2 7 5 -3 -2 0 -1 -1 1 1 0 1 4 4 1 -2 0 -2 -4 4 1 -4 -3 -3 -1 -5 -5 0 2 2 2 3 1 -2 -5 -7 -2 3 -1 0 1 -1 -3 -5 -1 0 -2 -1 1 2 -3 -7 -3 3 3 -1 -5 -6 -3 0 0 -4 -6 -1 1 -3 -5 -4 0 2 -2 -6 0 -1 -9 -8 -4 -4 -6 -7 -5 -5 -8 -8 0 
0 9 9 10 10 7 4 2 1 4 1 -2 11 16 8 1 -1 -4 -11 2 12 4 5 7 0 -3 0 1 3 3 1 4 6 4 2 0 -1 -1 4 4 -4 -1 4 5 4 -1 1 2 -2 -2 4 4 -2 -3 -1 0 1 -1 1 4 2 2 -1 0 5 5 3 -1 -2 0 1 2 1 -4 -7 -1 8 4 -6 -2 4 1 -4 -3 0 0 2 5 4 1 -1 0 -3 -3 4 0 -3 -2 -2 1 -2 -3 3 1 -3 0 1 0 -1 -3 -5 -2 2 0 0 1 0 -3 -3 -2 -4 -3 0 2 0 -3 -3 1 3 -1 -6 -7 -5 -3 1 1 -4 -5 -1 1 -1 -5 -6 1 4 -4 -9 -1 0 -8 -7 -3 -5 -5 -4 -3 -7 -12 -9 0 
0 11 10 8 8 7 5 1 1 4 2 0 6 9 6 3 2 0 -5 3 9 2 3 3 0 0 0 2 4 2 0 4 5 3 3 4 1 -3 4 5 -4 0 7 3 -1 -3 -1 1 -1 1 6 5 0 -2 -3 -2 3 2 3 3 -2 0 -1 0 3 4 5 -1 0 2 -2 1 1 -2 -1 1 3 1 -4 -3 1 4 0 -3 -1 -2 0 2 1 1 0 -1 -3 -1 4 0 -2 -2 -4 0 4 3 5 0 -6 -2 1 1 -1 -3 -3 -2 -3 -2 0 0 0 -2 0 -1 -3 -2 0 0 -4 -1 0 -1 0 0 -5 -7 -4 0 2 -2 -4 -4 -2 0 -2 -5 -4 2 2 -6 -9 -3 0 -3 -5 -6 -7 -4 -1 -2 -8 -14 -11 0 
0 13 9 4 6 6 7 4 2 4 1 1 4 3 2 4 6 6 3 1 4 3 2 0 0 2 0 1 4 3 -1 3 5 2 3 5 2 -3 4 6 -2 1 6 1 -5 -4 -1 1 1 1 4 6 2 0 -4 -4 5 4 3 1 -3 2 3 1 0 0 1 0 3 1 -3 -1 -3 1 7 2 -1 0 -1 -2 -1 6 5 -1 -2 -6 -4 1 1 2 0 -2 -2 -1 3 0 -2 -1 -6 -3 5 4 4 0 -4 -1 3 2 -4 -4 0 -2 -6 -3 1 1 -1 -3 -1 0 0 0 0 -2 -4 -1 -3 -4 -1 2 -1 -5 -3 2 1 -3 -3 -4 -3 -1 -5 -6 -1 1 -2 -6 -6 -3 0 -1 -4 -7 -8 -4 -1 -4 -8 -12 -11 0 
0 14 9 2 6 7 7 6 3 4 0 -1 3 2 0 5 8 7 7 1 1 4 3 1 0 1 0 1 4 3 -3 1 7 3 1 2 1 -1 4 5 2 3 2 0 -4 -2 0 2 3 0 1 4 0 -2 -3 -1 7 3 0 1 0 3 5 2 -2 -2 -2 0 3 -1 -2 -1 -4 3 9 1 -3 -1 1 2 1 4 4 -1 -2 -6 -4 4 2 0 -1 -1 0 -1 0 -1 -2 0 -2 -1 2 -1 -1 -1 -1 0 2 0 -6 -4 3 0 -5 -2 3 2 -3 -2 0 -1 -2 -1 0 -2 -2 -2 -6 -3 1 0 -3 -4 -1 2 1 -1 -1 -4 -6 -3 -4 -4 0 0 -4 -8 -6 -2 1 -1 -4 -6 -8 -4 -3 -6 -8 -10 -10 0 
0 13 11 4 5 7 5 5 6 4 1 1 2 0 -1 5 8 7 7 2 0 3 3 1 1 2 1 2 3 2 -2 1 6 2 0 0 1 1 4 3 2 3 1 1 -1 2 1 1 3 0 1 2 -3 -4 -1 2 7 2 -2 2 2 0 1 2 0 0 0 0 1 -2 -3 0 1 5 6 -1 -4 -2 2 3 1 1 1 -3 -3 -2 1 6 1 -2 -2 0 3 2 -2 -3 -2 0 4 3 -2 -4 -3 -2 -1 -1 -2 -3 -4 -3 3 1 -3 -1 2 -1 -4 2 3 -2 -3 -1 0 -3 -4 -2 -4 -3 1 -2 -6 -2 0 1 1 0 2 -4 -9 -3 0 -2 -1 0 -4 -10 -8 -3 1 0 -4 -5 -7 -5 -4 -5 -8 -10 -10 0 
0 12 11 5 4 6 4 4 9 5 1 4 3 -3 -3 3 8 9 5 1 0 1 1 0 3 5 2 1 2 4 3 3 1 -2 1 1 2 2 2 0 -1 2 3 3 0 3 3 0 1 0 2 4 -1 -4 -2 1 4 2 1 2 1 -2 -3 2 4 3 2 1 1 -2 -4 -2 3 6 2 -2 -2 -1 1 1 0 0 1 -2 -3 0 2 2 0 0 -1 -1 2 4 -2 -4 -1 -1 4 4 -3 -4 -1 -1 -3 -2 -3 -2 0 -1 1 -1 -2 0 -2 -5 -3 3 2 -3 -2 1 2 -2 -7 -4 -1 -4 -1 -1 -4 2 0 -2 -2 -1 4 -4 -9 -1 2 -2 -3 -1 -3 -8 -6 -4 -3 -2 -3 -2 -4 -6 -5 -4 -7 -9 -9 0 
0 11 9 3 4 6 4 5 11 7 -2 1 4 -2 -2 4 7 7 3 0 1 1 -1 -1 4 4 0 0 3 7 6 4 -1 -4 1 3 3 1 -2 -2 -1 2 4 4 0 1 4 1 0 0 1 6 5 -3 -5 -1 0 1 5 4 2 0 -4 1 6 3 1 1 1 -1 -2 -3 0 4 0 -1 1 -1 -1 1 1 0 3 2 -2 -1 -2 -5 -1 2 1 -1 1 4 -3 -4 0 -2 1 3 -1 -4 0 1 -3 -2 -3 1 3 0 1 0 -2 -3 -5 -3 -1 0 -1 -4 -3 0 4 2 -7 -6 0 -3 -3 -1 -1 3 0 -3 -4 -4 1 -3 -5 0 1 -1 -4 -4 -2 -4 -3 -4 -6 -3 -2 -1 -1 -5 -6 -4 -6 -8 -9 0 
0 8 7 4 5 5 4 7 11 7 -3 -2 4 3 3 7 5 2 1 0 3 2 -4 -3 4 2 -2 0 4 7 4 4 3 -3 -2 4 5 0 -3 -1 0 1 4 4 0 1 4 2 0 -1 0 6 6 -2 -5 -2 0 1 4 6 5 2 -4 0 5 1 1 0 -1 1 2 -1 -4 1 3 0 -1 -2 -2 1 2 1 3 2 -1 0 -2 -6 -3 0 2 1 2 2 -4 -3 1 0 0 0 -1 -3 0 2 -2 -3 -4 1 4 0 1 2 -1 -6 -6 1 0 -2 0 -2 -5 -5 1 2 -5 -3 2 -2 -6 -3 0 1 0 -1 -4 -6 -2 -1 -1 0 -1 -1 -4 -6 -2 -1 -1 -4 -5 -2 -3 -2 -1 -4 -4 -4 -7 -9 -12 0 
0 6 7 6 5 3 4 8 8 4 -1 -1 4 8 7 6 4 2 1 0 3 1 -5 -3 2 2 1 0 2 4 1 4 8 1 -3 2 3 0 1 2 0 -1 2 3 1 3 3 2 0 -3 1 7 2 -3 -3 -1 4 3 1 4 4 2 -3 -2 2 1 4 3 0 1 4 0 -6 0 5 -2 -6 -1 0 1 2 1 -1 -2 2 5 2 -1 -3 -4 1 2 0 -1 -2 -1 2 2 0 -3 -3 -1 -1 1 -2 -5 -2 2 3 -2 -2 1 0 -4 -4 1 0 0 3 0 -6 -7 -3 -3 -5 1 5 -2 -8 -4 1 0 -2 -2 -4 -4 -1 0 -1 -1 -3 -3 -3 -4 -1 -1 -2 -4 -3 -3 -3 0 -3 -4 -2 -5 -8 -11 -14 0 
0 8 9 5 2 1 3 6 5 2 0 0 4 10 7 1 4 7 3 0 1 1 0 0 -2 1 6 -1 -3 2 1 4 10 5 -1 -1 -1 0 5 5 0 -3 -2 2 3 3 1 2 1 -2 2 6 -1 -5 -1 2 6 4 0 1 1 2 -1 -4 0 3 4 4 2 1 5 1 -5 0 2 -5 -7 -1 3 4 3 0 -5 -5 3 7 4 3 -1 -6 0 3 -2 -1 1 0 0 0 0 -4 -4 0 -2 0 -1 -5 0 4 0 -5 -2 0 -1 -1 -1 1 2 2 1 -2 -4 -4 -4 -6 -6 1 4 -1 -5 -3 2 -1 -6 -5 -3 -2 -1 0 -2 -3 -5 -4 -2 -2 0 -4 -6 -3 -1 -3 0 2 -4 -4 -4 -7 -8 -10 -11 0 
0 11 10 4 1 1 1 2 3 3 1 0 3 7 5 0 6 11 3 -1 0 2 5 4 -2 0 7 -2 -6 2 2 4 8 4 0 -1 0 1 3 4 2 -2 -3 2 3 1 1 2 2 1 1 1 -3 -5 1 6 6 3 0 1 1 1 -1 -2 2 2 -1 1 2 2 5 3 -2 -1 -1 -4 -4 -1 4 3 2 2 -4 -6 1 5 4 3 0 -4 -1 3 0 0 1 0 -3 -3 0 -3 -3 -1 -2 0 0 -1 1 2 -3 -5 0 -2 -3 0 0 3 4 -1 -4 -4 0 0 -4 -5 -4 0 1 -1 -3 -2 1 -2 -6 -4 -1 -3 -3 0 -1 -3 -5 -5 -5 -3 0 -6 -7 -1 -1 -2 2 1 -4 -5 -6 -7 -8 -6 -7 0 
0 11 10 5 4 3 -1 0 2 4 3 1 2 2 4 5 9 11 2 -2 0 1 4 6 1 0 5 -1 -5 0 2 5 5 1 0 0 2 3 0 1 5 2 -1 0 0 0 3 4 1 1 1 -3 -3 0 3 6 4 2 1 2 3 0 -4 -1 4 1 -2 1 2 1 1 2 2 -1 -2 -1 0 2 2 -3 -2 2 -2 -3 1 3 4 2 1 -1 -5 -2 3 2 1 0 -4 -4 0 1 0 -3 -4 -2 0 4 2 -1 -3 -3 -2 -6 -4 -1 -1 4 3 -5 -5 -2 2 3 -1 -2 -2 -2 -1 -3 -6 -4 -1 -1 -1 0 -1 -4 -3 0 0 -1 -3 -6 -8 -3 0 -6 -5 0 -2 -3 -1 -1 -4 -7 -4 -4 -8 -6 -8 0 
0 10 10 7 7 5 -1 0 2 3 3 3 4 1 4 7 8 9 3 -2 -1 1 2 5 1 0 4 0 -2 -1 3 6 2 -1 0 1 2 2 1 2 5 3 0 -3 -3 0 3 6 2 1 1 -4 1 6 3 2 2 3 2 1 3 0 -5 -1 4 3 0 0 1 0 -2 -1 4 2 0 0 1 3 -1 -5 -3 -1 -3 1 3 2 4 2 1 -1 -8 -7 2 4 3 0 -2 -3 -2 3 2 -3 -5 -5 -1 6 2 -1 1 0 -4 -9 -6 -3 -3 3 3 -4 -3 -1 -1 3 5 2 -3 -5 -3 -5 -8 -6 -2 0 3 3 -2 -3 -2 -1 -1 0 -2 -5 -5 -1 -1 -7 -4 -1 -2 -3 -5 -4 -5 -7 -1 -1 -6 -9 -11 0 
0 9 10 8 8 8 3 0 2 2 1 2 4 3 5 5 4 7 4 -2 -2 2 3 4 -1 0 5 1 1 2 4 4 -1 -2 0 2 2 -1 1 5 5 2 -1 -5 -3 1 1 5 5 2 -1 -2 5 6 1 0 4 6 1 -2 0 0 -1 3 3 0 -2 -1 1 0 -2 -1 4 3 4 1 -2 1 -1 -2 -1 -1 -4 1 5 3 3 1 -2 -3 -5 -5 -3 0 4 0 1 0 -4 0 0 -1 -1 -4 -2 4 2 1 5 3 -4 -11 -9 -4 -4 1 3 -1 -2 -3 -5 0 7 3 -3 -3 -4 -7 -7 -4 0 1 3 3 -2 -1 -2 -4 -3 -1 -3 -4 0 1 -3 -8 -5 -3 -2 -2 -6 -6 -5 -4 -1 -1 -2 -8 -12 0 
0 6 8 6 7 10 7 1 3 4 0 -2 1 4 6 5 1 3 3 -1 -1 2 3 3 -1 0 6 3 2 4 2 1 1 0 0 1 1 -2 -1 6 8 3 -4 -7 0 3 -1 3 6 2 -1 1 5 2 -1 0 7 10 1 -5 -3 0 3 6 1 -5 -4 2 3 1 -1 -1 2 1 6 2 -3 1 -1 -1 0 0 -3 1 7 3 0 0 -3 -3 0 -1 -7 -4 4 0 1 2 -2 -2 -4 -2 3 2 -1 -1 -1 0 5 4 -4 -10 -7 -4 -3 1 0 -1 -2 -3 -5 -3 3 -1 -1 3 -3 -8 -5 0 3 2 0 0 -1 0 -3 -6 -3 -2 -4 -3 2 0 -6 -8 -6 -3 -2 -3 -6 -5 -2 -1 -2 -2 0 -5 -12 0 
0 5 5 2 4 8 8 4 4 6 1 -2 2 3 5 7 1 -1 0 0 0 2 3 2 1 1 4 2 2 3 -1 1 6 3 -1 -1 1 -1 -2 6 10 4 -5 -7 2 3 -3 1 6 3 0 2 3 -2 -3 1 8 10 2 -4 -3 0 3 4 1 -2 -3 3 5 3 1 -2 -1 -1 3 2 1 2 -4 -3 0 1 0 3 6 0 -2 -1 -1 1 3 0 -7 -3 4 0 -1 1 0 -3 -6 -5 3 7 0 -5 -6 -3 3 3 -2 -4 -3 -5 -1 3 -4 -3 0 -1 -3 -3 -2 -6 0 6 -2 -7 -4 1 3 1 -3 -3 1 0 -5 -5 0 0 -2 -1 1 -5 -10 -7 -4 -1 -3 -6 -6 -3 0 0 -1 -2 -1 -4 -11 0 
0 6 5 0 2 6 6 6 5 5 2 2 5 3 4 7 3 -1 -2 0 1 3 4 1 2 3 0 -1 1 0 0 4 6 3 -2 -4 3 5 0 3 6 3 -1 -3 2 1 -3 0 4 3 0 2 1 -3 -2 2 7 6 -1 -2 0 1 2 1 2 2 -1 3 7 4 1 0 -1 -3 -2 2 6 1 -6 -3 1 2 1 3 1 -3 0 -1 0 5 4 -1 -5 -1 4 0 -3 -1 0 -4 -5 -3 2 5 0 -4 -6 -4 -1 0 1 2 -2 -7 -1 2 -6 -2 2 0 0 -2 -5 -7 0 4 -2 -5 -4 -2 0 0 -2 -2 0 -2 -5 -4 1 1 -1 1 1 -7 -10 -5 -4 -2 -2 -6 -5 -1 0 -1 -2 -3 -3 -5 -9 0 
0 7 7 0 3 6 3 6 7 3 1 4 6 6 4 3 2 1 0 2 4 5 2 -2 2 4 -1 -1 0 -2 3 6 2 0 -2 -5 4 11 3 -1 -1 0 3 2 2 0 -1 0 1 1 1 2 0 1 3 2 5 4 -5 -3 2 3 2 -1 1 0 0 5 8 5 -1 0 0 -3 -3 1 8 2 -4 -1 3 1 -3 0 -2 -4 2 3 1 4 3 -2 -3 1 3 0 -3 -2 -1 -4 -2 1 1 1 0 -1 -3 -4 -5 -3 1 4 -1 -7 -3 -2 -4 1 0 -1 0 -4 -4 -3 -1 1 0 -4 -5 -4 -2 0 2 1 -3 -4 -4 -4 -2 -2 -1 2 -1 -6 -5 -3 -8 -7 1 0 -1 1 -1 -3 -5 -4 -4 -7 -8 0 
0 9 8 1 3 4 3 7 8 2 0 3 5 7 3 -1 -1 3 4 5 6 5 0 -4 0 4 3 0 0 1 4 4 0 -3 -2 -1 3 8 3 0 -2 -2 2 2 2 2 1 0 1 0 0 2 0 3 6 2 4 5 -2 -2 1 2 0 -2 0 1 3 5 6 5 -3 -4 1 0 -1 -1 5 5 -1 -1 3 0 -6 -2 0 -2 2 5 1 0 1 0 0 1 0 0 0 -1 -2 -3 0 -1 -2 0 0 -1 -3 -3 -4 -3 0 3 -1 -5 -4 -3 0 0 -4 -3 -4 -6 1 1 -3 -1 1 -3 -6 -4 -2 0 5 1 -4 -2 -3 -3 -4 -3 2 0 -7 -7 -3 -3 -8 -8 1 3 2 2 -3 -4 -4 -3 -5 -9 -8 0 
0 8 6 2 1 2 5 7 6 3 1 1 4 5 1 -1 0 5 6 4 4 5 2 -3 -2 4 6 -1 0 5 4 1 -1 -3 -1 2 1 3 2 2 1 -1 -1 -1 3 6 3 0 2 0 -3 2 2 1 2 0 5 8 3 0 0 -1 -3 -1 2 6 7 3 3 3 -3 -3 4 3 0 -2 -2 2 0 -3 -1 -1 -4 -1 3 3 3 1 -2 -2 1 2 1 0 -1 0 1 0 -1 0 0 -4 -4 -2 -2 -3 -2 -1 -2 -1 -1 -1 -3 -3 -3 -1 3 -2 -6 -4 -5 -4 3 2 -3 -4 -3 -2 -4 -3 -3 -1 5 0 -3 -1 -2 -1 -3 -1 3 -2 -7 -6 -6 -7 -5 -3 1 1 0 0 -5 -4 -1 -2 -7 -10 -8 0 
0 5 1 0 1 4 6 4 3 5 3 0 3 3 0 1 5 8 4 0 1 6 6 0 -1 3 4 -2 1 5 3 0 -2 -1 0 1 0 2 3 3 2 0 -1 -1 2 6 4 0 2 1 -1 4 4 -1 -3 -1 6 9 2 -3 0 1 -3 -1 5 7 5 2 4 2 -2 2 6 3 0 -1 -6 -4 0 -3 -5 -2 0 0 3 5 4 -1 -4 -2 3 2 -1 0 0 -1 -1 0 0 2 1 -2 -3 -5 -5 -4 0 0 -2 0 -3 -6 -4 -1 -1 0 3 -1 -4 -3 -3 -2 0 3 -2 -8 -7 -2 0 -1 -2 -1 0 -2 -2 -3 -2 0 -1 -1 0 -2 -2 -1 -6 -9 -4 -1 0 -1 -2 -3 -7 -4 0 -3 -8 -8 -6 0 
0 5 -1 -1 3 5 5 3 3 5 5 2 1 1 0 3 9 10 2 -3 -1 5 8 3 0 1 1 0 3 3 1 -1 -2 1 1 0 1 2 3 4 2 0 0 0 -1 2 4 1 3 4 3 5 1 -3 -1 2 5 5 -1 -5 1 6 -1 -3 4 4 2 4 6 1 -2 2 4 2 0 0 -4 -3 1 -2 -6 -2 3 2 0 0 3 2 -2 -2 3 2 -1 -1 -2 0 0 -1 0 1 1 0 -2 -5 -5 -4 -1 0 -1 -1 -5 -8 -3 1 -1 -2 0 0 -1 -1 -1 -2 -1 4 -3 -9 -8 -2 3 -1 0 2 -3 -4 -3 -4 -2 -1 0 -3 -4 -3 1 2 -4 -6 -4 -4 -5 -3 0 -3 -7 -4 0 -3 -8 -5 -2 0 
0 7 2 2 4 2 3 6 5 2 6 6 1 -1 0 5 7 7 4 -1 -2 2 6 4 1 0 0 3 4 1 0 -1 -2 1 3 1 3 3 1 1 0 1 0 -1 -1 0 3 4 5 6 4 2 -2 -3 3 4 3 1 -2 -2 3 8 0 -4 2 2 1 4 5 2 0 -1 1 2 0 0 0 3 2 -4 -6 -2 3 5 -2 -5 0 2 2 1 1 -1 0 -1 -4 3 3 -3 -2 -1 0 0 -1 -3 -4 -2 0 -1 -3 -4 -6 -8 -1 2 -4 -4 -1 0 0 0 -1 -2 2 4 -4 -7 -7 -2 4 -2 -2 3 0 -1 -2 -4 -5 -3 1 -4 -7 -4 2 0 -6 -4 -3 -6 -7 -3 2 -1 -6 -5 0 -1 -6 -3 -1 0 
0 6 5 5 3 0 2 8 6 0 4 6 3 -2 -1 6 4 2 5 5 0 -1 2 5 4 0 0 3 3 0 1 2 -1 -2 2 3 4 4 1 -2 -2 3 1 -2 0 0 1 6 6 4 2 0 0 0 3 1 0 1 2 2 0 2 1 1 3 -2 -3 4 6 -1 -4 4 6 -4 -7 3 10 5 -9 -9 4 3 -9 -5 7 5 -9 -12 9 17 -3 -20 -2 16 1 -13 -6 9 6 -13 -17 4 18 -4 -24 -1 23 4 -28 -26 -10 -4 17 25 6 1 3 -1 -1 0 -3 -3 3 3 -4 -6 -5 -2 3 0 -2 1 1 3 2 -4 -9 -5 1 -3 -5 -2 -1 -5 -7 -3 -1 -5 -6 -2 1 0 -7 -8 0 2 -1 -1 -3 0 
0 2 7 7 1 0 2 7 6 1 1 2 4 0 -2 4 4 1 4 7 3 -1 -1 6 8 2 0 1 1 0 2 3 -1 -4 -1 3 4 5 4 0 -2 3 3 -1 -1 0 2 5 3 1 0 1 1 -9 -29 -33 -12 3 29 37 -13 -44 1 44 10 -47 -24 41 30 -42 -47 36 53 -29 -61 13 64 3 -72 -27 62 35 -63 -56 49 62 -38 -76 23 82 -6 -91 -20 85 35 -79 -57 60 65 -51 -91 20 93 -6 -103 -20 97 39 -97 -96 -26 5 70 119 70 18 5 -3 -1 1 -3 -4 0 0 -4 -4 -3 -2 0 2 2 0 1 3 1 -4 -7 -6 -2 0 1 0 -6 -10 -6 -1 0 -4 -6 -2 0 0 -6 -9 0 4 0 -2 -5 0 
0 1 9 8 1 1 1 4 6 3 1 1 3 3 0 0 1 4 7 5 2 -1 -1 5 10 6 0 0 0 0 1 1 -3 -4 0 2 4 6 5 3 -2 0 3 1 -2 -1 5 4 -1 -1 1 4 -12 -70 -134 -109 -31 6 89 134 -25 -147 -8 143 35 -148 -75 127 94 -120 -133 92 152 -63 -169 20 171 13 -182 -67 161 102 -147 -141 112 161 -75 -184 30 188 6 -196 -59 182 100 -162 -140 121 164 -87 -194 33 199 8 -207 -65 185 103 -168 -183 -47 9 110 241 190 52 3 -3 0 1 0 -2 -3 -4 -3 2 2 -1 -4 -1 3 2 3 0 -5 -5 -2 -3 -3 1 1 -3 -7 -9 -6 -1 -1 -4 -5 -2 0 0 -2 -4 1 0 -6 -7 -8 0 
0 3 9 6 3 3 0 2 6 4 2 3 3 3 0 -3 -1 7 10 4 -1 -1 2 3 7 7 1 0 0 1 0 -1 -2 -1 3 1 2 3 2 5 0 -2 1 2 0 -1 4 3 -1 -2 2 5 -51 -194 -255 -144 -31 10 140 228 -23 -235 -23 230 70 -228 -124 197 160 -171 -200 128 232 -75 -249 13 251 38 -252 -105 222 158 -193 -200 142 230 -85 -252 21 253 28 -251 -92 227 152 -191 -196 139 228 -86 -246 24 254 37 -254 -106 219 152 -186 -227 -58 7 93 293 293 90 4 0 -1 -2 1 2 -3 -6 0 7 6 0 -4 -3 1 4 2 -4 -7 -5 -1 0 -1 -2 -5 -7 -4 -2 -6 -5 -3 -4 -3 -1 0 0 0 2 2 -6 -10 -11 -10 0 
0 4 4 1 4 4 0 3 7 5 2 4 6 1 -5 -4 2 7 8 5 1 2 3 1 2 4 2 1 1 2 1 -1 2 4 2 -2 -1 -1 1 5 1 0 1 0 2 3 3 2 0 -1 2 1 -99 -311 -303 -101 -13 11 151 254 -15 -254 -32 250 89 -239 -139 210 185 -173 -215 128 247 -68 -261 3 260 54 -252 -116 223 170 -188 -208 131 236 -73 -253 10 250 39 -241 -102 213 166 -172 -204 122 231 -67 -238 8 242 53 -237 -116 200 157 -164 -219 -58 6 65 289 334 111 9 4 0 -3 -1 4 -1 -5 2 6 3 0 0 0 -1 0 -3 -6 -4 -2 -2 -2 -1 -3 -6 -6 -1 1 -7 -8 -3 -3 -1 0 -1 0 0 3 0 -8 -9 -11 -10 0 
0 4 -1 -2 5 4 0 3 6 6 4 4 7 1 -6 -2 3 3 5 7 6 4 1 0 0 1 2 3 2 1 3 2 3 4 -1 -2 0 -1 3 2 -2 2 2 -2 1 6 5 3 2 0 -1 -4 -122 -360 -302 -61 -5 7 132 220 -11 -218 -33 211 81 -198 -120 174 160 -142 -183 102 202 -56 -215 -1 208 47 -198 -95 174 138 -144 -167 95 182 -52 -195 1 186 34 -178 -84 154 130 -122 -155 82 170 -43 -173 0 171 42 -166 -87 136 112 -109 -147 -32 11 54 270 329 117 14 6 3 1 0 3 1 -1 2 3 -1 -1 1 0 -4 -6 -5 -3 -2 -1 0 -2 -3 -3 -3 -2 -1 -2 -7 -5 0 -1 -1 -3 -3 0 0 0 -4 -8 -8 -9 -10 0 
0 3 -1 -1 6 4 1 2 2 5 6 4 5 3 0 1 0 -2 3 9 9 5 0 -2 0 2 3 2 1 1 3 3 2 1 -1 2 2 1 5 1 -3 1 0 -2 0 4 4 4 5 0 -5 -6 -118 -351 -284 -46 -5 -14 61 124 -9 -130 -24 121 49 -113 -70 96 90 -79 -104 54 109 -33 -117 -2 108 26 -101 -49 86 70 -70 -85 43 88 -23 -93 -4 84 19 -79 -42 65 58 -51 -67 31 71 -17 -72 0 70 18 -68 -39 52 46 -37 -17 54 36 36 214 280 107 12 5 5 6 3 1 2 5 5 1 -3 -2 0 -2 -6 -8 -2 1 -3 -3 1 2 -2 -5 -3 0 -2 -4 -6 -2 2 -1 -3 -5 -3 -1 -1 -3 -6 -6 -7 -8 -9 0 
0 2 1 1 4 3 3 3 1 4 5 4 3 4 6 1 -3 -4 1 10 11 8 0 -5 0 4 3 -2 0 4 2 1 2 0 0 3 2 4 7 3 -1 0 -3 -4 -1 2 2 3 3 -1 -4 -5 -96 -286 -225 -27 -6 -76 -71 8 -5 -40 -10 35 17 -33 -22 24 26 -19 -30 14 30 -11 -32 0 28 8 -25 -10 22 14 -18 -20 10 22 -4 -21 -2 18 5 -15 -10 9 10 -7 -10 4 11 -4 -10 3 11 3 -13 -10 8 10 3 91 160 71 17 144 203 79 6 5 7 7 4 1 1 8 9 0 -4 -2 0 -1 -4 -6 1 1 -5 -6 -3 4 2 -4 -3 0 -1 -4 -7 -3 1 -3 -3 -2 -2 -2 -2 -4 -5 -2 -4 -7 -9 0 
0 4 3 2 0 1 6 5 2 2 3 5 2 4 7 0 -3 -3 1 9 11 9 0 -4 0 1 1 -2 0 5 3 1 1 0 0 1 3 7 7 4 0 -1 -3 -5 -2 1 1 1 -1 -3 -3 -6 -64 -191 -163 -28 -16 -141 -177 -54 0 -5 -3 5 4 -5 -4 -1 4 4 -3 1 4 -3 -5 2 7 1 -4 4 6 -3 -7 -1 5 4 0 -3 0 4 -1 -3 -2 -2 1 3 1 0 1 -3 1 4 1 0 -4 -1 3 2 7 106 173 74 23 138 182 72 8 5 7 5 4 5 2 6 7 0 -3 -2 0 0 0 -1 1 -3 -8 -7 -3 4 2 -2 -1 -1 -1 -3 -6 -3 -1 -4 -1 -1 -4 -2 -1 -4 -4 0 0 -4 -11 0 
0 5 3 1 -3 -1 9 7 1 -1 2 7 3 3 4 0 0 1 4 7 8 6 0 -1 -1 -3 1 3 0 1 4 3 1 0 -1 1 4 6 4 3 -1 -2 1 -1 -1 -2 -2 0 -1 -4 -6 -11 -60 -176 -176 -56 -24 -127 -160 -53 0 -1 -1 3 1 -3 0 -1 0 4 1 0 1 0 -1 1 5 0 -3 6 6 -4 -7 0 4 1 1 -1 -2 3 1 -2 -2 -3 1 3 -1 0 2 -3 0 3 3 1 -3 2 2 0 3 56 95 44 37 183 243 108 15 2 4 4 6 10 5 2 3 2 -1 -2 0 0 2 2 -2 -8 -9 -2 4 3 -2 -3 -1 -2 -3 -2 -2 -1 -3 -4 0 -3 -6 -2 0 -5 -6 -1 2 -1 -10 0 
0 2 0 0 -1 0 7 6 1 0 3 7 3 1 1 0 3 6 6 5 5 3 1 1 -3 -4 3 6 -1 -2 5 5 3 0 -3 1 3 3 2 1 -2 -2 3 3 1 -3 -3 0 -1 -5 -9 -15 -92 -252 -229 -64 -16 -64 -78 -28 -3 0 0 2 1 -2 2 0 -3 2 1 -2 0 4 6 1 -1 0 -1 4 4 -4 -6 -1 2 1 2 0 -3 3 6 2 0 -2 -2 -1 -3 -3 0 0 0 0 3 4 0 0 -2 1 6 38 65 33 31 187 273 131 18 2 3 5 9 11 6 2 4 4 -1 -2 1 0 -1 0 -4 -8 -4 4 7 0 -4 -5 -3 1 -3 -4 -1 0 -4 -4 0 -4 -6 -1 1 -7 -10 -2 1 -2 -7 0 
0 1 -1 0 4 5 3 2 4 4 3 4 1 0 1 1 3 6 5 4 3 1 3 3 -3 -1 5 3 -3 -1 5 6 4 -1 -5 -1 2 2 3 1 -1 -2 -1 2 3 0 -1 0 -3 -8 -10 -16 -109 -276 -219 -39 -6 -61 -76 -27 -4 0 1 3 1 -3 1 0 -4 2 1 -4 1 9 24 20 2 1 1 1 -1 -16 -25 -11 2 2 2 9 22 22 11 4 4 3 -5 -17 -30 -23 -4 2 -1 -2 2 6 2 -4 -3 4 13 79 132 62 14 138 216 106 17 5 4 7 10 9 7 5 4 1 -1 0 3 0 -5 -2 -3 -5 0 6 4 -4 -4 -6 -2 5 -2 -6 -4 -1 -3 -5 -3 -3 -5 0 3 -7 -11 -2 0 -6 -8 0 
0 4 1 -1 4 6 3 2 8 7 1 2 1 0 2 2 2 3 3 4 3 2 3 2 0 4 5 -2 -4 0 2 4 3 -2 -5 -1 2 1 4 3 0 1 -2 -3 1 0 1 1 -5 -9 -7 -16 -93 -211 -159 -23 -11 -114 -146 -51 -4 1 3 2 -2 -2 1 0 -4 1 3 -2 3 14 63 85 35 5 2 -1 -7 -46 -84 -52 -8 1 11 52 89 57 14 4 5 4 -18 -66 -95 -54 -6 2 -3 -2 3 5 1 -5 0 6 12 102 179 83 8 116 176 84 18 6 2 7 10 8 7 4 1 -1 2 3 4 1 -5 -3 -1 -3 -3 3 1 -6 -3 -3 1 4 -3 -5 -6 -3 -1 -6 -8 -2 -2 0 2 -5 -8 -4 -1 -7 -10 0 
0 6 1 -3 1 2 4 6 10 8 1 2 2 0 2 2 2 2 2 4 4 5 2 -1 3 5 2 -3 -3 0 0 2 2 -1 -2 0 1 -1 2 3 1 6 2 -6 -5 -5 1 3 -4 -5 -3 -18 -84 -181 -153 -41 -20 -120 -154 -56 -4 2 4 -1 -4 2 3 0 -3 0 3 0 3 13 82 152 107 29 2 -3 -9 -57 -131 -120 -50 0 53 124 135 60 9 3 1 -13 -65 -132 -129 -55 -4 3 -3 -3 2 4 0 -2 3 3 4 67 124 59 16 151 227 109 21 8 2 5 9 7 4 2 2 1 4 5 4 1 -4 -5 0 -1 -7 -1 1 -5 -2 2 1 0 -3 -3 -5 -4 0 -5 -9 -3 1 1 -2 -4 -4 -6 -5 -7 -9 0 
0 5 1 -3 1 2 4 5 7 8 4 2 1 1 2 2 2 1 4 5 2 4 2 -1 3 4 1 -1 -1 -1 0 3 3 2 1 -1 -1 -2 0 1 1 6 4 -4 -8 -7 -1 2 -1 -1 -3 -22 -107 -238 -204 -59 -16 -66 -84 -33 -4 1 4 -1 -3 4 3 0 -1 0 1 0 1 6 49 137 169 96 20 -4 -6 -32 -104 -153 -115 0 119 157 101 29 2 -1 -13 -63 -132 -147 -86 -24 -1 3 -1 -4 -2 3 0 0 4 -1 1 36 64 36 22 172 280 142 21 10 6 5 8 5 1 3 5 2 3 5 3 -1 -4 -4 0 -1 -6 -1 3 -2 -2 2 -2 -3 -1 0 -3 -5 -1 -4 -7 -3 2 2 -3 -3 -1 -6 -10 -9 -8 0 
0 7 4 0 3 5 3 -1 2 7 8 5 1 2 1 1 2 0 6 6 1 2 1 0 1 4 3 0 0 -2 0 2 2 6 4 -2 -2 0 3 1 -2 1 3 -2 -8 -5 -2 -3 -2 0 -4 -23 -125 -274 -214 -46 -8 -51 -62 -22 -3 -1 3 1 0 4 0 0 0 0 1 0 0 1 12 66 153 166 82 11 -3 -8 -45 -115 -145 -21 128 120 49 20 9 -12 -59 -130 -151 -94 -27 -2 0 1 0 -3 -3 1 0 1 4 -2 2 60 109 64 17 133 238 127 19 10 7 5 7 5 2 5 7 4 2 2 0 -3 -4 0 0 -3 -1 1 2 0 -1 -2 -5 -3 -1 1 -1 -6 -3 -4 -3 1 0 -1 -2 -2 -1 -6 -11 -9 -7 0 
0 11 7 3 4 5 1 -4 -1 4 10 10 3 2 1 1 1 -1 4 4 2 3 2 1 1 4 3 0 0 -1 -1 -1 0 6 5 -1 -1 2 6 4 -3 -3 1 -2 -6 -4 -3 -5 -4 -2 -5 -22 -106 -220 -161 -23 -10 -107 -131 -42 -2 -2 1 3 3 3 -2 0 0 0 2 1 1 0 1 17 79 162 159 69 9 -1 -13 -53 -111 -74 28 47 34 56 45 -39 -129 -151 -98 -33 -3 0 -1 1 1 -1 -2 -1 0 3 3 -3 2 94 183 102 13 96 171 90 16 11 6 3 5 7 7 7 7 5 2 0 -3 -5 -2 2 -2 -3 4 3 -1 -2 -3 -5 -3 1 -1 -2 -1 -4 -4 -4 1 4 -3 -6 -3 -4 -5 -5 -8 -7 -4 0 
0 8 6 3 4 4 0 -2 -1 2 8 10 4 2 3 3 0 -2 2 2 1 3 4 3 4 4 1 0 0 0 -3 -1 2 1 1 0 0 2 5 6 1 -3 -1 -2 -3 -3 -2 -3 -5 -5 -7 -22 -85 -172 -134 -23 -16 -142 -174 -55 -1 -2 -1 4 4 1 -1 1 1 -1 0 2 2 0 0 3 22 92 173 150 57 7 -4 -17 -54 -100 -95 -30 41 89 49 -87 -153 -100 -35 -6 -1 -3 -2 2 3 1 -2 -3 -1 3 1 -3 3 78 156 86 16 119 197 101 16 10 6 5 5 7 10 7 5 4 1 -1 -3 -3 1 -1 -5 -1 5 4 -1 -6 -9 -4 4 4 0 -3 -2 -1 -4 -4 0 1 -3 -7 -5 -7 -10 -6 -4 -4 -2 0 
0 3 2 1 3 3 1 3 3 4 5 5 4 2 3 3 -1 -3 2 4 2 2 3 4 6 4 0 0 0 0 -3 0 3 -2 -2 0 0 3 4 4 4 -2 -3 -1 -1 -3 -2 -3 -5 -5 -7 -20 -99 -218 -180 -41 -13 -99 -119 -34 2 -3 -2 4 4 1 -1 1 2 -2 -2 2 1 0 0 1 5 31 109 174 126 33 -1 -6 -19 -65 -118 -60 45 50 -35 -119 -102 -35 -8 -3 -2 -3 -1 1 3 2 -1 -3 -3 0 0 0 4 37 76 45 18 155 272 150 22 6 4 9 8 5 7 4 5 7 1 -1 0 1 0 -6 -5 0 2 3 0 -8 -10 0 7 2 -2 -3 -2 -1 -4 -3 -3 -2 0 -5 -7 -8 -11 -8 -1 -2 -4 0 
0 3 1 0 1 2 3 6 7 6 3 2 5 3 1 0 -3 -4 1 6 5 3 3 3 5 5 1 0 0 1 0 -1 0 -1 -1 0 1 5 4 0 1 -3 -4 2 1 -7 -8 -4 -2 -3 -5 -18 -123 -279 -219 -43 -5 -54 -64 -16 3 -3 0 4 2 2 -1 -1 2 -1 -2 3 0 0 0 -2 4 9 38 113 132 51 0 -4 -8 -21 -58 -34 24 -17 -90 -89 -38 -5 -4 -3 0 -1 -1 0 2 1 -1 -2 -3 -1 0 2 4 36 84 56 18 141 265 156 25 5 1 6 9 5 4 1 5 9 3 2 2 2 -1 -8 -5 0 0 1 1 -5 -6 2 3 -1 -4 -6 -3 -2 -3 -3 -6 -2 3 -2 -7 -8 -8 -6 -2 -3 -5 0 
0 4 3 0 0 2 3 5 9 6 1 3 6 4 1 -3 -4 -1 0 3 5 5 4 1 3 5 3 1 0 2 2 -2 -2 1 1 0 2 6 3 -2 -1 -5 -4 5 1 -10 -10 -3 -2 -3 -4 -19 -115 -248 -181 -26 -8 -85 -105 -33 1 -1 2 3 -1 2 4 1 1 -1 -2 4 2 3 1 -6 2 5 4 36 67 32 -3 -1 -2 -6 -15 -9 2 -26 -50 -32 -8 -1 -3 0 2 -1 -3 0 3 0 -3 -2 -1 2 0 0 5 70 162 103 18 106 192 112 21 6 0 1 6 6 6 1 3 6 4 4 0 1 1 -5 -3 0 -2 -2 2 0 -3 2 -1 -3 -3 -6 -3 -2 -2 -4 -8 -5 1 2 -3 -7 -6 -5 -6 -4 -2 0 
0 3 3 1 0 1 2 6 11 6 0 3 4 4 3 -3 -3 2 -1 -1 5 6 4 1 0 3 5 2 0 1 2 -1 -2 2 2 0 1 5 2 -1 1 -5 -2 6 -1 -8 -5 -3 -6 -5 -5 -18 -88 -182 -133 -23 -21 -135 -166 -54 0 0 1 1 0 12 31 14 -11 -7 -3 6 12 18 6 -24 -1 14 -21 -16 35 20 -20 11 14 -27 -29 -8 -1 -6 -9 -5 -1 -1 0 1 0 -2 -3 0 3 0 -3 0 0 2 0 -3 5 75 169 104 18 111 184 102 20 6 1 1 4 6 9 5 3 3 3 3 -3 -3 0 2 4 -1 -5 -4 2 2 -2 0 -3 -2 -1 -3 -2 -3 -2 -2 -5 -9 -6 2 1 -4 -5 -6 -8 -6 -2 0 
0 1 2 3 1 1 3 9 10 3 -1 1 1 3 5 2 0 0 -3 0 6 4 3 2 -2 4 7 0 0 1 3 1 -2 0 0 0 1 4 2 1 2 -2 0 2 -3 -4 -2 -6 -7 -4 -5 -15 -88 -200 -162 -41 -24 -113 -135 -44 0 0 -1 1 6 46 83 32 -29 -14 -1 0 4 34 23 -47 7 40 -51 -52 61 32 -50 25 37 -64 -85 -28 0 0 -2 -3 -1 2 3 -2 -3 -1 -1 0 1 0 -1 2 0 -1 0 -4 2 42 92 56 17 142 255 152 27 6 2 2 6 8 9 8 4 1 1 0 -4 -5 -1 7 7 -2 -5 -2 3 0 -4 -2 -2 0 -1 -2 -4 -6 -2 1 0 -7 -9 -3 0 -1 -3 -7 -8 -7 -5 0 
0 2 3 3 2 3 4 7 5 -1 -2 1 2 2 6 8 2 -3 -2 3 4 1 1 1 -1 6 8 -2 -1 3 4 2 -1 -2 -2 -1 3 5 1 2 2 1 -1 -4 -4 -3 -4 -8 -5 -1 -2 -16 -115 -271 -218 -48 -13 -56 -65 -23 1 1 -2 2 14 90 107 32 -24 -8 19 -29 -53 39 42 -51 38 75 -52 -54 76 20 -76 27 57 -78 -141 -59 -1 -1 -2 -3 -2 4 3 -4 -3 0 0 0 0 0 0 1 0 -1 0 -4 0 29 64 41 15 142 282 181 31 4 1 2 9 10 5 6 5 1 -1 -3 -2 0 3 6 3 -1 -3 0 3 -3 -6 -1 1 -2 -4 -3 -6 -8 -3 3 3 -3 -7 -6 -2 -1 -3 -8 -7 -3 -5 0 
0 6 4 2 2 2 3 3 1 -1 -1 4 7 3 4 7 1 -2 2 4 2 0 1 1 -1 3 6 -1 -1 5 4 0 -1 0 0 -2 4 5 -1 1 1 2 -1 -4 -3 -5 -7 -7 -3 -1 -2 -21 -121 -265 -202 -36 -9 -63 -78 -27 2 1 -2 1 18 112 101 23 -20 -4 54 -62 -107 53 31 -56 81 110 -37 -41 65 0 -88 22 74 -83 -164 -70 -3 -2 -2 -1 -1 3 1 -3 -2 -1 1 1 0 0 0 0 0 -1 -1 -3 1 55 132 88 13 107 222 143 24 2 1 2 8 9 2 4 5 2 0 -2 2 5 4 0 -2 0 0 1 1 -3 -5 -1 2 -3 -7 -6 -4 -4 -3 2 1 -3 -6 -5 -2 -3 -3 -5 -5 -2 -5 0 
0 8 5 2 2 0 1 1 0 0 2 9 11 4 1 2 0 2 4 3 1 0 4 2 -3 -1 3 1 1 6 3 -4 -2 3 3 0 3 2 -2 0 0 1 -1 -2 0 -4 -8 -5 -1 -3 -5 -23 -97 -188 -143 -32 -18 -118 -150 -49 1 -1 -2 -1 14 97 108 29 -52 -21 69 -62 -98 61 1 -56 99 113 -43 -54 48 14 -69 23 72 -89 -142 -51 -3 0 -1 0 0 1 0 -1 -3 -3 3 3 -1 -2 0 2 0 -3 -2 -1 3 71 175 118 13 92 182 108 17 4 6 3 4 8 3 2 1 3 6 2 4 5 -1 -5 -3 0 2 3 0 -2 -4 -3 3 0 -6 -6 -2 -1 -3 -2 -3 -4 -5 -4 -4 -4 -2 -1 -2 -5 -7 0 
0 7 7 2 1 2 0 -2 0 1 6 12 11 3 0 1 1 5 4 0 -2 1 7 2 -3 -1 3 2 0 5 2 -5 -1 2 2 2 2 1 -1 -1 -1 0 -2 -2 2 -2 -7 -3 0 -4 -6 -20 -85 -172 -148 -48 -23 -120 -153 -51 0 -1 -1 -3 6 56 90 29 -63 -29 46 -32 -51 37 -9 -30 71 69 -43 -56 22 25 -26 23 42 -64 -80 -23 -2 2 1 0 0 0 1 0 -4 -3 3 3 -3 -6 -1 5 1 -4 -2 0 4 48 116 80 14 115 232 144 23 6 10 5 3 8 4 -1 -2 4 9 5 5 3 -4 -4 -2 -1 2 4 0 -3 -4 -3 3 1 -3 -2 -2 -4 -7 -4 -2 -4 -4 -4 -6 -5 -3 1 2 -5 -7 0 
0 5 8 4 1 3 1 -2 -1 3 8 8 7 1 0 3 4 7 4 -2 -2 3 6 3 1 1 2 -1 -3 4 3 -2 -1 -2 0 2 2 2 -1 -2 -1 -1 -1 0 0 -3 -4 -2 -1 -3 -7 -21 -105 -241 -207 -58 -15 -60 -75 -26 0 -1 -6 -9 2 29 51 17 -33 -12 19 -11 -19 12 -5 -14 34 31 -28 -32 -2 8 0 15 17 -29 -25 6 -4 -8 9 7 -9 -1 15 -3 -15 5 7 -11 -14 -9 -3 4 3 -3 -3 0 4 23 55 43 14 129 284 194 36 6 7 8 7 7 3 -1 -2 1 6 7 7 2 -3 0 -2 -3 2 2 -2 -3 -2 -1 0 -4 -3 1 -2 -6 -9 -3 0 -4 -4 -3 -6 -7 -3 3 3 -4 -5 0 
0 5 8 7 2 0 2 2 -1 5 9 2 0 -2 -1 4 7 7 5 2 2 3 2 4 5 2 -2 -5 -4 2 4 1 -1 -3 0 3 2 1 -2 -1 1 -3 -1 3 -1 -4 -2 -2 -2 -2 -8 -25 -122 -273 -214 -45 -5 -12 -12 -4 0 -9 -44 -48 -5 43 69 24 -31 3 31 -14 -16 14 -8 -31 27 32 -39 -20 -12 -7 6 16 26 -31 -10 41 -10 -35 29 30 -37 -4 45 -22 -45 30 25 -53 -54 -16 -4 1 4 -1 -5 0 5 34 93 76 18 109 244 171 36 5 4 11 11 5 1 1 -1 -2 3 7 7 3 0 2 -1 -4 0 -1 -5 -2 0 -1 -1 -6 -3 0 -5 -7 -6 -1 0 -3 -3 -1 -6 -7 -2 1 0 -4 -4 0 
0 6 7 6 2 -1 2 5 2 5 9 2 -3 -6 -4 3 6 4 6 8 5 2 0 3 5 3 -3 -4 -2 -1 3 2 2 -1 -2 3 2 1 -1 -1 1 -3 -2 3 1 -4 -3 -1 -1 -3 -8 -23 -103 -213 -160 -34 -5 -2 3 2 0 -24 -112 -122 -25 57 116 49 -65 1 73 -21 -17 27 -10 -29 36 27 -75 -8 -6 -9 15 19 39 -39 -5 56 -13 -50 43 50 -62 -1 60 -56 -65 48 36 -88 -105 -33 -4 0 3 -1 -6 0 7 58 161 127 24 90 181 118 24 2 4 10 9 5 3 4 2 -1 2 5 4 2 1 2 1 -4 -4 -3 -5 -2 -2 -3 1 -1 -1 -4 -8 -6 -3 0 0 -1 -2 -2 -5 -3 -2 -5 -3 -3 -4 0 
0 5 5 3 3 3 4 7 4 2 6 4 0 -4 -5 0 3 2 3 7 7 2 -1 1 4 6 0 0 2 -1 1 0 2 1 -2 1 2 2 -2 -2 1 -1 -2 0 1 -3 -3 0 0 -4 -8 -19 -80 -167 -143 -47 -9 -5 -2 -1 -2 -29 -134 -148 -36 37 123 66 -91 -10 104 -18 -7 33 -3 13 41 -6 -103 20 18 -6 22 7 26 -27 5 54 2 -44 30 43 -58 8 42 -66 -50 32 26 -86 -130 -50 -4 -1 1 -2 -4 -1 7 52 140 111 22 101 206 135 24 1 4 5 3 6 8 6 4 1 3 5 2 -2 -3 1 3 -2 -5 -5 -4 0 -3 -4 1 0 -2 -6 -6 -1 0 0 -1 -1 -2 -6 -6 0 -1 -6 -3 -2 -6 0 
0 5 5 2 2 6 7 8 5 1 3 2 1 3 -1 -2 2 2 -1 3 8 2 -2 0 3 6 2 3 4 0 0 -3 -1 4 2 0 2 1 -4 -1 2 -1 -3 -2 0 -1 -2 -2 -1 -4 -8 -20 -94 -215 -193 -62 -7 -6 -7 -5 -5 -17 -79 -89 -22 16 107 68 -95 -19 108 -11 9 53 -1 14 30 -38 -110 52 60 -1 -4 0 27 -34 -5 72 16 -50 21 34 -51 1 29 -43 -38 22 26 -87 -133 -50 -2 -2 0 -2 -2 -2 5 27 66 56 15 119 278 199 35 3 5 2 1 5 7 5 5 3 3 6 4 -2 -5 -1 3 0 -2 -3 -4 2 0 -4 -2 -4 -6 -5 -2 3 2 -1 -3 -4 -2 -7 -8 -1 -1 -3 -1 -3 -9 0 
0 5 5 1 -1 5 7 7 6 3 2 0 0 5 3 0 1 0 -1 2 7 4 1 1 1 2 2 4 3 0 -1 -3 0 6 4 0 1 0 -2 0 1 -3 -4 -1 0 0 -3 -5 -3 -5 -8 -22 -119 -274 -224 -53 -4 -23 -29 -11 -5 -5 -20 -22 -4 10 80 52 -73 -18 84 -5 21 75 -8 -31 9 -44 -90 60 86 4 -43 4 45 -45 -20 76 4 -56 32 37 -53 -17 37 -21 -47 29 34 -82 -105 -32 2 0 -1 -3 -3 -2 5 27 68 58 15 112 274 202 37 4 5 3 3 4 3 4 8 5 1 4 6 2 -2 -1 0 -2 0 1 -4 1 3 -5 -7 -7 -6 0 1 2 0 -3 -2 -4 -3 -6 -6 -1 -2 -4 -2 -4 -9 0 
0 3 1 -1 0 4 4 4 5 5 3 0 0 4 4 3 1 -2 1 1 3 6 5 3 1 0 2 4 1 -1 -1 0 2 4 4 1 -1 -1 0 1 1 -3 -4 -1 0 0 -4 -6 -5 -6 -8 -21 -109 -242 -187 -39 -8 -74 -98 -32 -3 -3 -1 2 2 6 39 24 -34 -8 41 -2 16 55 -9 -40 2 -21 -49 29 57 4 -39 5 34 -27 -15 43 -6 -37 24 24 -35 -17 29 -7 -36 17 22 -40 -48 -14 4 2 -4 -3 -3 -3 6 51 143 115 23 92 201 142 29 3 2 3 4 5 4 5 10 6 0 1 4 3 -1 -1 -2 -3 0 1 -4 -1 4 -4 -9 -7 -1 6 0 -5 -5 -5 1 2 -3 -7 -5 -1 -1 -6 -6 -4 -7 0 
0 2 -2 -2 2 4 1 1 5 7 4 1 1 3 2 3 4 1 3 0 0 5 4 4 3 0 1 2 -1 -2 1 2 2 2 3 1 -4 -2 1 3 3 -2 -3 -1 0 0 -4 -7 -7 -6 -7 -19 -82 -174 -149 -48 -16 -116 -159 -53 0 -4 0 4 2 11 29 10 -20 6 21 -14 -4 34 -1 -33 11 16 -28 -20 9 1 -9 18 19 -21 -15 28 10 -28 -9 2 -11 -6 8 2 -10 1 5 -5 -11 -7 3 0 -6 -1 -1 -3 4 55 162 129 27 92 183 125 26 2 1 2 5 7 7 6 7 5 1 0 1 1 -2 -2 -1 0 1 -1 -3 -1 2 0 -4 -4 1 5 -3 -11 -9 -6 1 4 -2 -7 -8 -4 1 -4 -9 -4 -3 0 
0 2 0 -1 1 4 1 0 6 7 3 3 3 1 0 1 5 6 4 1 3 4 1 3 4 0 0 -1 -3 -1 1 2 3 2 -1 -2 -4 -1 1 3 4 -1 0 -1 -3 0 -2 -6 -7 -7 -6 -18 -86 -189 -176 -65 -18 -94 -128 -43 1 -4 0 3 5 40 72 16 -41 26 42 -44 -29 48 7 -52 30 56 -51 -85 -29 0 15 67 35 -62 -34 69 38 -70 -56 -8 -4 -3 -1 3 1 -1 0 1 -3 -4 1 -3 -5 0 0 -2 0 31 95 77 20 107 245 183 37 3 4 3 6 8 8 6 3 4 3 0 0 0 0 0 0 1 2 -1 -1 0 -2 0 0 -1 -2 -1 -3 -9 -8 -5 -2 -2 -2 -4 -10 -6 2 -2 -10 -3 1 0 
0 4 4 0 -1 2 3 2 5 4 1 4 5 1 2 1 2 7 4 2 6 4 1 2 3 1 1 -1 -3 0 0 2 3 1 -4 -4 -1 0 0 3 3 0 2 -3 -8 -2 1 -2 -6 -8 -6 -19 -111 -260 -224 -62 -12 -48 -60 -20 -1 -3 0 1 11 82 108 20 -44 46 67 -67 -45 45 8 -49 49 77 -83 -146 -65 -3 26 114 65 -98 -31 128 42 -133 -104 -14 -5 -4 -1 2 2 0 0 0 -1 -1 0 -4 -4 0 0 -3 -3 18 59 50 15 109 275 219 48 4 7 5 4 7 8 6 2 4 6 2 -1 -1 2 3 1 -2 1 1 -2 -2 -2 -1 -1 -1 -5 -5 -2 -4 -4 -4 -6 -8 -3 -1 -7 -4 0 -3 -7 -1 0 0 
0 6 6 1 -2 -2 3 5 3 1 0 4 7 4 4 3 1 3 2 2 5 3 4 5 1 1 3 1 0 1 0 1 1 0 -2 -4 -2 0 1 4 0 -2 1 -2 -8 -5 1 0 -5 -8 -7 -19 -109 -258 -215 -52 -10 -56 -72 -26 -1 0 0 0 14 105 108 17 -22 49 64 -63 -39 20 4 -19 52 65 -87 -164 -90 -9 17 113 91 -79 3 149 23 -158 -134 -25 -7 -3 0 1 3 2 1 -1 -2 0 1 -4 -4 0 0 -4 -3 33 112 97 23 93 222 173 41 4 7 7 3 5 7 5 1 3 9 6 -2 -2 1 3 2 -4 -1 1 -5 -4 2 2 -1 -3 -6 -6 -4 -2 -1 -4 -7 -9 -5 0 -2 -1 -4 -6 -2 0 -4 0 
0 4 5 4 0 -2 2 3 1 2 2 4 7 6 3 3 3 -1 -2 3 4 2 7 8 -1 -2 3 3 3 3 1 0 0 1 1 -3 -3 0 1 1 -3 -3 0 -1 -6 -5 0 1 -1 -8 -10 -17 -80 -185 -172 -59 -15 -98 -138 -54 -2 2 0 1 12 95 112 20 -28 40 53 -52 -34 24 6 -22 46 53 -73 -149 -92 -11 6 87 95 -48 7 124 29 -131 -135 -30 -6 -2 -1 -1 3 5 4 -2 -6 -1 2 -3 -4 -1 0 -3 0 47 157 138 30 83 181 129 29 3 5 8 5 3 6 6 2 2 7 6 -1 -1 0 0 -1 -4 -2 -1 -6 -3 5 4 0 -3 -5 -5 -5 -3 -1 -3 -5 -7 -6 0 0 -1 -5 -9 -3 -1 -5 0 
0 2 5 7 3 1 3 0 0 5 5 3 5 6 1 1 4 -1 -3 3 4 4 7 5 -2 -3 0 3 5 4 2 1 1 2 3 0 -1 0 0 -1 -2 -1 -1 -4 -6 -5 -3 1 3 -5 -10 -19 -73 -168 -177 -76 -17 -95 -139 -58 -5 1 0 3 9 59 95 18 -41 34 48 -45 -39 37 10 -38 39 50 -55 -108 -63 -8 4 53 63 -31 -16 70 41 -73 -91 -18 -2 -2 -3 -2 1 4 6 -1 -7 -2 1 -2 -4 -2 0 -1 3 34 112 102 24 93 224 169 36 2 3 6 4 2 8 11 6 2 2 3 1 0 -1 -4 -5 -3 -1 -1 -4 -1 5 2 -1 -2 -4 -3 -2 -3 -2 -2 -5 -7 -7 -1 0 -2 -2 -9 -9 -2 -1 0 
0 3 6 7 3 0 5 4 0 2 4 3 5 6 0 1 4 -1 -2 1 4 7 5 2 0 -1 -2 2 7 4 -1 0 3 3 5 3 -1 -1 -1 1 2 0 -2 -5 -4 -7 -8 -2 2 0 -6 -25 -101 -233 -223 -78 -13 -50 -73 -32 -4 0 0 4 9 27 48 10 -21 21 26 -25 -25 23 7 -24 20 28 -27 -47 -24 -3 4 18 21 -12 -14 21 22 -23 -32 -3 1 -1 -3 -2 0 2 4 -1 -4 -2 -1 -4 -12 -11 -4 -1 4 15 49 52 18 103 278 227 51 2 1 3 2 4 10 13 8 3 2 2 1 1 -2 -6 -4 -1 0 1 1 0 0 -3 -3 -3 -4 -1 0 0 -1 -4 -6 -7 -7 -3 -1 -2 -1 -6 -9 0 1 0 
0 4 4 5 2 -2 6 8 0 -3 1 5 6 4 0 2 3 -1 0 1 3 7 4 3 4 1 -1 2 6 3 -5 -5 2 4 6 5 -1 -2 -2 1 3 -1 -1 -1 -2 -6 -7 -4 -2 -1 -5 -26 -114 -262 -230 -65 -11 -41 -56 -22 -2 -1 1 5 13 44 63 25 0 6 3 -4 -4 6 3 -7 2 5 -5 -9 -5 2 2 1 3 1 -2 0 2 -2 -3 2 2 0 -1 -1 0 3 2 -3 -2 -3 -4 -14 -54 -60 -22 -3 3 20 72 76 26 96 251 204 48 2 0 3 4 6 8 9 7 6 5 2 -1 1 0 -3 -2 -1 0 0 3 0 -6 -5 -3 -4 -3 0 1 2 -2 -7 -5 -5 -5 -3 -2 -3 -3 -2 -3 1 -3 0 
0 4 1 3 3 0 4 5 1 0 2 6 5 1 -1 -1 0 2 5 3 1 4 5 6 6 2 0 1 2 1 -4 -5 0 1 3 6 2 -1 0 1 1 -4 -2 2 -3 -3 -2 -3 -3 -5 -7 -21 -90 -203 -185 -62 -17 -83 -116 -44 -4 -3 2 6 19 104 149 60 4 4 0 3 3 1 2 -2 -2 -1 0 -1 0 3 -2 -2 2 4 -1 -5 -3 2 3 0 0 0 -1 -1 0 3 2 -2 -2 -5 -7 -32 -124 -140 -48 -4 0 36 139 134 37 86 190 140 33 3 0 4 7 6 5 4 4 6 5 5 1 -1 2 1 -3 -3 -1 -3 0 -1 -5 -1 -1 -3 0 0 0 -1 -5 -7 -4 -3 -4 -2 -2 -5 -4 0 -1 -3 -7 0 
0 3 -1 1 3 4 3 1 3 6 6 7 4 0 -2 -5 -3 3 7 5 1 1 6 8 5 2 0 0 0 0 0 1 1 -1 0 3 2 0 3 2 0 -5 -6 -1 -5 -3 2 1 -2 -6 -8 -18 -71 -159 -167 -77 -23 -102 -146 -57 -5 -3 1 5 23 148 212 83 4 7 3 4 4 1 3 1 -2 -2 0 -1 2 1 -4 -1 1 2 -2 -4 -4 0 3 -2 -2 -1 -3 -2 0 0 0 2 -1 -6 -8 -46 -170 -189 -62 -4 -2 34 134 124 31 91 201 146 34 4 -1 5 8 6 5 2 1 3 5 8 5 0 1 1 -3 -4 -3 -3 -3 -3 0 2 0 -1 2 1 -3 -6 -6 -5 -4 -1 -1 -2 -5 -8 -6 -2 -2 -6 -8 0 
0 2 -2 -1 1 6 6 2 4 6 7 9 4 -1 -1 -4 -3 2 5 6 4 2 5 5 3 1 0 1 0 0 2 3 1 2 2 -2 -2 0 3 1 0 -1 -5 -4 -6 -4 4 3 -3 -7 -9 -19 -85 -206 -211 -86 -18 -66 -96 -37 -1 -1 0 3 23 157 225 88 4 8 4 4 4 2 4 2 -2 -4 -2 -1 4 0 -6 1 2 -1 -2 -1 -3 -2 1 -1 -1 -3 -4 -1 0 -2 -2 2 -1 -4 -7 -50 -180 -197 -64 -4 -2 17 68 60 15 99 263 217 55 5 -1 7 7 5 6 2 0 2 7 7 4 2 0 0 0 -2 -4 -3 -4 -3 1 2 1 -2 -1 3 -1 -8 -8 -5 -4 1 5 0 -8 -10 -9 -7 -3 -5 -8 0 
0 2 1 -2 -1 5 8 6 4 3 6 10 3 -3 0 -1 -1 2 2 4 8 6 3 1 1 0 3 4 0 0 1 0 -1 3 3 -3 -3 -1 0 1 1 2 0 -1 -3 -4 0 -2 -5 -7 -9 -20 -105 -263 -242 -74 -10 -37 -54 -20 2 1 0 1 21 155 223 89 5 8 5 4 3 1 3 1 -15 -31 -16 7 27 8 -23 10 15 -8 5 8 -1 -1 0 1 1 -5 -5 0 -1 -1 1 -1 -3 -2 -6 -48 -179 -196 -64 -4 -3 11 54 51 16 94 270 237 63 6 1 7 6 4 5 2 1 2 6 5 1 1 0 0 3 2 -3 -4 -4 -2 0 3 2 -6 -6 2 3 -6 -10 -6 -3 1 5 2 -6 -8 -8 -9 -4 -4 -7 0 
0 1 5 0 -2 4 7 7 3 3 8 8 1 -3 0 0 0 2 0 2 9 6 0 -1 1 3 8 5 -1 1 1 -2 -2 1 1 -1 -1 -2 -2 2 2 0 0 2 1 -4 -5 -5 -6 -6 -6 -18 -95 -230 -211 -67 -13 -62 -90 -36 1 2 0 0 20 153 222 91 5 8 8 3 1 1 1 -2 -51 -86 -27 9 55 24 -62 31 47 -18 30 35 0 0 0 2 2 -6 -6 0 -3 0 5 -2 -4 -2 -6 -46 -178 -196 -64 -4 -3 22 109 112 35 84 213 177 46 6 3 5 5 3 4 3 3 3 2 2 1 1 -1 -1 4 4 -1 -2 -4 -2 1 3 1 -7 -8 -3 1 -3 -6 -3 -1 -2 -2 1 -3 -5 -4 -6 -4 -5 -5 0 
0 1 4 3 0 3 4 5 2 5 10 5 1 -1 0 1 1 3 3 2 5 2 -4 -2 4 5 6 2 -1 3 2 0 0 0 0 1 0 -2 -1 1 0 -3 -2 1 1 -4 -5 -3 -6 -6 -4 -15 -72 -165 -176 -82 -22 -93 -138 -56 1 1 -1 0 20 153 224 93 3 7 10 2 0 3 1 -5 -87 -129 -16 7 49 13 -95 44 78 -6 62 68 0 -1 1 2 0 -6 -4 1 -3 0 3 -4 -4 0 -5 -47 -178 -197 -65 -4 -1 29 133 138 41 82 189 146 38 8 6 4 2 2 5 4 3 3 -1 0 4 2 -2 -1 3 2 -1 0 -3 -1 2 2 0 -5 -7 -7 -5 -2 1 1 0 -5 -7 0 -2 -4 -1 -4 -6 -6 -4 0 
0 3 2 3 3 2 1 4 4 7 8 4 3 0 0 3 4 4 5 1 1 0 -6 -1 7 3 -1 -1 2 5 1 1 3 2 0 1 0 -2 0 0 -3 -4 -1 0 -1 -4 -4 -4 -6 -5 -4 -15 -77 -182 -199 -95 -22 -73 -111 -45 3 0 -2 0 21 155 226 95 3 5 9 3 0 4 3 -8 -100 -140 3 38 19 -44 -90 28 69 28 82 88 6 -1 3 2 -4 -6 0 2 -2 0 -1 -6 -3 3 -4 -48 -178 -200 -68 -4 0 20 84 87 25 85 236 202 55 9 8 5 0 3 7 4 0 0 -2 2 8 2 -2 1 2 -1 -3 -1 -1 0 1 2 0 -4 -6 -8 -7 0 3 0 -1 -6 -6 0 -3 -5 -1 -4 -6 -4 -6 0 
0 5 4 1 2 2 0 3 6 8 6 4 3 0 1 4 5 3 2 1 0 0 -2 1 8 4 -4 -3 4 6 -1 -3 3 6 0 -2 0 -1 0 0 -2 -3 -1 -1 -3 -4 -5 -6 -4 -3 -5 -18 -99 -248 -244 -88 -13 -35 -53 -21 3 0 -2 0 24 156 225 96 4 4 8 4 0 3 4 -9 -89 -115 26 71 -19 -82 -43 -5 10 28 73 92 30 9 3 1 -5 -5 2 1 -3 -1 -1 -3 -1 3 -4 -47 -178 -204 -72 -5 -1 12 45 47 16 85 271 251 68 6 6 6 1 4 8 5 0 0 1 5 8 2 -3 0 3 0 -4 -3 0 -1 -1 1 -1 -4 -6 -8 -4 3 1 -3 -4 -5 -2 1 -3 -7 -4 -4 -2 -2 -9 0 
0 6 6 1 -1 1 0 0 4 8 6 4 3 1 2 4 3 1 0 2 0 0 4 4 8 6 -4 -4 3 4 -2 -5 1 8 1 -4 0 0 1 1 0 -3 -3 -2 -3 -3 -6 -6 -2 -1 -6 -20 -96 -245 -238 -79 -13 -43 -60 -25 0 1 -1 0 25 155 224 96 4 4 8 4 0 1 4 -4 -57 -64 34 54 -35 -52 5 -23 -39 -7 34 69 47 19 0 -1 -2 -4 0 0 -3 -2 -1 1 1 0 -5 -43 -176 -207 -74 -6 -2 19 80 84 26 82 239 211 55 4 2 4 4 5 6 6 5 5 6 5 2 0 -3 -2 3 2 -3 -2 1 -4 -5 0 -2 -4 -4 -7 -2 4 0 -5 -7 -4 0 2 -1 -7 -6 -3 -2 -5 -8 0 
0 5 4 2 -1 1 1 -2 2 7 5 5 5 2 1 4 3 0 0 0 -1 0 5 7 8 5 -3 -3 1 1 0 0 1 6 1 -4 0 0 2 2 -1 -5 -5 -1 0 -1 -5 -8 -5 0 -4 -18 -72 -181 -198 -84 -23 -82 -114 -49 -2 3 2 0 20 140 206 89 5 5 7 4 1 1 5 2 -21 -21 17 19 -17 -11 12 -16 -30 -16 4 28 28 12 -2 -3 -1 -4 -3 0 -1 -1 -3 1 3 -3 -8 -38 -161 -193 -68 -3 -1 26 127 134 33 78 200 156 39 4 0 1 7 9 4 4 7 7 7 4 -3 -3 0 0 0 1 0 1 2 -6 -9 -1 -1 -3 0 -4 -3 3 -1 -6 -7 -3 0 0 -1 -6 -5 -1 -5 -9 -7 0 
0 4 1 1 1 4 3 -1 2 5 6 7 4 2 1 2 1 0 1 -2 -2 2 5 6 7 4 -1 -1 -1 -1 2 6 4 2 -1 -2 0 -1 1 0 -2 -4 -5 0 2 -1 -4 -11 -11 -1 -1 -15 -66 -169 -200 -94 -23 -83 -117 -50 -2 3 3 0 12 93 139 61 6 6 4 4 3 2 6 3 -4 -2 5 4 -2 0 2 -5 -8 -5 0 5 5 2 -1 -3 -2 -4 -4 1 0 -1 -4 -1 4 -3 -10 -29 -111 -134 -48 0 0 19 105 110 22 76 220 186 51 4 -1 0 8 14 6 2 6 4 3 3 -2 -1 3 1 -3 1 3 0 0 -4 -7 -2 -1 -2 2 -2 -5 0 -1 -4 -5 -1 -1 -3 -4 -7 -2 1 -6 -10 -9 0 
0 5 1 1 3 5 3 0 2 4 8 7 1 3 4 -1 -4 1 3 -1 0 6 7 2 3 5 1 -1 -3 -3 0 6 7 0 -1 3 0 -3 0 -2 -2 -1 -3 -2 0 -2 -2 -8 -13 -6 -2 -13 -84 -231 -245 -91 -12 -44 -62 -28 -3 2 1 -1 6 36 52 23 5 4 0 4 4 0 4 1 -3 2 3 1 0 1 0 -2 -3 -2 2 2 0 0 -1 -1 0 -3 -3 2 0 -2 -4 -3 3 -1 -6 -13 -44 -53 -22 -2 0 9 51 52 9 76 264 256 76 4 -3 -1 7 14 8 4 5 0 -1 3 4 5 3 -2 -3 1 1 -2 -2 -2 -1 -1 -2 -2 -1 -3 -5 -3 -1 -2 -4 -2 -3 -3 -5 -6 1 1 -6 -9 -9 0 
0 9 6 3 2 1 1 1 2 2 6 6 2 4 5 -1 -4 2 4 2 2 5 7 1 0 7 3 -2 -2 -2 -2 1 4 -2 0 6 0 -3 0 -1 -1 -1 -4 -5 -2 -2 1 1 -7 -10 -6 -13 -92 -259 -255 -80 -10 -34 -48 -23 -3 3 0 -3 3 8 8 3 3 1 -2 3 3 -2 1 0 -3 1 0 -1 0 2 0 -2 0 0 0 0 1 0 -4 0 3 0 -1 0 -1 -1 -3 -3 1 -1 1 -2 -9 -8 -6 -4 0 13 57 59 17 77 254 249 74 5 -2 -3 4 10 8 7 3 -2 0 5 7 6 0 -4 0 -1 -5 -2 0 -3 0 0 0 0 -5 -4 -2 -3 -4 -4 -4 -5 -3 0 -2 -3 -2 -4 -6 -6 -6 0 
0 13 12 4 -1 -2 1 2 0 -1 3 6 6 4 2 1 -1 1 4 5 3 1 5 3 1 6 3 0 2 0 -2 -2 -2 -4 1 5 0 -2 -2 0 1 -2 -6 -5 -1 -2 0 5 1 -6 -8 -17 -76 -199 -209 -85 -23 -70 -102 -44 -1 3 0 -3 1 3 2 1 2 -1 -2 1 2 -1 -1 0 -1 0 -2 -2 -1 1 1 -1 2 2 -2 -2 2 0 -6 -1 4 2 -1 -2 -2 0 -1 -1 0 -2 3 0 -4 -1 -1 -3 1 26 109 116 36 79 205 178 51 8 2 -3 1 7 7 7 5 1 3 5 2 0 -3 -4 2 0 -6 -2 3 -3 -4 0 1 1 -4 -4 -1 0 -4 -7 -4 -4 -1 2 -1 -4 -8 -10 -8 -5 -4 0 
0 12 12 5 0 -1 2 1 -2 -1 1 4 6 4 2 4 1 0 3 5 5 2 5 4 0 1 1 3 5 0 -3 -2 -1 -1 3 3 -1 -3 -6 -1 2 0 -3 -4 -1 -1 -2 2 3 -2 -9 -22 -65 -150 -184 -104 -33 -87 -129 -55 0 1 -1 -1 1 1 0 2 4 -2 -4 0 3 0 -3 -1 1 1 -1 -1 -2 0 1 -1 2 2 -2 -2 1 1 -2 -2 2 1 -2 -1 -2 -1 1 1 -1 -2 2 2 -3 -5 -1 1 4 25 110 122 37 76 199 172 52 10 4 0 0 5 6 5 7 4 4 4 -2 -4 -3 -2 2 2 -2 -2 3 0 -4 -1 -3 -2 -2 -5 -3 3 0 -8 -5 0 1 -1 -4 -6 -9 -11 -9 -6 -6 0 
0 10 10 6 2 0 2 1 0 1 -1 1 3 3 5 7 3 0 1 3 5 4 4 3 -1 -2 0 4 7 2 -3 -2 2 2 3 0 -3 -2 -5 -2 1 1 0 -3 -2 1 -1 -3 0 -2 -10 -22 -77 -195 -225 -108 -26 -55 -75 -20 5 -15 -10 13 14 -11 -16 9 21 -5 -23 -1 21 6 -19 -11 16 15 -11 -15 6 17 -3 -21 -1 21 6 -18 -13 15 21 -9 -20 2 19 4 -22 -11 21 17 -17 -20 13 26 -6 -31 -4 29 15 -12 32 60 20 64 239 253 85 10 4 2 0 5 7 3 3 2 3 3 0 0 1 1 1 1 0 -2 1 1 -2 -3 -5 -2 -4 -8 -5 2 3 -5 -4 3 2 -5 -8 -7 -8 -8 -6 -5 -7 0 
0 10 10 7 2 -1 2 1 2 3 -2 1 4 2 4 7 5 1 0 2 4 2 -1 2 2 -1 1 4 5 1 -1 1 1 0 2 -1 -3 2 1 -1 -1 -2 -1 -1 -2 1 1 -6 -4 -3 -8 -17 -95 -276 -279 -91 -13 -17 6 60 23 -66 -37 58 53 -48 -63 34 74 -16 -79 -4 78 25 -72 -42 62 59 -47 -67 29 75 -8 -82 -14 81 37 -69 -58 54 76 -33 -81 8 84 16 -83 -38 76 61 -60 -74 42 88 -18 -95 -11 96 41 -82 -67 0 6 52 267 322 116 12 4 2 0 5 8 2 0 0 1 0 1 6 7 1 -2 -1 -1 -1 0 0 -2 -5 -2 2 -5 -9 -7 -2 4 1 0 3 0 -6 -10 -10 -9 -5 -4 -5 -6 0 
0 11 10 8 4 -2 0 -1 2 4 -1 4 8 4 2 3 5 3 0 3 4 -1 -3 2 3 0 2 3 0 -3 1 5 0 -2 3 2 -1 3 3 0 -3 -4 0 0 -4 -2 2 -3 -6 -6 -5 -13 -104 -315 -299 -78 -7 -2 54 134 45 -124 -70 110 99 -91 -119 64 139 -29 -144 -8 143 47 -134 -80 113 110 -87 -128 52 143 -10 -150 -31 147 76 -126 -111 96 135 -60 -147 14 153 29 -148 -68 131 106 -103 -130 69 150 -28 -157 -21 158 68 -141 -130 -24 1 48 271 342 129 14 4 2 0 2 7 4 2 0 -2 -3 -2 6 10 1 -4 -3 -2 0 1 2 -2 -7 1 5 -3 -7 -7 -4 2 3 0 0 -2 -6 -9 -10 -9 -4 -5 -8 -7 0 
0 14 12 7 6 -1 -1 0 2 3 2 8 10 6 1 -2 2 3 0 4 4 -1 -1 1 2 2 0 -1 0 0 2 4 1 -1 3 4 0 1 2 0 -3 -3 2 -1 -6 -4 0 0 -5 -7 -4 -14 -104 -309 -299 -86 -9 1 67 155 52 -141 -83 126 117 -104 -140 75 162 -33 -167 -11 165 56 -154 -95 128 127 -98 -150 58 166 -9 -172 -38 168 90 -144 -129 110 154 -68 -167 16 172 34 -168 -80 143 118 -112 -145 74 164 -26 -170 -26 167 75 -150 -145 -27 6 67 275 326 123 13 4 1 1 1 4 6 5 0 -4 -3 -3 2 8 2 -3 -2 -2 0 3 2 -5 -8 3 6 -2 -6 -6 -4 -1 1 -3 -3 -2 -6 -7 -5 -6 -5 -7 -10 -8 0 
0 15 14 7 6 2 2 1 1 2 6 10 7 4 0 -3 0 2 1 4 3 0 0 1 3 5 -1 -4 2 4 0 0 2 0 1 3 0 1 2 -1 0 -1 0 -1 -3 -3 -3 -2 -4 -5 -6 -17 -89 -258 -286 -128 -30 0 60 121 39 -112 -68 100 94 -79 -113 62 126 -26 -133 -9 132 45 -122 -78 103 101 -74 -122 46 129 -6 -137 -32 134 71 -113 -104 88 119 -51 -130 14 131 27 -131 -66 107 90 -82 -113 54 119 -15 -127 -21 119 57 -103 -115 -13 41 131 274 250 85 11 5 1 3 3 3 4 3 0 -2 -1 0 2 5 1 -1 0 -4 -2 3 -1 -8 -7 2 3 -2 -4 -5 -3 -1 0 -3 -4 -4 -7 -5 -2 -4 -6 -7 -7 -8 0 
0 12 11 6 6 6 5 0 -1 2 7 8 3 2 2 0 1 2 3 4 1 0 0 2 4 5 1 -1 2 2 -2 -3 0 1 1 0 -1 2 -1 -4 3 1 -2 2 2 -1 -3 -5 -5 -4 -9 -17 -62 -172 -239 -178 -74 -14 30 53 12 -63 -39 50 46 -36 -58 35 59 -15 -66 -3 65 21 -60 -41 54 50 -31 -62 22 59 -2 -68 -17 67 34 -55 -55 44 55 -21 -62 8 58 12 -61 -34 48 40 -35 -56 23 47 -5 -56 -10 51 30 -32 -48 30 115 199 226 136 36 9 6 3 5 5 5 0 -2 0 -1 -1 3 5 4 1 0 -1 -5 -5 -1 -2 -6 -6 -2 -1 -2 -1 -3 -2 0 0 -1 -4 -6 -8 -5 -2 -3 -5 -6 -3 -7 0 
0 9 7 3 5 7 6 2 -2 1 6 7 3 1 2 3 3 2 5 4 0 -1 0 2 3 3 1 2 3 1 -1 -2 -1 1 2 -2 -5 -1 -3 -4 3 2 -1 3 3 0 -1 -5 -6 -4 -8 -15 -45 -107 -173 -186 -113 -37 -9 -6 -13 -32 -21 10 11 -8 -17 13 13 -8 -17 0 15 4 -14 -12 14 13 -1 -14 2 9 -1 -15 -3 15 5 -14 -16 12 13 -4 -15 2 10 2 -14 -9 9 6 -6 -15 3 4 -2 -10 -1 15 17 12 14 84 184 212 147 59 13 9 5 2 7 8 5 -2 -2 0 -3 -2 3 4 3 3 0 -2 -2 -4 -5 -4 -5 -6 -3 -1 -1 -2 -4 -2 0 0 1 -3 -6 -9 -8 -1 -1 -4 -6 -4 -6 0 
0 7 8 4 4 5 5 5 0 1 6 7 4 0 -1 3 4 3 5 4 1 -1 1 2 0 1 1 1 3 2 0 2 2 -1 1 -1 -8 -5 1 1 0 0 0 1 1 -1 -1 -3 -4 -3 -5 -13 -44 -88 -134 -168 -125 -49 -28 -28 -23 -27 -20 -4 0 -4 -5 4 1 -4 -2 -1 0 0 -1 -4 1 4 5 2 -3 -5 -4 1 3 -2 -5 -3 -2 3 3 -2 -4 -1 0 0 -3 -1 0 -3 -2 -3 -2 -2 0 1 4 12 17 22 42 118 207 190 101 35 9 8 4 0 6 8 4 1 2 1 -2 -1 1 1 2 4 0 -3 -1 -2 -5 -5 -6 -5 -1 -1 -1 -4 -6 -3 -1 1 3 -1 -7 -12 -11 -1 0 -4 -7 -7 -7 0 
0 6 11 7 4 5 4 6 4 3 4 4 5 1 -2 1 3 2 1 4 4 3 3 1 -2 1 3 0 1 1 0 3 3 0 1 -1 -5 -3 3 2 -3 -2 0 0 -1 -4 -3 0 1 -1 -5 -13 -47 -89 -124 -156 -121 -49 -28 -27 -23 -28 -23 -9 -5 -7 -5 0 -1 -1 1 -3 -3 0 0 -4 -1 4 4 3 -1 -4 -6 1 3 -5 -5 0 1 1 1 -2 -4 -2 -1 -1 0 1 0 -4 -5 -2 0 1 2 4 8 15 18 22 52 133 201 169 88 33 8 2 4 2 1 1 2 6 6 4 2 1 1 0 2 4 1 -4 -3 -2 -2 -1 -6 -6 -2 -3 -3 -3 -5 -5 -3 2 4 -1 -8 -14 -13 -4 0 -4 -8 -7 -8 0 
0 9 12 7 3 6 5 5 6 4 1 3 7 2 -2 -1 -1 -1 0 5 7 6 3 0 0 3 3 0 0 0 0 0 -1 1 2 -2 0 2 1 -1 -2 0 0 0 -2 -6 -4 3 4 -1 -6 -16 -48 -88 -120 -148 -117 -49 -24 -20 -20 -26 -23 -15 -10 -9 -7 -3 -4 -1 2 -3 -3 0 0 -4 -3 3 3 1 0 -1 -4 0 1 -6 -4 3 3 0 -1 -3 -3 -2 -3 -1 3 1 -1 -3 -4 0 3 1 2 7 11 15 17 24 59 138 189 154 83 33 8 0 4 2 -3 -5 -1 8 9 5 2 2 3 1 1 3 2 -3 -3 -1 1 2 -5 -8 -6 -5 -4 -3 -3 -4 -4 1 2 -5 -9 -13 -13 -5 0 -3 -6 -6 -8 0 
0 12 12 6 2 4 6 5 5 4 1 3 7 4 1 -2 -5 -1 4 6 7 5 1 1 2 2 2 1 -1 -1 1 -1 -4 -2 -1 -2 3 3 0 0 1 2 0 0 0 -3 -3 3 1 -4 -6 -17 -46 -84 -116 -140 -115 -51 -20 -14 -16 -21 -19 -17 -13 -12 -8 -4 -7 -3 0 -1 -1 -1 0 -3 -4 0 2 0 -1 0 -1 0 0 -4 -3 3 3 0 -2 -3 -2 -3 -3 1 3 -2 -3 0 0 3 5 1 4 8 11 12 14 28 68 138 169 138 81 29 7 6 5 0 -2 -4 -1 7 8 1 -3 0 3 3 2 1 0 -3 -2 1 1 0 -3 -5 -6 -5 -4 -5 -1 -1 -4 -1 -2 -8 -10 -10 -9 -4 -3 -3 -3 -6 -9 0 
0 9 10 8 4 1 4 6 4 4 3 1 4 6 7 1 -4 0 3 4 6 4 0 3 2 -2 2 3 -2 -2 2 1 -1 -2 -5 -3 3 2 1 1 -1 0 0 1 3 1 -2 0 -3 -6 -5 -13 -39 -75 -106 -129 -113 -53 -12 -6 -11 -16 -14 -14 -14 -13 -7 -4 -9 -5 -2 0 -1 -4 0 0 -5 -4 3 2 -2 -1 0 1 0 -2 -1 2 1 -1 0 0 -3 -4 0 3 1 -4 -2 4 4 4 7 5 7 7 7 3 2 30 83 134 139 112 70 22 4 9 7 2 2 0 0 4 4 -2 -5 -2 1 4 5 -1 -3 -5 -3 2 0 -2 -3 -2 -2 -3 -5 -6 0 -1 -5 -3 -3 -5 -7 -5 -5 -6 -8 -6 -3 -7 -12 0 
0 5 7 10 7 1 1 5 5 5 5 0 -1 3 9 6 0 -2 -3 2 7 6 2 2 2 -2 2 4 -2 -2 1 1 3 2 -3 -3 -1 2 3 -1 -4 -2 -1 1 4 1 -4 -2 -3 -5 -2 -9 -27 -53 -80 -102 -98 -49 -1 6 -4 -10 -10 -12 -12 -9 -5 -4 -9 -5 -2 -1 -2 -5 -1 0 -7 -5 5 6 -1 -3 1 2 -1 -2 0 2 0 -1 3 1 -4 -2 4 5 0 -2 2 6 6 4 8 9 7 5 3 -9 -15 24 81 107 99 78 45 12 1 5 6 4 5 3 -1 -1 0 0 1 1 0 3 4 -2 -4 -5 -3 -1 -3 -2 -3 -2 0 -3 -7 -4 0 -4 -7 -4 -1 0 -2 -4 -5 -6 -7 -7 -6 -11 -17 0 
0 5 7 9 8 3 0 4 6 6 7 1 -5 -2 5 7 3 -4 -6 2 7 9 6 -1 2 2 2 3 -1 -2 -1 1 4 3 1 -1 -4 1 2 -2 -1 -1 -3 -1 3 0 -6 -2 0 -3 -2 -7 -14 -25 -42 -56 -58 -32 0 7 1 -2 -4 -11 -9 -5 -4 -3 -5 -2 -3 -2 0 -2 -2 -3 -7 -2 6 6 0 -3 2 0 -3 -1 0 1 0 2 4 -2 -4 1 6 5 0 2 5 5 3 2 6 7 5 4 3 -9 -16 12 46 55 52 43 21 3 0 1 2 4 6 3 -1 -4 -4 1 8 6 0 0 -1 -2 -3 -4 -2 -5 -8 -3 0 0 -2 -6 -7 -1 -1 -5 -5 -3 -1 0 -2 -8 -7 -1 0 -5 -9 -15 -20 0 
0 7 8 8 8 4 0 3 5 6 7 2 -3 -1 2 4 4 -1 -5 1 5 7 7 1 3 3 2 2 1 -2 -2 3 3 0 1 0 -2 1 -3 -4 3 0 -4 -1 1 0 -4 -2 3 0 -5 -7 -7 -7 -11 -16 -18 -13 -7 -3 0 3 1 -9 -7 -2 -2 -2 -2 0 -4 -1 3 1 0 -2 -5 -1 3 0 0 0 0 -2 -1 0 -2 0 0 2 3 -3 -2 2 4 4 2 4 5 2 -3 -2 2 2 3 5 5 -2 -6 5 14 15 16 16 9 0 -1 1 0 3 6 1 0 -1 -5 -3 7 7 0 -3 -5 -2 -2 -4 -2 -4 -8 -4 2 2 -5 -8 -5 -1 -3 -2 1 -1 -3 -6 -7 -8 -6 1 3 -4 -11 -15 -15 0 
0 9 8 6 8 5 0 2 5 6 5 2 2 4 2 2 4 2 -3 0 3 2 5 5 4 2 3 4 1 -3 -1 3 1 -3 0 0 -1 2 -5 -5 4 1 -4 -1 0 0 -1 0 4 1 -6 -7 -4 -2 0 -1 -3 -5 -8 -5 -1 3 0 -7 -4 1 0 -3 -2 0 -3 1 4 2 2 -1 -4 -2 -2 -5 1 3 -2 -1 3 -1 -5 0 -1 -2 1 0 3 2 0 4 5 3 1 -2 -6 -3 1 0 1 6 7 0 -2 3 5 4 2 2 4 0 -1 3 -1 1 6 0 -1 3 -1 -6 0 3 0 -3 -4 0 -3 -6 -1 0 -4 -3 0 -1 -5 -4 -3 -4 -5 -1 2 -1 -4 -10 -9 -4 -3 -3 -2 -5 -11 -12 -7 0 
0 9 7 3 8 7 2 3 6 6 5 3 3 4 1 3 4 1 -2 -1 0 0 5 6 4 2 4 7 0 -4 0 1 0 -4 -1 1 -2 0 -1 -1 4 3 -4 -3 -1 0 1 2 3 -3 -7 -2 1 -2 -2 -2 -2 -3 -4 0 1 2 0 -3 -2 -1 -3 -4 -1 -1 -2 2 3 2 3 -2 -4 -2 -4 -4 2 4 0 -1 1 -2 -3 1 -2 -4 -1 2 5 1 -2 3 4 1 -2 -3 -4 -1 2 0 -1 4 8 1 -1 2 2 4 1 -2 1 -1 0 3 -2 0 4 1 0 3 2 -4 -6 -3 2 0 -2 2 -3 -8 -2 1 -1 -2 -3 -4 -4 0 -2 -6 -5 -1 0 -3 -6 -10 -7 -2 -3 -7 -7 -6 -8 -9 -5 0 
0 5 5 4 8 8 7 5 4 6 7 4 2 2 0 3 3 0 -2 -2 -2 0 5 6 4 2 4 7 1 -3 -1 -1 0 -4 -3 3 -1 -3 3 4 4 2 -4 -3 -2 0 2 1 1 -5 -6 1 2 0 -3 -4 -1 -1 -1 1 1 3 4 2 -2 -6 -7 -4 0 -2 -2 1 1 3 5 -2 -5 -2 -2 -1 0 2 3 -1 -2 -1 2 3 -1 -3 -3 -1 1 0 -1 1 2 1 -1 -1 -1 0 1 0 -3 1 7 0 -2 2 2 4 3 0 0 -2 -2 -1 -2 0 1 2 3 2 0 -1 -5 -5 4 2 -3 1 -1 -6 -5 -4 -2 -2 -2 -1 -4 -2 -4 -6 -1 2 0 -4 -8 -9 -6 -5 -5 -7 -8 -6 -5 -8 -8 0 
0 3 4 6 8 8 10 6 1 5 8 4 2 2 1 2 2 1 -1 -1 0 0 1 5 4 2 3 6 3 -2 -3 -3 0 -3 -3 2 -1 -2 5 6 3 -2 -4 0 0 0 2 1 -1 -3 -2 -1 -1 2 -1 -3 0 -1 -1 0 1 4 4 3 -2 -7 -7 -3 0 -2 0 1 0 2 4 -2 -6 -1 2 1 -3 -1 4 1 -2 -1 3 4 1 -2 -4 -5 -3 1 1 -1 2 3 1 2 0 -2 -1 0 -2 0 3 -2 -5 -1 4 5 4 2 1 0 -4 -5 -2 0 0 0 3 3 -2 0 0 -2 2 1 -3 -1 -1 -4 -6 -9 -5 -1 2 3 -4 -5 -8 -6 4 4 -2 -5 -7 -6 -5 -9 -7 -5 -7 -8 -6 -8 -10 0 
0 7 6 5 6 6 7 6 3 4 7 5 2 2 3 2 2 2 0 0 2 0 -1 4 4 1 0 6 3 -3 -2 -2 0 -1 -1 -1 -2 2 6 4 1 -4 -3 4 2 -1 2 2 -3 -3 0 0 0 1 1 0 -1 -4 -2 0 1 4 1 -1 -2 -3 -4 -1 -1 -3 2 2 0 -1 1 0 -3 0 2 1 -2 0 3 1 -3 -3 2 5 4 -1 -4 -5 -4 1 2 -2 0 3 3 4 0 -4 -3 -1 2 1 -2 -1 -4 -5 3 6 3 1 2 2 -3 -4 0 1 -1 -2 2 2 -3 -1 1 0 0 0 -2 -3 -2 -4 -6 -7 -4 0 2 2 -4 -6 -9 -6 4 3 -4 -6 -7 -6 -4 -7 -7 -5 -6 -11 -10 -8 -9 0 
0 10 9 5 3 3 4 7 8 4 4 6 4 4 4 2 1 0 1 0 -1 0 3 4 3 0 -2 4 1 -3 1 1 0 0 0 0 2 5 3 0 1 -2 -1 5 1 -3 -1 0 -3 -2 1 2 2 0 2 2 -3 -5 0 1 -1 2 1 -4 -2 0 -2 0 -2 -3 1 0 -1 0 2 2 0 0 -2 -1 2 2 1 0 -3 -3 2 6 6 1 -3 -2 -2 -1 0 -2 -3 2 4 2 1 -3 -4 -1 3 1 -3 -2 -2 -1 3 2 0 1 4 1 -5 -1 3 3 0 -2 1 -2 -5 -1 0 1 0 -3 -2 -4 -1 -2 -6 -3 0 2 -4 -5 -3 -2 -3 -7 -4 -3 -7 -4 -4 -8 -5 -4 -5 -6 -6 -9 -13 -13 -10 0 
0 9 8 6 5 4 5 8 8 4 3 6 6 5 3 3 1 -2 3 1 -5 -1 6 4 1 1 0 1 0 -1 1 1 -1 0 1 2 7 5 -2 -1 4 2 0 1 -1 -3 -4 -1 -1 0 3 2 1 -1 0 0 -3 -1 1 2 1 0 2 -3 -2 0 -3 -2 -3 -1 2 -2 -3 3 5 0 -2 0 -4 -2 3 1 1 1 -2 -1 2 3 4 2 -1 5 5 -3 -4 -3 -5 6 6 -2 3 -5 -5 4 0 -4 -2 -5 0 11 3 -6 -2 3 8 -1 -9 1 0 5 7 -4 -6 -9 -3 6 0 3 -2 -11 4 -1 0 1 -11 -5 5 6 -11 -12 0 7 4 -11 -11 -13 -14 3 2 -7 -7 -7 -1 -3 -5 -2 -18 -26 -13 0 
0 8 6 5 8 8 7 7 4 3 6 8 5 2 2 3 2 0 4 3 -3 -1 4 2 0 3 2 0 0 0 1 0 -3 1 3 1 4 1 -2 3 7 3 -1 -2 -2 0 -1 1 0 -2 2 3 2 -2 -4 -3 -1 1 -3 1 6 2 0 -3 0 1 -4 -4 -5 0 5 0 -3 2 4 -2 -3 0 -4 -4 1 1 3 3 -3 0 3 -1 1 1 0 13 11 -6 -5 -5 -7 14 8 -7 3 -9 -3 10 -3 -8 -4 -6 3 19 2 -13 -3 9 10 -4 -5 2 -8 6 11 -6 -12 -17 1 16 0 0 -6 -15 15 4 -2 0 -20 -8 12 3 -15 -12 2 16 4 -15 -9 -20 -18 11 2 -5 -7 -13 4 4 -6 0 -25 -35 -12 0 
0 8 6 4 7 10 10 6 2 2 7 9 4 1 3 2 2 4 5 3 0 2 2 -2 -1 3 1 0 0 0 3 1 -3 2 3 0 0 0 3 6 6 1 -3 -3 0 3 0 1 1 -3 -1 3 5 0 -7 -4 1 -2 -7 0 8 4 -2 -3 2 1 -3 -3 -5 0 5 3 -1 -1 0 -3 -2 0 -2 -4 0 1 2 3 -3 1 4 -1 -1 -2 0 15 9 -5 2 -9 -10 19 8 -11 -1 -9 2 10 -2 -4 -8 -8 2 18 3 -16 -5 16 11 -7 -1 1 -10 9 11 -7 -11 -19 3 21 -3 -8 -7 -12 17 3 -5 -1 -25 -6 20 -5 -15 -10 0 22 4 -13 -8 -24 -17 12 1 -4 -8 -16 8 9 -10 -4 -29 -35 -9 0 
0 7 5 6 7 8 10 7 5 4 5 5 4 3 3 4 5 5 3 -1 -1 5 4 -2 -2 1 0 -1 0 2 5 3 -2 0 2 0 1 6 7 4 2 -1 -4 -5 1 3 -3 0 2 -1 0 2 4 2 -7 -4 3 -3 -7 1 7 3 0 -1 1 1 -1 -2 -4 -1 3 3 0 -2 -2 -4 -4 -1 1 1 1 -1 -2 0 -1 3 4 0 -2 -3 1 14 2 -4 9 -12 -10 18 6 -12 -3 -6 3 8 -1 -1 -9 -8 3 12 1 -8 -2 13 8 -9 -3 1 -5 13 12 -12 -12 -16 4 20 -8 -10 -5 -10 14 0 -4 1 -26 -5 23 -6 -11 -10 -5 20 4 -7 -8 -24 -15 9 0 -4 -10 -17 8 4 -10 0 -28 -35 -9 0 
0 6 6 8 7 5 6 8 8 6 5 3 4 3 1 6 9 2 -3 -3 0 6 6 1 0 1 1 -1 0 4 5 3 -2 -2 2 0 1 9 7 1 0 -2 -3 -4 -1 1 -2 1 1 -1 2 2 1 1 -4 -3 3 -2 -4 3 5 2 2 0 0 2 -1 -1 -2 -3 -1 1 1 -2 0 -1 -7 -4 1 3 2 0 -1 -2 -2 3 5 0 -2 -1 2 11 -6 -9 7 -9 -4 13 0 -10 2 -3 3 9 -5 -4 -6 -2 7 3 -1 6 2 4 0 -11 -2 3 -1 9 5 -16 -9 -8 1 12 -7 -3 -4 -9 13 -1 -2 2 -20 -5 15 -6 -7 -9 -8 9 -3 -3 -4 -16 -10 5 -5 -2 -7 -17 1 -6 -5 7 -22 -31 -10 0 
0 8 10 6 4 3 4 7 6 7 8 5 3 2 1 5 8 0 -3 2 3 5 4 0 3 3 2 2 1 1 2 2 -1 -2 -1 0 1 5 4 0 1 0 -1 0 1 0 -1 3 1 -2 0 -1 -1 0 0 0 0 -3 0 4 4 2 0 1 0 1 -1 0 2 -4 -7 0 2 -2 2 3 -6 -6 0 1 1 3 5 -1 -5 1 6 0 -4 -1 2 5 -9 -8 3 -5 0 7 -3 -5 5 -3 2 7 -5 -3 -3 3 5 -2 3 9 -1 -1 -3 -10 0 2 -1 2 -5 -13 -1 0 -2 2 -2 4 -3 -6 5 -5 -2 2 -9 -2 3 -10 -6 -7 -7 -1 -6 -3 -5 -8 -4 0 -7 -2 -4 -11 -5 -8 -2 2 -15 -20 -10 0 
0 11 10 4 3 1 2 6 6 9 10 6 3 4 3 3 5 2 2 5 3 4 2 -2 3 3 1 3 3 -1 0 3 1 -3 -6 0 3 1 0 0 3 2 0 2 5 1 -2 3 2 -1 -2 -5 -2 2 3 3 -2 -4 2 2 2 1 -2 2 0 1 2 1 4 -4 -10 0 1 -3 2 4 -3 -5 -1 -1 0 4 7 0 -4 0 5 1 -5 -1 3 1 -7 -3 1 -4 -1 2 -1 -1 3 -2 -2 2 1 1 -1 4 1 -2 3 2 -2 1 0 -6 -2 -2 -2 -1 -8 -8 0 0 1 -1 -2 3 -1 -2 -4 -8 -2 -1 -5 0 -2 -9 -3 -4 -8 -5 -2 -4 -8 -7 -3 -2 -7 -6 -3 -6 -6 -4 -4 -6 -11 -13 -10 0 
0 12 8 4 4 0 0 6 8 10 10 6 4 6 4 2 4 4 4 4 2 4 2 -2 2 2 0 2 4 0 0 4 2 -4 -8 0 4 0 -2 0 4 2 0 2 6 2 -2 2 2 0 -2 -6 -2 4 4 4 -2 -4 2 0 0 0 -2 2 0 2 4 2 4 -4 -10 0 0 -4 2 4 -2 -4 -2 -2 0 4 6 0 -2 0 4 2 -4 0 4 0 -6 -2 0 -4 -2 0 0 0 2 0 -4 0 4 2 0 4 0 -2 0 -2 0 4 2 -4 -4 -4 -2 -2 -8 -6 -2 -2 4 0 -4 0 0 0 -6 -8 -2 -4 -6 0 -2 -6 0 -2 -10 -6 0 -4 -8 -8 -4 -2 -8 -8 -2 -6 -6 -2 -6 -8 -10 -12 -10 0 
