0 0 0 0 0 0 0 0 0 0 0 0 0 0 0 0 0 0 0 0 0 0 0 0 0 0 0 0 0 0 0 0 0 0 0 0 0 0 0 0 0 0 0 0 0 0 0 0 0 0 0 2 38 222 478 394 108 8 2 2 4 4 6 4 0 -2 -4 -8 -2 6 0 -4 -2 -2 4 6 -2 -10 -10 0 0 -2 -2 0 2 0 -2 -8 -8 0 4 0 -4 0 4 0 -6 -4 -4 -4 2 -2 -4 -4 -2 2 -4 -8 -4 4 0 -8 -4 -2 0 -2 -4 -2 -6 -10 -4 8 6 -6 -12 -12 -12 -10 -2 4 -4 -10 -106 -362 -416 -182 -28 -2 0 0 0 0 0 0 0 0 0 0 0 0 0 0 0 0 0 0 0 0 0 0 
0 0 0 0 0 0 0 0 0 0 0 0 0 0 0 0 0 0 0 0 0 0 0 0 0 0 0 0 0 0 0 0 0 0 0 0 0 0 0 0 0 0 0 0 0 0 0 0 0 0 1 19 114 311 439 290 71 6 1 3 5 3 4 3 0 -3 -4 -5 0 4 -3 -2 1 -2 2 4 -3 -9 -6 0 0 1 -3 -3 2 1 -3 -8 -6 -1 1 0 -2 -1 2 0 -5 -3 -3 -3 1 -3 -5 -4 0 3 -5 -8 -2 2 -1 -6 -5 -2 0 -3 -5 -4 -6 -7 -2 6 4 -6 -10 -9 -12 -11 -2 2 -6 -8 -69 -268 -387 -264 -92 -15 -1 0 0 0 0 0 0 0 0 0 0 0 0 0 0 0 0 0 0 0 0 0 
0 0 0 0 0 0 0 0 0 0 0 0 0 0 0 0 0 0 0 0 0 0 0 0 0 0 0 0 0 0 0 0 0 0 0 0 0 0 0 0 0 0 0 0 0 0 0 0 0 1 20 114 295 399 293 111 20 2 0 4 3 1 2 1 0 -4 -5 -1 3 1 -5 2 5 -4 -3 1 -2 -3 1 -1 -1 2 -6 -5 4 1 -5 -6 -4 -3 -2 0 -1 -4 -2 0 -1 0 -1 -1 0 -4 -7 -4 2 2 -7 -7 -1 -1 0 -3 -7 -3 1 -4 -7 -5 -4 -3 -2 1 1 -5 -6 -4 -11 -12 -3 -2 -7 -4 -18 -105 -267 -353 -250 -91 -15 -1 0 0 0 0 0 0 0 0 0 0 0 0 0 0 0 0 0 0 0 0 
0 0 0 0 0 0 0 0 0 0 0 0 0 0 0 0 0 0 0 0 0 0 0 0 0 0 0 0 0 0 0 0 0 0 0 0 0 0 0 0 0 0 0 0 0 0 0 0 1 20 117 298 398 294 112 19 3 -2 1 3 -3 0 3 2 1 -5 -7 0 4 -1 -3 3 5 -6 -7 1 2 3 4 -2 -4 -2 -6 -2 5 -2 -7 -3 -2 -3 -1 0 -4 -7 -4 2 3 1 -1 0 1 -5 -8 -3 0 -3 -6 -3 -3 -3 1 -3 -7 -3 2 -4 -7 -2 -1 -4 -6 -1 1 -4 -4 -2 -10 -11 -3 -3 -5 -4 -5 -21 -108 -268 -349 -248 -92 -16 -1 0 0 0 0 0 0 0 0 0 0 0 0 0 0 0 0 0 0 0 
0 0 0 0 0 0 0 0 0 0 0 0 0 0 0 0 0 0 0 0 0 0 0 0 0 0 0 0 0 0 0 0 0 0 0 0 0 0 0 0 0 0 0 0 0 0 0 1 19 116 303 402 290 115 22 0 -2 -2 3 0 -7 0 5 5 1 -6 -6 1 4 -3 -4 0 4 -4 -7 2 3 2 4 -1 -7 -5 -3 -1 2 -3 -8 -2 3 0 0 -1 -7 -7 -1 3 0 -1 -2 0 2 -5 -7 -2 -3 -5 -1 0 -5 -6 -2 -3 -4 -1 0 -4 -5 -1 0 -7 -9 2 4 -4 -4 -4 -10 -7 -1 -2 -6 -9 -6 -4 -22 -105 -263 -349 -251 -94 -16 -1 0 0 0 0 0 0 0 0 0 0 0 0 0 0 0 0 0 0 
0 0 0 0 0 0 0 0 0 0 0 0 0 0 0 0 0 0 0 0 0 0 0 0 0 0 0 0 0 0 0 0 0 0 0 0 0 0 0 0 0 0 0 0 0 0 1 20 114 299 407 294 109 22 4 -3 -5 2 7 -1 -8 -1 6 5 -2 -4 -1 2 1 -4 -4 -3 3 0 -5 0 1 1 4 -3 -9 -5 -3 -3 0 0 -6 -1 6 2 -2 -4 -6 -4 2 0 -5 -2 -1 1 2 -3 -7 -4 -3 -1 2 -4 -7 -6 -3 -1 0 0 -3 -4 -5 -3 -1 -8 -8 4 5 -5 -7 -7 -7 -2 0 -2 -9 -11 -4 -1 -2 -19 -105 -267 -351 -250 -94 -16 -1 0 0 0 0 0 0 0 0 0 0 0 0 0 0 0 0 0 
0 0 0 0 0 0 0 0 0 0 0 0 0 0 0 0 0 0 0 0 0 0 0 0 0 0 0 0 0 0 0 0 0 0 0 0 0 0 0 0 0 0 0 0 0 1 20 117 298 400 296 114 19 1 0 -3 -6 4 11 0 -7 -2 4 3 -2 1 2 -2 -6 -2 2 -2 2 1 -5 -3 0 3 3 -9 -10 -1 -3 -4 0 2 -1 0 3 0 -5 -5 -3 -3 1 0 -5 -3 0 3 3 -3 -10 -7 -1 2 -1 -9 -5 -1 -1 -2 1 1 -4 -4 -5 -4 -4 -6 -2 2 -1 -9 -11 -6 -2 0 1 -2 -10 -8 -2 0 1 -4 -25 -109 -263 -348 -252 -93 -15 -1 0 0 0 0 0 0 0 0 0 0 0 0 0 0 0 0 
0 0 0 0 0 0 0 0 0 0 0 0 0 0 0 0 0 0 0 0 0 0 0 0 0 0 0 0 0 0 0 0 0 0 0 0 0 0 0 0 0 0 0 0 1 20 116 301 402 290 113 25 4 -3 -3 -1 -3 4 6 -4 -5 0 2 2 3 5 0 -9 -10 2 7 2 2 -2 -7 -4 0 3 0 -10 -7 2 -2 -3 1 1 2 -1 -3 -2 -3 -3 -3 -5 -2 0 -4 -3 0 5 5 -5 -12 -6 0 -1 -7 -7 3 2 -1 -6 -2 3 -4 -5 -3 -4 -5 -1 2 -3 -9 -11 -7 -2 -2 -1 1 -5 -10 -4 -2 -1 1 -3 -9 -22 -103 -266 -350 -249 -92 -15 -1 0 0 0 0 0 0 0 0 0 0 0 0 0 0 0 
0 0 0 0 0 0 0 0 0 0 0 0 0 0 0 0 0 0 0 0 0 0 0 0 0 0 0 0 0 0 0 0 0 0 0 0 0 0 0 0 0 0 0 1 20 116 299 404 294 110 24 8 1 -5 -4 2 3 2 -4 -9 -4 4 5 2 3 3 -2 -9 -7 4 7 2 0 -4 -7 -3 -1 -1 -3 -4 -1 1 -2 -1 2 1 0 -6 -5 1 2 -2 -5 -7 -7 -4 -2 0 0 7 6 -8 -12 -2 0 -6 -11 -2 10 1 -3 -7 -4 3 -4 -7 -3 -3 -2 2 -1 -8 -9 -5 0 -1 -5 -3 -4 -8 -7 -3 -3 -3 -1 -1 -3 -2 -22 -109 -263 -349 -250 -91 -15 -1 0 0 0 0 0 0 0 0 0 0 0 0 0 0 
0 0 0 0 0 0 0 0 0 0 0 0 0 0 0 0 0 0 0 0 0 0 0 0 0 0 0 0 0 0 0 0 0 0 0 0 0 0 0 0 0 0 1 20 116 299 403 297 112 20 9 3 -4 -5 -3 5 5 -3 -7 -8 -2 8 8 0 -4 -2 0 -3 -3 3 5 -1 -3 -4 -5 -1 -3 -6 -4 2 3 0 -2 0 3 2 -5 -10 -1 4 3 -1 -6 -10 -10 -4 2 3 0 7 3 -11 -11 0 0 -8 -12 -1 11 1 -4 -6 -4 2 -3 -8 -3 0 -2 -1 -5 -8 -3 0 0 -4 -5 -4 -8 -5 -3 -6 -5 -3 -1 0 -1 -1 -6 -24 -106 -266 -348 -247 -91 -15 -1 0 0 0 0 0 0 0 0 0 0 0 0 0 
0 0 0 0 0 0 0 0 0 0 0 0 0 0 0 0 0 0 0 0 0 0 0 0 0 0 0 0 0 0 0 0 0 0 0 0 0 0 0 0 0 1 20 116 298 403 299 116 18 2 6 -1 -4 -1 -1 4 0 -6 -3 -4 2 8 4 -3 -7 -2 3 -1 -4 0 4 0 -4 -3 -3 -2 -4 -6 -3 3 4 1 -4 -1 6 0 -9 -6 3 2 0 0 -6 -12 -8 0 4 2 0 4 -2 -9 -9 -2 1 -6 -12 -4 8 3 -4 -6 -3 1 -2 -8 -1 3 -6 -5 -4 -2 -1 -4 -4 -7 -3 -2 -5 -2 -4 -7 -4 -1 -1 -2 -3 -2 -4 -8 -25 -107 -261 -345 -247 -91 -15 -1 0 0 0 0 0 0 0 0 0 0 0 0 
0 0 0 0 0 0 0 0 0 0 0 0 0 0 0 0 0 0 0 0 0 0 0 0 0 0 0 0 0 0 0 0 0 0 0 0 0 0 0 0 1 19 116 300 399 296 122 23 -2 -1 4 0 -1 3 0 -1 -5 -4 1 -2 2 3 -1 -2 -2 1 1 -3 -6 -3 5 3 -5 -1 -1 -5 -3 -2 -2 0 4 3 -6 -2 7 -4 -8 0 2 -2 -4 -1 -5 -10 -7 1 5 1 1 1 -3 -6 -9 -3 3 -4 -12 -5 5 2 -4 -4 -2 -1 -3 -9 0 4 -5 -4 -3 1 -3 -9 -8 -7 1 1 -2 -3 -7 -5 -1 0 -4 -5 -2 -1 -5 -10 -10 -21 -101 -261 -346 -246 -90 -15 -1 0 0 0 0 0 0 0 0 0 0 0 
0 0 0 0 0 0 0 0 0 0 0 0 0 0 0 0 0 0 0 0 0 0 0 0 0 0 0 0 0 0 0 0 0 0 0 0 0 0 0 1 20 114 300 405 289 112 31 6 -4 -1 4 1 -1 4 1 -4 -5 -2 0 -3 -2 1 2 2 3 0 -4 -3 -5 -4 5 3 -4 0 -1 -3 -1 -2 -3 -3 2 5 -3 -2 4 -6 -5 1 -3 -6 -7 -2 -1 -6 -10 -1 8 4 2 -1 -3 -8 -9 0 3 -5 -9 -1 2 -3 -5 -2 -1 0 -5 -11 0 4 0 -2 -5 -1 -3 -10 -11 -2 5 -1 -3 -4 -8 -3 1 -1 -7 -4 1 -3 -7 -10 -10 -4 -16 -105 -264 -343 -243 -90 -15 -1 0 0 0 0 0 0 0 0 0 0 
0 0 0 0 0 0 0 0 0 0 0 0 0 0 0 0 0 0 0 0 0 0 0 0 0 0 0 0 0 0 0 0 0 0 0 0 0 0 1 20 116 298 405 298 105 17 14 7 -4 -1 3 -2 -3 3 3 -1 -4 -3 -2 -4 -4 4 9 3 -1 -3 -3 -1 -4 -4 2 2 0 -1 -1 3 0 -7 -5 -2 0 5 0 -4 0 -3 -4 -4 -6 -6 -6 -1 1 -6 -11 0 10 6 1 -5 -7 -8 -5 1 1 -4 -4 1 -1 -7 -7 -1 2 1 -6 -10 -1 3 1 -3 -4 -1 -4 -11 -9 5 4 -7 -5 -4 -7 0 3 -3 -7 -2 -1 -9 -8 -4 -8 -5 0 -23 -108 -258 -340 -244 -90 -15 -1 0 0 0 0 0 0 0 0 0 
0 0 0 0 0 0 0 0 0 0 0 0 0 0 0 0 0 0 0 0 0 0 0 0 0 0 0 0 0 0 0 0 0 0 0 0 0 1 20 117 300 401 297 116 12 1 14 7 -3 -2 0 -4 -3 1 3 1 -4 -3 -1 -3 -2 7 10 -1 -8 -4 1 0 -3 -3 -1 3 1 -3 2 6 -1 -10 -5 3 2 1 -4 -7 -2 1 -5 -9 -4 -2 -2 -2 -4 -8 -5 4 8 5 -3 -10 -9 -4 0 1 0 -1 -3 -3 -3 -8 -7 1 3 0 -4 -6 -3 0 -1 -4 -1 -1 -8 -9 -1 6 -1 -11 -8 -3 -3 2 3 -4 -5 -4 -7 -11 -7 0 -5 -6 -1 -7 -22 -98 -258 -343 -244 -90 -15 -1 0 0 0 0 0 0 0 0 
0 0 0 0 0 0 0 0 0 0 0 0 0 0 0 0 0 0 0 0 0 0 0 0 0 0 0 0 0 0 0 0 0 0 0 0 1 20 117 302 404 292 113 22 -2 3 10 4 0 0 -3 -4 -1 0 0 -2 -2 -1 -2 -1 3 7 4 -6 -7 -2 1 -1 -2 -1 -3 3 1 -3 3 2 -4 -6 0 6 3 -3 -9 -7 -1 -1 -7 -6 -1 -1 -2 -7 -8 -4 4 5 2 0 -6 -9 -6 -1 2 2 1 1 -5 -8 -6 -6 -4 -1 1 2 -1 -4 -4 -2 -2 -3 -1 -4 -7 -2 3 1 -6 -12 -9 -1 2 2 0 -4 -4 -7 -9 -9 -7 -1 -3 -6 -3 -5 -2 -12 -104 -264 -342 -242 -89 -15 -1 0 0 0 0 0 0 0 
0 0 0 0 0 0 0 0 0 0 0 0 0 0 0 0 0 0 0 0 0 0 0 0 0 0 0 0 0 0 0 0 0 0 0 1 20 117 302 404 295 112 19 3 3 3 1 0 3 3 -3 -3 0 0 -3 -4 1 0 -3 1 5 3 -3 -6 -1 1 0 -3 -3 0 -4 0 3 1 0 -6 -4 2 4 4 1 -5 -9 -4 0 -6 -8 0 0 -3 -6 -9 -5 2 6 -1 -6 -4 -2 -4 -2 1 -1 1 3 2 -7 -10 -7 -2 -1 -5 0 3 -1 -5 -3 1 -1 -3 -4 -6 -1 2 -2 -3 -6 -10 -8 -1 5 2 -4 -5 -4 -6 -6 -9 -9 -1 -1 -5 -3 -4 -1 2 -25 -112 -259 -336 -240 -89 -15 -1 0 0 0 0 0 0 
0 0 0 0 0 0 0 0 0 0 0 0 0 0 0 0 0 0 0 0 0 0 0 0 0 0 0 0 0 0 0 0 0 0 1 20 117 302 404 291 111 23 4 3 6 1 -6 -2 5 4 -1 -1 -1 -2 -4 -3 1 1 2 2 0 -2 -5 -1 3 0 -3 -4 -1 1 -5 -3 5 5 -4 -9 3 6 0 1 -1 -7 -7 -2 -1 -9 -8 2 0 -5 -7 -5 -1 2 0 -8 -9 -1 2 -3 2 2 -5 1 3 -1 -6 -7 -6 0 0 -5 0 1 -2 -6 -1 5 -1 -6 -7 -5 3 2 -7 -5 -2 -7 -10 -1 7 -1 -8 -6 -2 -3 -6 -10 -7 2 -1 -4 -2 -4 -2 -2 -12 -29 -102 -252 -335 -241 -90 -15 -1 0 0 0 0 0 
0 0 0 0 0 0 0 0 0 0 0 0 0 0 0 0 0 0 0 0 0 0 0 0 0 0 0 0 0 0 0 0 0 1 20 117 301 404 294 108 17 7 7 3 4 0 -6 0 6 2 0 -1 -4 -4 -2 0 0 3 5 0 -5 -4 -2 3 4 -3 -7 -2 3 0 -5 -2 5 4 -5 -4 8 3 -6 -1 -2 -7 -7 -4 -9 -23 -13 10 10 -2 -3 -1 -3 -3 -4 -8 -6 3 2 -2 4 0 -5 1 0 -3 -2 -3 -5 1 0 -5 -2 1 0 -6 0 4 -4 -7 -6 -4 3 3 -7 -7 -2 -6 -9 0 5 -5 -9 -3 1 -5 -9 -8 -3 2 -3 -3 -3 -4 -2 -5 -10 -8 -18 -98 -254 -339 -242 -89 -15 -1 0 0 0 0 
0 0 0 0 0 0 0 0 0 0 0 0 0 0 0 0 0 0 0 0 0 0 0 0 0 0 0 0 0 0 0 0 1 20 117 302 402 292 115 21 0 4 5 1 1 0 -1 3 3 -3 -1 -2 -5 -1 2 2 0 3 2 -2 -5 -4 1 4 2 -4 -5 1 1 -4 -2 1 3 3 -1 1 4 -3 -7 -2 -1 -5 -9 -17 -59 -92 -38 53 76 32 5 -1 -9 -7 -2 -4 -3 3 3 3 4 -3 -4 -2 -2 2 0 -3 -1 4 -1 -8 -5 3 2 -6 -1 -1 -6 -3 -1 -4 0 1 -7 -7 -3 -4 -5 -1 2 -4 -7 -1 0 -9 -9 -4 -3 -2 -4 -2 -3 -4 -4 -6 -5 -2 -2 -19 -103 -259 -338 -239 -88 -15 -1 0 0 0 
0 0 0 0 0 0 0 0 0 0 0 0 0 0 0 0 0 0 0 0 0 0 0 0 0 0 0 0 0 0 0 1 20 116 302 406 292 109 25 8 0 0 1 0 -1 0 3 2 -3 -5 -1 -1 -2 3 4 1 0 1 -1 -1 -3 -4 3 4 -2 -5 -2 1 -2 -4 -1 1 4 6 3 1 -3 -7 -3 -1 -1 -4 -18 -73 -173 -189 -65 102 184 125 40 3 -11 -7 0 -2 -2 3 6 6 3 -3 -4 -4 0 6 0 -2 3 4 -4 -9 -5 2 2 -4 -4 -6 -4 3 3 -5 -4 -5 -9 -2 2 -4 -8 1 7 -2 -8 -5 -3 -8 -7 -2 -5 -4 -3 -3 -2 -3 -4 -4 -3 -2 -3 -7 -22 -105 -259 -333 -237 -89 -15 -1 0 0 
0 0 0 0 0 0 0 0 0 0 0 0 0 0 0 0 0 0 0 0 0 0 0 0 0 0 0 0 0 0 1 19 116 300 406 298 112 19 5 6 0 -2 1 0 -3 0 2 -3 -6 -1 2 0 1 4 3 0 0 -1 -2 1 -2 -3 4 3 -4 -6 -2 0 -1 -1 -2 -1 6 8 2 -1 -6 -7 1 0 -2 -9 -64 -187 -265 -192 -53 83 205 225 134 37 -5 -4 0 -4 -2 7 9 4 1 -2 -4 -2 4 5 1 1 1 -1 -5 -6 -5 -1 3 -2 -7 -6 0 6 3 -7 -7 -7 -6 5 5 -10 -13 6 12 -4 -11 -7 -4 -5 -3 -2 -7 -5 -3 -3 0 0 -1 -3 -6 -5 -4 -9 -5 -22 -109 -252 -332 -239 -88 -15 -1 0 
0 0 0 0 0 0 0 0 0 0 0 0 0 0 0 0 0 0 0 0 0 0 0 0 0 0 0 0 0 1 19 113 299 406 299 116 22 4 1 1 0 -1 3 0 -5 -1 -2 -6 -3 4 3 -1 3 4 1 0 -1 -3 0 3 -2 -1 3 1 -4 -5 -1 0 1 0 -2 -2 5 6 -1 -1 -5 -5 0 0 -2 -25 -138 -288 -266 -117 -23 31 133 246 229 100 14 3 0 -6 0 9 7 2 1 -3 -3 3 7 3 2 1 -5 -3 -1 -4 -8 -1 5 -4 -7 -1 3 5 0 -8 -8 -4 2 7 1 -13 -10 7 6 -8 -10 -6 -5 -2 2 -2 -8 -7 -5 0 5 2 -4 -7 -7 -5 -5 -10 -4 -5 -28 -101 -252 -333 -236 -88 -15 0 
0 0 0 0 0 0 0 0 0 0 0 0 0 0 0 0 0 0 0 0 0 0 0 0 0 0 0 0 1 19 113 296 402 300 119 24 6 4 0 -3 -1 1 4 -1 -7 -3 -3 -4 2 7 2 -4 1 4 1 -1 -3 -2 3 3 -1 1 1 -2 -4 -4 -1 2 4 0 -2 -1 4 2 -1 1 -5 -5 -3 -7 -26 -53 -148 -270 -235 -105 -24 26 114 204 202 113 52 35 8 -1 5 6 2 3 1 -5 0 8 7 -1 1 1 -6 0 3 -5 -11 1 6 -6 -3 3 3 2 -3 -7 -7 -1 5 4 -3 -9 -2 4 -4 -9 -6 -7 -6 1 2 -2 -7 -9 -4 2 5 0 -9 -9 -4 -4 -7 -9 -4 -2 -8 -23 -102 -252 -330 -237 -88 0 
0 0 0 0 0 0 0 0 0 0 0 0 0 0 0 0 0 0 0 0 0 0 0 0 0 0 0 1 19 114 297 401 294 117 27 8 5 2 0 -3 -1 3 2 -4 -7 -2 -1 -1 5 7 1 -8 -3 5 1 -3 -2 2 2 1 1 0 -1 -3 -4 -3 0 5 4 0 0 1 4 0 -1 0 -6 -6 -9 -53 -123 -99 -47 -105 -184 -170 -66 70 168 133 41 27 102 125 52 14 9 3 -1 2 -1 -5 4 11 4 -4 0 2 0 3 2 -8 -10 4 5 -4 1 3 1 -1 -3 -5 -5 0 1 -2 -4 -3 2 1 -6 -6 -5 -8 -6 0 -1 -1 -5 -9 -2 -1 0 -2 -9 -6 -1 -4 -7 -7 -4 1 -3 -10 -24 -103 -254 -331 -233 0 
0 0 0 0 0 0 0 0 0 0 0 0 0 0 0 0 0 0 0 0 0 0 0 0 0 0 1 20 114 297 403 295 113 24 9 6 1 -1 0 -1 1 3 -1 -7 -6 2 0 1 8 4 -3 -9 0 7 -2 -3 2 2 -2 0 1 -6 -2 2 -4 0 6 5 0 0 2 2 2 -1 -2 -3 -6 -7 -24 -132 -255 -160 51 82 -86 -206 -107 101 188 43 -105 -45 145 222 121 36 12 2 -2 0 0 -1 7 10 0 -2 1 3 6 2 -3 -10 -5 6 5 1 0 0 0 -2 -2 -3 -3 -1 -4 -7 -2 1 0 0 -3 -5 -6 -7 -7 -3 0 0 -4 -6 -4 -5 -1 -1 -8 -5 0 -4 -5 -5 -5 0 -2 -8 -10 -28 -108 -249 -318 0 
0 0 0 0 0 0 0 0 0 0 0 0 0 0 0 0 0 0 0 0 0 0 0 0 0 1 19 116 298 400 296 114 22 8 8 2 -3 -1 -1 0 2 0 -1 -6 -6 3 0 3 9 1 -5 -4 5 6 -3 -1 2 -2 -3 0 -1 -9 -1 6 -3 2 8 4 0 0 1 0 -2 -2 -1 -5 -13 -28 -48 -148 -277 -210 4 113 -10 -152 -90 70 129 -7 -97 16 163 200 123 66 44 13 1 2 2 2 7 7 -1 0 3 6 6 -2 -6 -8 0 5 6 5 -2 -2 -1 -4 -2 0 -2 -3 -6 -5 2 -1 -4 -1 -3 -5 -4 -5 -8 -3 3 0 -3 -4 -7 -6 -1 0 -7 -7 -2 -4 -3 -3 -7 -4 -2 -6 -11 -14 -25 -97 -232 0 
0 0 0 0 0 0 0 0 0 0 0 0 0 0 0 0 0 0 0 0 0 0 0 0 1 19 113 299 402 295 116 20 5 7 7 0 -4 -1 -3 1 1 -5 1 0 -3 1 -1 4 7 0 -2 2 3 0 -2 0 -1 -2 0 0 -1 -5 0 5 0 0 2 4 3 0 -1 -3 -3 -2 -2 -10 -52 -116 -88 -48 -127 -198 -137 -7 -3 -61 -36 20 46 -1 23 137 133 44 20 102 137 63 12 4 3 2 5 6 1 0 4 8 1 -4 -4 -5 3 4 4 5 0 0 -2 -6 0 1 -5 -3 -3 -1 3 -6 -8 -4 -3 0 -2 -6 -7 1 5 -1 -2 -4 -9 -8 -2 0 -6 -8 -5 -2 0 -2 -9 -7 -2 -6 -12 -10 -3 -19 -89 0 
0 0 0 0 0 0 0 0 0 0 0 0 0 0 0 0 0 0 0 0 0 0 0 1 19 113 296 402 296 119 24 0 3 5 6 0 -4 -3 -4 2 -3 -8 5 6 0 -1 -2 4 6 -1 0 4 -2 -6 -3 1 0 2 3 1 1 -2 -1 4 3 -3 -2 4 3 0 -3 -4 -1 -3 -7 -22 -125 -248 -145 57 66 -107 -213 -113 -19 -11 -5 0 3 13 102 183 63 -101 -62 133 228 136 35 9 7 3 5 3 -1 1 5 7 -3 -4 -2 -3 5 3 1 5 4 3 -2 -4 2 -4 -10 0 2 -1 1 -7 -11 -7 1 6 -4 -9 -4 4 5 -3 -4 -5 -10 -9 0 0 -7 -7 -4 2 2 -5 -11 -6 0 -5 -12 -9 -2 -7 -22 0 
0 0 0 0 0 0 0 0 0 0 0 0 0 0 0 0 0 0 0 0 0 0 1 20 114 296 401 294 117 29 4 -3 -1 3 8 2 -4 -5 -4 1 -5 -4 9 6 -3 -3 -1 4 5 -3 -1 4 -3 -7 -4 2 4 4 4 3 1 -3 -2 4 4 -3 -1 3 0 0 -3 -4 0 -8 -25 -44 -155 -287 -198 21 116 -20 -168 -109 -19 -1 0 -4 -4 12 78 128 13 -99 0 158 202 131 64 46 24 7 5 -2 -5 1 6 5 -3 -2 0 0 4 1 2 7 5 1 -2 0 0 -10 -10 4 4 -3 -2 -6 -10 -5 6 5 -9 -8 -1 2 3 -5 -7 -6 -9 -6 2 0 -6 -4 -1 2 -2 -11 -9 1 2 -5 -12 -11 -6 -7 -10 0 
0 0 0 0 0 0 0 0 0 0 0 0 0 0 0 0 0 0 0 0 0 1 19 116 299 401 294 112 24 9 1 -3 -3 2 9 4 -4 -6 -2 1 -2 0 6 3 -4 -3 0 3 2 -3 -2 3 0 -4 -4 0 5 4 5 4 -2 -5 -1 4 4 -1 -1 1 -1 0 -3 -4 -3 -43 -104 -85 -71 -152 -197 -119 7 -1 -72 -47 -10 -1 0 -6 -4 6 24 44 6 14 132 150 53 9 84 142 82 20 3 -3 -4 -1 4 3 0 3 5 3 0 0 5 6 1 -3 -1 2 -3 -10 -5 6 4 -4 -7 -7 -4 1 5 -2 -11 -4 0 1 2 -7 -7 -5 -8 -5 0 0 -1 -1 -1 -3 -10 -13 -1 7 -1 -6 -11 -12 -7 -4 -8 0 
0 0 0 0 0 0 0 0 0 0 0 0 0 0 0 0 0 0 0 0 1 19 113 300 405 294 112 19 5 5 -1 -1 0 3 7 2 -5 -5 2 3 -1 -3 -1 4 3 -1 -1 1 -1 -1 -2 1 2 -1 -3 -4 2 5 7 3 -4 -5 0 4 4 -1 -3 1 2 -1 -5 -4 -16 -122 -239 -142 44 50 -116 -208 -103 -14 -16 -10 -4 -3 0 -4 -4 3 2 2 10 89 188 93 -89 -88 104 237 157 42 8 3 0 -1 1 1 3 7 8 3 -1 2 4 0 -3 -1 1 1 -4 -6 -1 4 3 -3 -10 -8 2 3 -2 -6 -6 0 0 2 1 -7 -5 -5 -9 -8 -3 2 4 -2 -4 -6 -13 -8 5 5 -4 -6 -10 -11 -5 -2 -9 0 
0 0 0 0 0 0 0 0 0 0 0 0 0 0 0 0 0 0 0 1 19 114 297 404 297 112 19 1 3 4 0 0 2 5 6 -1 -7 -4 4 3 -3 -7 -3 8 9 0 -3 0 -1 -1 -3 0 0 0 -1 -5 2 5 6 2 -4 -3 1 5 3 -3 -3 2 3 -3 -8 -16 -39 -165 -299 -196 32 122 -29 -175 -105 -17 -6 -4 -2 -3 1 -1 -4 1 -1 -3 6 66 135 39 -97 -29 142 217 142 62 47 27 5 -1 1 1 3 8 8 0 0 5 0 -4 -1 3 2 -1 -4 -3 0 1 1 -2 -9 -6 4 0 -7 -4 0 1 -1 1 0 -4 -4 -7 -10 -9 -2 4 2 -6 -6 -5 -8 -2 4 1 -2 -7 -11 -9 -5 -4 -9 0 
0 0 0 0 0 0 0 0 0 0 0 0 0 0 0 0 0 0 1 19 113 298 404 296 114 19 0 1 2 3 2 0 3 6 4 -3 -7 -2 4 0 -4 -7 0 10 7 -1 -3 1 -2 -4 -3 2 0 0 0 -2 4 1 2 3 -4 -3 3 7 2 -4 -2 1 1 -7 -41 -90 -73 -84 -183 -206 -101 24 -5 -79 -46 -11 -5 -3 -3 -1 3 0 -4 -1 -2 -1 0 16 50 16 0 112 156 72 11 70 142 94 20 -3 3 5 2 6 6 -2 1 5 -3 -2 5 4 1 -2 -2 0 -1 -2 0 -2 -7 -2 2 -3 -6 -1 2 -1 -3 -2 -1 0 -3 -9 -10 -5 2 1 -5 -6 -5 -4 -2 -2 0 2 -1 -9 -11 -8 -7 -7 -6 0 
0 0 0 0 0 0 0 0 0 0 0 0 0 0 0 0 0 1 20 114 295 402 298 114 20 0 0 4 3 1 0 1 4 4 0 -3 -3 1 3 -3 -5 -5 3 8 3 -1 0 2 -6 -6 -1 6 4 -1 0 -1 1 -1 1 3 -3 -3 4 7 2 -4 -3 0 0 -20 -124 -228 -123 44 25 -135 -203 -91 -16 -18 -10 -7 -4 -1 -4 -1 3 1 -3 -3 -1 0 -3 -3 8 7 67 182 112 -72 -93 81 233 176 50 3 7 8 2 2 3 0 2 3 -3 1 7 3 0 -1 2 3 -2 -4 0 -1 -5 -1 -1 -3 -2 -1 0 -1 -5 -6 -2 2 -2 -9 -9 -3 3 -2 -7 -3 -3 -2 0 -7 -3 5 -4 -11 -8 -8 -9 -8 -5 0 
0 0 0 0 0 0 0 0 0 0 0 0 0 0 0 0 1 19 116 298 398 294 115 20 0 -1 5 6 2 -1 -2 3 4 1 -2 -1 2 1 0 -3 -5 -2 4 4 1 0 3 2 -7 -5 1 8 4 -3 0 -4 -3 3 3 1 -1 -2 2 5 1 -4 -4 -2 -9 -42 -177 -305 -182 51 121 -42 -182 -104 -18 -7 -4 -5 -3 1 -4 -3 1 2 -1 -3 -1 0 -3 -4 1 2 52 134 55 -89 -46 121 219 163 73 44 28 9 2 1 4 2 0 1 -1 3 6 2 0 -1 2 5 1 -2 0 -1 -5 -2 0 -1 0 -3 -4 -1 -6 -7 -1 0 -4 -6 -5 -4 2 -2 -8 -2 -1 -1 -3 -9 -1 4 -7 -10 -5 -8 -10 -9 -8 0 
0 0 0 0 0 0 0 0 0 0 0 0 0 0 0 1 20 114 298 400 291 113 20 2 1 2 6 3 -2 -1 0 3 2 -1 -1 1 4 -1 -2 0 0 3 2 0 -1 -1 3 1 -5 -3 3 7 1 -3 0 -6 -4 7 6 0 -3 -5 -1 4 0 -3 -7 -32 -74 -72 -104 -211 -210 -75 42 -6 -86 -49 -10 -6 -4 -4 -1 2 -3 -3 -1 0 0 -2 -3 0 -1 -4 -1 0 15 47 20 -4 91 154 89 21 63 136 100 29 5 2 5 0 -3 1 1 3 6 3 0 -2 0 6 4 0 0 -2 -5 -1 1 -1 0 -4 -6 -3 -5 -4 0 -2 -6 -5 -1 -1 1 -4 -9 -1 -2 -6 -8 -4 4 0 -7 -6 -4 -8 -8 -10 -11 0 
0 0 0 0 0 0 0 0 0 0 0 0 0 0 1 19 116 299 399 289 111 21 2 4 6 3 0 -2 -3 2 2 0 -1 -2 0 3 4 -2 -1 3 6 5 -3 -2 1 -1 -1 -1 -2 -1 3 4 0 -1 0 -4 -3 7 8 -1 -8 -7 0 3 0 -3 -20 -111 -209 -118 33 -5 -157 -189 -72 -13 -21 -11 -3 -2 -1 -1 -3 -2 -1 0 -2 -2 -1 -3 -3 -1 -2 -3 -1 -1 0 4 4 56 171 133 -52 -103 53 224 195 69 14 3 1 -2 -4 2 3 0 5 6 1 0 3 4 1 0 -1 -1 -1 0 -2 -4 -1 -3 -4 -3 -3 -2 0 0 -6 -7 0 0 -4 -6 -4 1 -5 -10 -8 1 3 -4 -6 -4 -3 -6 -5 -9 -13 0 
0 0 0 0 0 0 0 0 0 0 0 0 0 1 19 113 299 404 291 109 20 2 2 6 7 1 -4 -4 -2 3 0 -2 0 -1 1 5 3 -2 1 4 6 1 -5 0 4 -1 -4 -1 0 1 2 1 0 0 1 0 -1 3 4 -3 -7 -2 2 2 -3 -16 -41 -166 -298 -180 60 116 -63 -187 -99 -18 -8 -3 1 4 22 12 -26 -21 0 2 -2 -1 -2 -3 -2 -4 -5 -1 1 -2 -2 -3 -2 45 133 77 -83 -67 99 222 186 85 50 25 2 0 -4 0 3 -1 4 8 3 3 6 1 -2 -1 -4 1 4 0 -4 -6 -3 -1 0 -1 -1 -3 -1 2 -6 -8 -2 -5 -7 -2 2 1 -6 -8 -4 0 -3 -7 -7 -5 -2 -1 -3 -9 -15 0 
0 0 0 0 0 0 0 0 0 0 0 0 1 20 114 294 400 296 112 21 4 1 2 3 3 0 -2 -3 -2 0 -2 1 3 0 2 5 1 -1 3 3 2 -2 -2 1 0 -2 -1 -1 -1 3 2 0 0 1 4 3 -1 -2 0 -3 -4 1 2 -1 -33 -79 -66 -101 -220 -215 -62 55 -13 -99 -54 -11 -5 -1 6 32 77 18 -85 -56 -1 0 -4 -1 -1 -1 -2 -6 -5 0 1 -1 -1 -3 -3 15 48 25 -16 71 158 114 34 51 135 106 27 4 -4 -3 2 3 4 6 3 2 4 0 -1 -2 -5 3 7 0 -4 -4 -4 0 2 0 0 -5 -2 2 -5 -8 -6 -6 -2 3 2 -3 -6 -3 -1 -4 -8 -9 -8 -6 -2 2 -1 -9 -14 0 
0 0 0 0 0 0 0 0 0 0 0 1 19 115 298 396 288 114 23 6 4 3 2 -1 0 -1 -2 -2 -2 -2 2 6 2 -1 2 2 -1 2 5 2 -1 -2 0 -2 -4 1 3 -3 -3 3 2 0 0 2 5 4 0 -2 0 -2 -4 -1 1 -16 -113 -206 -104 34 -19 -164 -188 -68 -12 -25 -13 -5 -2 4 33 95 121 -18 -155 -87 -4 -3 -6 -2 0 0 -1 -5 -4 0 0 0 0 -2 -2 2 3 1 37 154 156 -17 -107 21 218 209 74 12 -3 -3 4 6 3 3 0 -1 2 1 1 -1 -2 3 7 0 -4 -1 -2 1 0 -1 0 -6 -2 2 -4 -8 -6 0 3 0 -4 -7 -4 3 -1 -9 -10 -9 -8 -5 -2 0 1 -5 -10 0 
0 0 0 0 0 0 0 0 0 0 1 19 113 295 400 290 107 22 8 6 3 3 1 -1 1 -3 -5 -2 -2 0 8 6 -2 -1 3 -1 -2 4 6 2 -4 -3 0 -3 0 6 3 -4 -5 2 3 0 0 0 2 5 5 0 -3 -1 -1 -4 -11 -40 -177 -300 -163 74 116 -69 -198 -108 -17 -3 -1 -4 2 31 93 144 102 -79 -198 -102 -7 -3 -5 -2 0 -1 0 -3 -4 0 0 0 0 -3 -4 -1 -3 -1 32 121 100 -61 -89 68 224 205 92 43 21 5 6 4 2 1 -3 -1 3 3 3 0 0 3 4 -1 -4 0 3 3 -3 -3 0 -5 -3 1 -5 -8 -1 6 3 -6 -9 -8 -2 5 -4 -12 -7 -6 -7 -4 -3 -2 2 -3 -8 0 
0 0 0 0 0 0 0 0 0 1 19 113 295 395 289 111 21 7 6 5 2 0 0 1 0 -4 -4 -1 -1 3 8 2 -3 2 4 -2 0 4 3 -1 -7 -2 2 -1 5 6 0 -3 -3 3 3 0 -1 -2 2 8 7 -4 -7 3 1 -31 -72 -66 -119 -237 -209 -40 70 -17 -112 -61 -11 -3 -2 -1 28 93 143 124 45 -117 -213 -108 -9 -1 -4 -3 0 -3 -1 -1 -3 0 0 0 0 -4 -6 -3 -3 -1 10 46 38 -16 43 147 137 56 42 114 108 36 8 2 2 -1 -4 1 4 4 4 0 1 5 1 -2 -5 0 8 3 -5 -4 1 -2 -4 -2 -6 -5 3 5 -2 -8 -6 -6 -4 0 -7 -9 -2 -3 -5 -5 -3 0 -1 -7 -8 0 
0 0 0 0 0 0 0 0 1 19 112 294 398 288 108 20 8 8 2 3 3 -3 0 3 -3 -4 -1 0 0 3 5 2 0 3 3 -1 3 3 -2 -5 -7 2 5 1 4 1 -2 -1 2 4 1 -1 -3 2 8 7 1 -8 -6 5 -11 -109 -200 -102 26 -37 -175 -180 -57 -12 -30 -14 -6 -4 -3 15 90 154 129 62 4 -126 -216 -112 -11 -1 -4 -3 0 -4 -3 0 -1 0 -1 -2 0 -3 -4 -3 -6 -3 0 7 8 28 134 165 15 -96 -7 190 219 89 18 4 0 -4 -3 4 4 4 5 1 1 3 1 -2 -7 3 11 0 -7 -3 4 1 -7 -7 -3 1 3 -2 -8 -6 2 -2 -8 -6 -9 -5 1 -1 -4 -7 -1 3 -6 -12 -8 0 
0 0 0 0 0 0 0 1 19 111 290 397 294 110 18 5 8 6 0 3 3 -5 -1 3 -3 -3 1 1 0 -1 2 7 4 0 0 0 4 2 -3 -5 -5 3 4 4 1 -5 -1 2 5 5 0 -3 -2 8 10 -1 -5 -5 -5 -4 -35 -182 -303 -155 86 116 -82 -209 -112 -17 -1 -1 -6 -3 0 43 159 175 74 18 -10 -125 -216 -116 -12 -3 -4 -1 0 -4 -4 0 0 0 -3 -6 -1 -1 -1 -1 -6 -4 -3 -2 1 28 112 114 -39 -100 37 209 223 110 49 27 4 -4 -1 4 3 6 7 1 -1 1 2 -4 -6 8 10 -3 -8 -1 7 0 -12 -8 3 3 -1 -7 -8 -1 6 -2 -10 -8 -10 -2 2 -2 -4 -6 -1 2 -7 -13 -7 0 
0 0 0 0 0 0 1 19 112 289 390 293 118 19 2 8 7 1 1 5 1 -7 -4 2 1 0 2 2 -1 -5 0 9 5 -3 -3 1 4 2 -1 -3 -2 1 2 7 -2 -9 0 4 6 7 2 -2 1 7 3 -6 -3 -4 -25 -54 -61 -139 -257 -204 -18 86 -21 -127 -73 -14 1 0 -4 -1 3 63 194 171 38 0 -13 -118 -213 -120 -13 -4 -4 0 -1 -4 -3 0 0 0 -4 -7 -3 -1 0 -1 -3 -3 -4 -5 -4 10 43 45 -11 21 131 145 77 52 112 111 37 4 0 -1 2 8 6 0 1 4 0 -6 -1 8 5 -4 -7 1 7 -2 -11 -4 5 0 -6 -7 -3 3 2 -6 -7 -7 -8 1 0 -5 -3 -3 -4 -2 -5 -11 -5 0 
0 0 0 0 0 1 19 112 292 391 286 115 24 2 4 9 4 -2 3 4 -1 -7 -5 3 5 2 1 2 -3 -5 1 5 3 -2 -3 2 3 1 0 1 3 -1 2 6 -5 -7 -1 0 4 9 7 2 1 1 -4 -4 0 -16 -93 -175 -95 8 -68 -187 -165 -41 -10 -35 -22 -10 -2 -1 -1 1 3 66 200 166 17 -33 -15 -81 -194 -123 -16 -3 -3 0 -3 -4 -1 -1 -1 1 -2 -5 -5 -3 0 -3 -3 -1 -4 -7 -5 1 5 6 20 118 172 39 -84 -16 177 223 97 19 2 -2 3 5 3 2 4 3 -4 -4 4 5 2 -4 -6 4 6 -2 -6 -2 2 -2 -7 -5 2 3 -5 -6 -3 -6 -3 2 -4 -7 -2 -3 -7 -6 -5 -9 -4 0 
0 0 0 0 1 19 112 291 394 288 111 22 3 3 6 6 2 -1 2 1 -3 -4 -1 3 3 0 1 4 -2 -3 1 1 1 0 0 2 1 0 1 5 5 -2 0 1 -4 -2 -2 -4 3 11 8 3 0 -4 -5 -1 -5 -37 -169 -291 -149 87 98 -101 -209 -105 -11 2 -4 -10 -5 -2 1 2 0 60 191 147 -25 -75 13 -17 -169 -122 -19 -1 -1 -1 -3 -3 0 -3 -3 6 13 2 -15 -13 -3 -4 -4 0 -5 -8 -3 0 -2 -3 18 106 130 -20 -104 16 198 236 122 46 25 10 5 1 3 4 0 -4 -4 2 6 3 2 -4 -5 8 7 -4 -6 -2 0 -1 -4 -2 4 0 -7 -3 -4 -5 3 1 -9 -9 -2 -4 -9 -11 -6 -3 -3 0 
0 0 0 1 19 111 291 393 288 113 22 3 3 3 5 5 2 -2 -1 1 -3 -1 1 0 -1 -1 4 7 2 -1 0 -1 -4 -2 3 3 1 0 3 5 2 -2 -3 -3 -2 2 0 -3 6 11 3 1 0 -6 -5 -17 -47 -58 -142 -266 -205 -6 92 -31 -137 -71 -7 4 0 -6 7 16 7 -1 -4 43 143 93 -62 -58 73 4 -164 -107 -17 -1 0 -2 0 -1 -1 -3 -3 22 59 27 -38 -51 -27 -8 -3 1 -6 -8 -2 0 -1 -4 4 43 54 -11 3 117 156 101 55 93 110 52 10 0 3 3 -5 -8 2 8 4 1 2 -2 -1 8 4 -7 -8 -3 -1 2 2 2 2 -4 -5 -2 -5 -2 4 -3 -12 -8 -2 -4 -10 -13 -3 3 -4 0 
0 0 1 19 112 288 391 289 112 24 5 4 3 0 4 5 0 -5 0 5 -1 -2 -2 -2 0 3 6 6 2 0 1 -3 -8 -4 3 5 3 1 4 3 -1 -3 -3 -4 -2 6 2 -3 7 8 0 0 0 -4 -14 -85 -163 -87 -2 -84 -197 -161 -28 -12 -45 -19 -4 0 5 17 60 68 21 -5 -7 15 61 28 -54 -17 56 -49 -146 -69 -9 -3 -1 -1 2 0 -2 2 4 41 109 54 -43 -84 -81 -28 -2 3 -4 -8 -3 0 0 -4 -3 8 10 9 94 172 69 -65 -34 145 228 120 23 3 1 0 -3 -4 5 7 2 2 3 1 3 3 -3 -7 -6 -3 -2 5 8 3 -3 -5 -2 -2 -4 -1 -1 -6 -8 -6 -4 -3 -8 -10 0 1 -8 0 
0 1 19 112 291 387 285 114 24 6 4 6 1 -2 2 1 -2 -4 3 9 1 -5 -4 -1 3 7 5 2 -2 -1 3 -3 -7 -5 1 8 5 3 5 1 -3 -5 -3 -3 1 7 -1 -3 6 4 -1 1 0 -4 -31 -169 -289 -139 92 95 -113 -219 -103 -13 -5 -1 -3 1 24 74 128 102 28 -3 -6 -2 7 -5 -39 -53 -63 -99 -86 -26 -2 -4 -3 0 1 0 2 25 33 33 93 61 -9 -75 -130 -59 -5 2 -1 -6 -4 -1 -1 -4 -3 0 0 10 88 138 6 -107 -16 175 251 143 50 28 7 0 2 0 0 2 4 6 4 1 4 0 -5 -4 -3 0 -1 3 7 1 -5 -1 2 -3 -6 -5 -4 -3 -4 -8 -6 -1 -4 -7 -3 -3 -8 0 
0 19 111 290 392 283 111 26 5 2 4 5 0 -1 -1 -2 -2 -2 4 9 3 -5 -4 1 5 7 2 -1 -3 -3 3 1 -6 -7 1 10 6 3 5 1 -3 -8 -5 1 6 4 -5 -1 5 1 -2 2 -11 -38 -55 -158 -283 -197 18 106 -36 -152 -81 -12 0 2 1 20 78 136 135 71 17 2 -1 -1 -4 -21 -73 -133 -133 -80 -29 -4 0 -4 -4 0 0 1 12 72 87 8 16 35 8 -65 -130 -64 -9 -2 0 -3 -4 -2 -3 -4 -1 -3 -3 3 34 61 -1 -18 90 159 126 62 88 113 50 10 3 -3 -5 1 6 7 5 2 3 -1 -2 0 0 2 -2 -3 2 1 -2 2 3 -4 -7 -8 -4 2 -6 -12 -5 0 -1 -5 -6 -4 -6 0 
0 109 287 390 288 112 24 6 2 1 4 4 0 0 -1 -1 -3 -3 3 8 6 -3 -4 3 6 3 -2 -2 -1 -4 0 5 -3 -7 2 9 4 -1 1 3 0 -7 -3 5 7 0 -4 1 2 -1 -2 -5 -67 -148 -93 -28 -110 -194 -137 -14 -11 -53 -30 -8 0 7 20 72 140 140 78 23 6 4 2 1 -17 -69 -138 -149 -86 -31 -13 -4 0 -4 -4 0 3 16 31 96 121 4 -43 -31 -41 -63 -79 -34 -8 -4 0 -2 -3 -2 -4 -1 1 -6 -5 -1 3 10 7 70 159 97 -37 -46 120 229 132 30 3 -3 -2 2 4 4 5 4 2 -1 2 3 2 0 -6 -6 1 3 0 0 0 -3 -4 -5 -3 2 -9 -13 -3 -1 -2 -4 -4 -3 -6 0 
0 268 386 287 114 25 4 1 4 3 4 5 0 -2 -1 0 -2 -3 1 8 9 -1 -5 3 5 -2 -3 0 -1 -3 -1 5 1 -6 1 8 1 -6 -4 3 5 2 1 3 4 -3 -1 4 1 -5 -5 -21 -151 -280 -147 77 81 -112 -211 -101 -12 -6 -7 -5 1 14 62 134 145 86 30 7 7 6 2 -11 -65 -139 -153 -70 12 3 -39 -36 -10 -4 -3 0 18 65 65 56 82 12 -51 -90 -101 -48 -24 -8 -5 -3 0 -2 -2 -1 4 27 16 -28 -27 -8 -3 -2 4 70 136 39 -93 -45 142 257 169 58 28 13 3 1 2 1 1 1 2 2 5 4 1 -1 -6 -5 2 3 -1 -3 -2 0 0 -1 -3 -4 -10 -9 -2 -4 -6 -4 0 -1 -4 0 
0 317 281 113 24 5 0 1 6 4 4 6 -1 -6 -3 1 3 1 1 6 7 0 -6 1 3 -4 0 2 -3 -1 2 4 1 -6 0 7 0 -7 -6 3 9 6 1 1 1 -5 -1 6 2 -17 -34 -45 -156 -290 -203 21 113 -35 -159 -83 -10 -1 -4 -4 2 18 80 130 91 37 20 14 15 15 8 -30 -115 -153 -89 37 92 31 -63 -100 -49 -8 1 5 40 120 98 3 -2 -17 -54 -96 -94 -27 -3 -3 -3 0 0 -4 -3 9 44 94 46 -75 -90 -36 -9 -2 -2 24 63 15 -27 58 144 144 85 86 117 64 8 1 3 0 -2 -2 1 5 7 4 0 1 -1 -4 0 0 -4 -4 -1 4 4 -1 -7 -10 -8 -4 -3 -8 -9 -3 5 2 -1 0 
0 179 105 22 3 2 3 3 4 4 5 5 -2 -7 -4 2 6 5 2 3 3 -1 -5 0 1 -3 2 1 -3 1 4 3 0 -4 -1 3 0 -4 -3 6 7 -1 0 6 1 -7 -3 4 -4 -63 -134 -88 -39 -127 -201 -128 0 -13 -65 -29 -3 0 -3 -4 1 13 44 58 35 15 17 17 17 21 14 -29 -94 -70 -1 71 102 58 -38 -142 -105 -19 20 39 50 104 95 -2 -53 -86 -84 -59 -41 -10 -2 -3 -1 3 0 -7 4 49 116 140 51 -94 -145 -95 -38 -9 -4 -1 11 8 50 142 108 -18 -43 103 233 149 29 6 4 1 0 0 1 6 7 4 1 1 0 -6 -2 -2 -7 -3 2 7 6 -4 -11 -10 -5 -2 -4 -10 -10 0 11 7 -3 0 
0 41 17 2 0 3 6 4 3 5 6 3 -2 -5 -2 2 3 3 2 3 2 -3 -4 0 1 -1 0 0 0 4 3 0 0 -1 -2 -1 0 -1 1 6 1 -5 2 10 2 -7 -2 1 -20 -140 -268 -149 69 69 -119 -207 -94 -15 -16 -6 0 2 -1 -3 0 5 8 7 8 4 6 8 8 12 8 -12 -27 44 79 31 30 52 -1 -131 -127 -22 61 95 51 33 36 1 -63 -123 -91 -23 -9 -4 -2 -2 0 3 1 2 45 120 154 105 21 -60 -127 -144 -101 -39 -8 -5 -4 4 59 135 58 -89 -62 124 262 185 63 32 13 3 4 4 2 4 5 4 2 -1 -6 -9 1 1 -6 -1 5 8 3 -9 -11 -5 -3 -3 -4 -8 -9 3 14 11 -10 0 
0 2 1 0 1 4 4 5 7 6 3 0 -2 -3 2 3 -2 -2 3 5 0 -5 -3 0 2 0 -1 1 1 4 1 -1 0 0 0 -1 0 0 1 2 -1 -1 4 7 1 -4 -6 -24 -46 -154 -292 -207 24 112 -38 -159 -84 -12 -7 -4 0 0 -1 0 1 1 0 -1 1 0 -1 0 2 3 4 5 10 94 137 23 -57 -26 -15 -86 -77 6 85 113 56 -1 -51 -53 -63 -91 -51 -7 -5 -5 -2 -2 0 2 11 46 118 158 111 36 -3 -23 -64 -126 -150 -98 -36 -12 -6 2 26 65 24 -38 37 144 160 94 76 108 69 19 9 6 0 1 4 3 -1 -6 -9 -4 8 6 -3 -1 5 6 -3 -12 -8 -1 -2 -4 -3 -5 -6 4 9 10 -9 0 
0 1 1 0 2 4 3 8 10 3 -2 -3 -2 -1 4 4 -3 -3 4 6 -3 -6 -1 1 1 -1 2 2 -2 0 0 1 -1 0 4 1 0 -1 0 2 2 1 1 3 1 -9 -53 -120 -88 -48 -139 -206 -120 6 -11 -62 -32 -7 -5 -3 0 -2 -3 2 3 0 0 0 0 -1 -3 -2 2 4 24 47 29 60 120 40 -89 -110 -59 -30 23 59 59 59 42 8 -101 -118 -53 -34 -14 -2 -7 -7 0 -1 0 10 50 120 155 114 41 -1 -7 -9 -20 -63 -127 -144 -99 -42 -11 1 4 10 7 37 128 123 8 -48 46 182 181 87 25 5 -1 1 2 0 -5 -11 -5 8 14 5 -4 -2 4 2 -7 -9 -4 -1 -3 -3 -2 -3 1 3 -4 4 2 0 
0 3 3 1 0 2 6 11 7 -3 -4 -2 -1 0 4 4 -1 0 5 4 -5 -5 1 4 0 -3 4 1 -5 -2 -1 1 -1 1 6 1 0 -1 0 6 4 -3 -3 2 -3 -54 -166 -234 -112 69 61 -120 -202 -91 -14 -11 -6 -4 -2 -2 -1 -1 -4 1 4 0 -1 -1 0 -2 -2 0 4 13 60 100 56 11 19 -19 -84 -98 -48 20 92 85 19 -11 -14 -4 -85 -100 -19 -8 -17 -7 -7 -6 2 0 7 48 119 158 110 41 6 -7 -6 -5 -4 -17 -62 -122 -146 -105 -43 -7 -1 -4 1 52 128 73 -71 -99 6 154 250 207 80 10 3 2 -2 -2 -4 -8 0 13 13 -2 -6 0 2 0 -6 -5 -1 -2 -4 -2 -2 0 10 2 -18 -8 5 0 
0 3 4 3 -2 0 7 8 1 -5 -3 1 2 2 4 3 0 3 6 1 -6 -5 3 7 0 -3 3 0 -5 -4 -4 1 3 3 3 -1 2 1 -1 7 3 -6 -3 0 -30 -159 -281 -235 -78 78 125 -32 -162 -89 -16 -4 -1 0 2 -4 -3 1 -3 0 2 -1 -2 -2 0 0 1 6 29 42 54 88 78 11 -78 -114 -69 -30 11 62 88 55 9 -30 -80 -58 -44 -14 53 -1 -60 -35 -14 -4 1 7 45 118 157 114 38 3 0 -5 -7 -4 2 -1 -18 -59 -126 -162 -110 -30 -4 -5 0 24 65 31 -54 -56 -4 67 222 305 162 25 6 1 -3 0 0 -1 4 8 6 -4 -4 2 -2 0 -3 -5 0 -1 -3 -2 1 5 9 -1 -20 -19 -4 0 
0 1 4 5 0 1 3 -1 -3 -1 0 1 4 5 4 2 0 3 4 0 -5 -6 4 6 0 0 2 1 -3 -7 -5 4 6 2 -2 0 5 1 -1 5 0 -6 -2 -3 -74 -274 -324 -148 -29 28 69 -3 -75 -39 -10 -2 0 2 3 -7 -4 3 0 -1 -1 -1 -1 -2 -1 2 3 24 76 75 -3 1 71 40 -98 -137 -40 27 47 64 60 15 -6 -34 -101 -81 -18 47 130 41 -86 -92 -55 -12 7 45 117 158 114 40 2 -4 -1 -3 -6 -4 2 3 -3 -23 -91 -181 -159 -52 -6 -6 -1 9 31 15 -32 -25 -1 24 181 331 208 41 8 1 0 4 3 2 5 2 2 1 -2 0 -2 0 -4 -6 0 0 0 -2 3 11 0 -11 -7 -15 -16 0 
0 -1 2 6 4 1 -2 -6 -3 2 2 2 3 4 6 3 -1 0 0 0 -3 -3 4 1 0 4 3 2 -2 -7 -2 6 4 -2 -3 3 3 0 2 3 -3 -7 -2 -3 -100 -326 -321 -98 -8 22 54 -6 -61 -28 -5 0 0 2 1 -7 -4 4 3 -3 -2 2 0 -3 -2 2 16 54 77 62 -15 -70 7 41 -56 -68 6 49 53 29 36 -8 -64 -58 -60 -27 -3 35 150 103 -54 -135 -112 -22 43 117 159 117 40 0 -3 -5 -4 1 -1 -4 -1 2 -5 -38 -114 -176 -134 -44 -6 -5 -1 25 72 37 -57 -60 -17 26 175 306 202 57 18 5 3 6 4 2 3 0 3 3 -3 -2 1 -1 -6 -4 0 0 6 -2 -7 11 2 -16 0 -7 -20 0 
0 -4 -1 6 6 0 -4 -5 -1 1 2 6 2 2 9 3 -3 -2 -2 0 -2 0 3 -2 1 5 2 2 1 -4 -1 4 1 -4 -1 4 -1 0 3 0 -4 -5 -1 -1 -82 -284 -319 -137 -5 82 113 -24 -137 -73 -9 -1 -1 0 0 -3 -3 2 3 -3 -2 3 0 -2 1 10 43 77 19 -4 30 -59 -69 5 0 42 50 7 27 26 19 -40 -110 -68 1 62 19 -31 87 102 -26 -117 -104 11 115 159 118 44 1 -8 -3 -5 -4 5 1 -5 -2 -5 -32 -96 -157 -138 -65 -19 -7 -3 2 47 131 87 -68 -119 -61 28 164 255 184 81 38 15 5 5 5 3 2 2 4 0 -3 -2 0 -2 -4 -1 1 2 10 -2 -17 -1 6 -4 -7 -11 -13 0 
0 -6 0 7 5 0 -4 -4 0 0 3 8 3 3 7 0 -3 -1 0 1 -3 -2 1 0 2 0 -2 4 6 -2 -3 2 0 -4 1 3 -3 -1 2 0 -3 -1 -1 1 -33 -167 -280 -220 -29 138 122 -78 -199 -105 -16 -7 -4 -3 0 1 -1 -1 1 -1 0 1 -1 4 12 38 70 80 -22 -82 17 -18 -74 -9 39 108 76 -43 -50 10 18 -56 -93 -45 33 110 54 -56 -17 13 -31 -52 -10 99 162 119 44 4 -5 -8 -6 -1 1 3 -2 -6 -7 -32 -95 -149 -137 -71 -18 -5 -2 11 7 28 119 127 -17 -130 -95 13 118 189 178 115 66 34 12 6 7 4 2 4 2 -1 -1 -4 -3 0 1 1 3 6 6 -4 -12 -13 -5 6 -10 -18 -27 0 
0 -3 3 7 4 0 -3 -3 1 1 4 7 3 2 2 -2 -2 1 3 2 -3 -3 0 2 1 -5 -3 7 7 -2 -3 1 -1 -3 3 1 -6 -2 3 4 -1 -2 -2 3 -1 -57 -167 -223 -75 81 -1 -156 -159 -42 -14 -42 -21 -5 0 1 -1 -2 1 1 2 0 0 24 46 62 60 59 -10 -120 -68 -12 -13 37 58 82 72 -37 -122 -64 4 -28 -41 -15 26 74 67 8 -54 -72 -30 27 102 158 123 44 5 -3 -4 -7 -7 1 4 0 -4 -9 -34 -96 -153 -134 -68 -22 -4 0 23 61 24 -37 19 102 31 -85 -71 6 66 124 165 144 97 63 34 14 8 4 1 1 -1 1 -1 -6 -2 5 6 0 -1 9 8 -8 -12 -12 -12 0 -8 -41 -122 0 
0 2 5 5 3 1 -1 0 4 2 3 4 1 -2 0 -1 -2 3 4 2 -1 -1 0 1 0 -4 0 8 4 -2 -2 -2 -2 0 3 -2 -6 0 3 4 0 -3 0 5 1 -13 -56 -123 -90 -74 -183 -181 -26 75 -19 -118 -66 -11 -1 0 -3 -3 3 3 0 -1 8 67 91 47 11 6 -4 -94 -102 -9 56 87 39 20 37 -22 -120 -106 -18 0 -11 -8 4 17 39 51 -17 -65 12 112 157 122 46 1 -3 -2 -4 -3 -5 -3 3 1 -7 -33 -96 -155 -139 -69 -20 -5 -1 3 53 125 66 -74 -93 5 23 -32 -20 18 40 74 129 151 127 100 66 26 8 2 -2 -1 -1 -1 -3 -3 3 9 8 -6 -12 9 20 -8 -24 -8 -5 -8 -34 -138 -272 0 
0 1 4 6 4 3 0 3 5 1 2 0 -1 -3 0 0 0 4 3 3 1 -1 0 1 -1 -2 2 8 2 -3 -2 -2 0 1 -1 -4 -1 2 0 0 1 0 3 6 -3 -10 -14 -37 -64 -174 -283 -140 88 109 -66 -176 -95 -17 -6 -1 -3 -4 3 4 -2 -3 14 100 111 20 -9 -53 -60 -47 -34 38 73 68 3 -4 8 -51 -90 -68 9 28 -22 -41 -20 -5 10 27 11 15 100 162 122 45 3 -8 -4 -2 -2 2 -4 -6 0 -5 -32 -93 -151 -141 -72 -21 -6 2 9 5 41 128 113 -33 -133 -84 -11 -2 9 26 32 46 89 142 156 134 87 34 8 -2 -4 1 -1 -4 -1 3 6 9 8 -10 -17 1 17 -3 -25 -9 -1 -33 -139 -284 -313 0 
0 -7 -1 10 8 4 2 4 1 -1 3 -1 -3 -2 0 0 3 4 1 5 4 -3 -1 2 -3 -4 1 8 3 -3 -1 2 2 -3 -4 0 2 0 -2 -2 2 2 3 4 -4 -12 -10 -11 -34 -142 -242 -111 62 4 -138 -143 -37 -13 -40 -17 -1 -2 0 2 -1 -3 9 84 111 36 2 -84 -111 -13 59 90 20 -10 13 21 -25 -101 -76 2 87 77 -38 -95 -67 -23 0 12 44 108 157 127 48 1 -7 -7 -3 -1 1 3 -3 -5 -6 -34 -96 -149 -135 -73 -23 -6 -2 22 53 16 -27 41 108 21 -100 -91 -24 8 17 25 30 37 67 136 181 152 86 32 7 -2 -2 1 -3 -3 4 6 5 11 6 -11 -11 -10 -3 -2 -13 -9 -28 -135 -287 -318 -192 0 
0 -11 -3 10 7 4 5 3 -2 -2 3 1 -3 -1 2 0 2 3 0 6 6 -4 -3 2 -2 -6 0 7 2 -2 0 4 1 -6 -2 5 1 -2 -1 -2 1 1 1 1 -4 -10 -8 -7 -17 -62 -130 -104 -74 -160 -161 -19 79 -13 -121 -68 -5 1 -2 -1 -1 -1 3 39 85 65 7 -79 -76 26 79 75 -6 -57 5 35 -52 -98 -36 40 128 111 -25 -108 -118 -64 -2 44 114 157 122 51 4 -16 -15 3 8 0 0 1 -1 -7 -31 -96 -155 -136 -68 -22 -9 -4 2 53 121 51 -83 -75 28 25 -48 -45 -9 11 17 24 33 40 69 148 197 144 65 21 5 2 1 0 -3 -2 4 5 3 13 5 -8 -6 -17 -16 -5 -5 -30 -134 -287 -320 -193 -59 0 
0 -6 0 7 3 3 4 1 0 -1 -1 0 0 3 5 0 -1 2 1 3 3 -4 -3 4 1 -5 0 4 -1 -1 1 3 -1 -5 1 4 -1 -1 0 -3 0 1 0 -1 -4 -5 -5 -7 -11 -20 -47 -79 -169 -257 -123 94 123 -53 -189 -110 -14 -3 -2 0 -2 0 2 7 33 44 9 -22 27 56 -3 -7 31 -15 -47 -16 -37 -15 43 37 75 94 6 -79 -136 -92 25 115 162 121 47 6 -7 -35 -46 14 43 6 -4 5 0 -31 -94 -154 -141 -70 -19 -6 -5 4 4 49 138 100 -56 -131 -63 -2 -13 -12 3 13 18 27 44 64 103 169 180 102 35 11 4 3 0 0 0 0 1 5 2 3 8 4 -11 -25 -15 -6 -29 -130 -285 -324 -195 -59 -7 0 
0 -1 3 7 4 2 1 1 3 -1 -5 -1 3 5 4 0 -1 2 2 -1 -2 -4 0 7 2 -4 -1 1 -1 1 3 1 -3 -2 3 0 -3 0 0 -3 0 2 -1 -3 -3 -1 -3 -8 -11 -9 -13 -46 -148 -226 -94 71 23 -127 -162 -56 -12 -36 -16 1 -1 0 1 -3 0 9 10 43 103 60 -70 -84 18 31 -47 -51 -8 63 102 26 3 32 5 -57 -113 -42 101 163 127 46 0 -21 -25 -35 -62 -7 58 24 11 24 -17 -94 -154 -142 -73 -20 -5 -3 15 45 9 -18 63 111 7 -105 -84 -20 -2 -2 6 16 24 41 75 118 150 156 115 48 14 6 3 1 -2 0 4 6 1 4 2 -9 4 10 -15 -26 -10 -31 -134 -281 -321 -197 -60 -7 0 0 
0 1 5 8 7 3 0 3 4 -3 -5 2 4 2 1 0 0 1 0 -2 -3 -3 3 8 3 -4 -3 0 0 1 2 -1 -2 2 3 -2 -4 -1 1 1 0 -1 -2 -3 -2 0 -1 -8 -14 -5 -1 -24 -73 -125 -92 -64 -146 -162 -37 70 -7 -111 -65 -8 -1 1 0 -4 -6 -1 9 51 85 57 -16 -85 -57 4 -7 0 31 59 83 27 -8 -36 -56 -43 -26 76 158 127 50 3 -13 -62 -81 -26 -20 -22 28 50 54 21 -79 -154 -142 -76 -22 -3 -2 1 51 113 35 -86 -54 48 26 -51 -45 -13 -2 2 12 21 37 77 131 166 151 98 46 16 6 2 0 0 0 0 7 14 1 -3 0 -8 -4 0 -10 -16 -33 -136 -286 -320 -196 -60 -7 0 0 0 
0 2 6 8 8 5 1 3 3 -3 -4 2 4 2 1 -1 -2 0 -1 -1 0 -1 4 7 2 -4 -4 -1 0 0 -2 -3 3 4 -1 -1 -1 0 3 4 -1 -5 -1 -2 -3 -1 -2 -8 -13 -3 0 -13 -24 -49 -76 -159 -253 -135 86 127 -44 -178 -108 -19 -4 1 -1 -2 2 4 -1 15 29 41 55 -26 -85 -32 23 83 81 12 7 12 -4 -74 -92 3 95 153 125 51 1 -20 -23 -73 -126 -53 24 21 32 69 49 -55 -147 -141 -74 -25 -6 1 5 4 56 141 87 -71 -126 -44 4 -15 -11 -1 0 7 19 33 71 135 175 156 98 43 14 4 0 -1 -1 3 3 0 8 17 0 -10 -5 -4 -4 -8 -6 -34 -139 -287 -322 -196 -60 -7 0 0 0 0 
0 1 6 7 9 8 2 1 1 -2 -4 -1 4 5 2 -3 -5 1 3 2 2 0 3 4 -1 -3 -4 -2 0 -2 -4 -2 6 3 -4 1 5 4 3 2 -3 -5 -1 -4 -4 -4 -7 -7 -6 -2 -3 -6 -8 -19 -44 -138 -232 -107 79 35 -124 -163 -60 -12 -31 -15 -3 10 44 39 -34 -48 -8 13 42 10 -39 -11 41 115 106 -6 -49 -48 -44 -57 -23 93 158 124 50 2 -33 -61 -46 -23 -87 -71 53 72 52 34 -53 -143 -140 -72 -20 -6 -2 16 38 4 -6 82 115 -6 -116 -80 -16 -2 0 3 5 14 30 66 130 179 161 97 45 18 5 -1 -4 -2 2 9 5 1 5 8 3 -7 -12 -8 -1 -5 -31 -139 -291 -322 -196 -60 -7 0 0 0 0 0 
0 2 6 4 11 10 1 0 -1 -3 -2 0 2 3 1 -3 -3 4 6 3 1 -1 0 2 0 -1 -4 -1 0 -6 -4 3 6 0 -2 3 6 5 2 -1 -5 -5 -3 -6 -4 -6 -9 -4 -1 -3 -3 1 -4 -11 -18 -65 -133 -96 -49 -136 -169 -52 62 3 -102 -66 -2 52 118 75 -89 -128 -40 -3 7 9 24 56 43 58 82 12 -53 -104 -84 11 96 155 124 50 7 -25 -85 -84 -41 24 -2 -40 75 82 4 -70 -150 -142 -73 -20 -3 -2 3 54 106 19 -84 -31 66 22 -64 -48 -12 0 2 6 12 28 63 124 176 166 101 41 18 9 2 0 -1 0 4 12 11 0 -8 -5 7 3 -14 -12 -2 -29 -137 -291 -325 -196 -60 -7 0 0 0 0 0 0 
0 5 3 1 11 8 -1 -1 -1 -1 2 1 -2 -2 -1 0 3 6 4 1 1 -1 -3 2 3 -1 -4 0 0 -7 -3 7 6 -3 0 4 1 3 3 -3 -6 -5 -4 -5 -3 -5 -7 -2 0 -3 -1 2 -6 -10 -7 -19 -49 -71 -151 -254 -147 70 123 -25 -169 -106 30 120 141 26 -143 -159 -53 -5 -2 7 63 111 38 -7 22 4 -43 -98 -40 102 161 124 49 6 -3 -39 -123 -85 -4 56 60 -5 49 32 -88 -155 -144 -73 -22 -5 -2 0 5 70 149 68 -89 -116 -25 7 -20 -13 -2 1 6 12 24 62 123 173 165 106 45 13 7 5 3 3 2 3 3 11 19 -2 -22 -8 7 3 -7 -9 -31 -139 -292 -326 -197 -60 -7 0 0 0 0 0 0 0 
0 4 -1 0 8 5 -4 -3 4 6 4 -2 -5 -4 -2 4 8 4 -1 -1 4 3 -4 0 3 -3 -4 1 1 -5 -1 8 4 -4 0 2 -2 2 3 -3 -4 -2 -4 -4 -1 -3 -7 -3 0 -2 0 -3 -8 -8 -6 -5 -11 -36 -139 -241 -115 74 39 -109 -163 -47 105 140 50 -89 -156 -109 -32 -2 0 6 59 115 53 0 -35 -61 -38 -16 77 158 128 49 4 -5 -3 -26 -102 -109 -13 96 95 8 -14 -72 -156 -144 -74 -20 -5 -2 12 29 1 10 105 111 -31 -121 -70 -12 -1 -2 1 6 15 24 55 120 174 168 106 45 16 6 5 4 4 4 1 4 -1 6 17 2 -18 -6 5 -5 -4 -29 -138 -295 -330 -199 -60 -7 0 0 0 0 0 0 0 0 
0 0 -3 -1 5 3 -6 -1 9 9 4 -4 -6 -2 0 7 10 0 -5 -2 5 5 -3 -3 0 -3 -2 3 2 -4 0 7 1 -4 -1 -1 -1 3 2 -2 -2 -1 -4 -3 0 -1 -6 -3 -1 -3 -1 -8 -7 -2 -4 -3 -2 -13 -70 -141 -96 -39 -128 -172 -66 79 139 53 -86 -149 -106 -41 -12 -1 2 2 27 80 78 32 -62 -93 4 97 152 126 53 5 -6 -4 -1 -5 -45 -102 -57 82 94 -11 -93 -153 -144 -74 -22 -5 -2 5 55 97 6 -82 -9 80 10 -72 -45 -12 0 2 5 14 29 56 113 169 171 114 45 10 6 7 6 3 3 4 2 2 -6 -1 6 8 -5 -7 5 -7 -33 -134 -291 -331 -201 -61 -7 0 0 0 0 0 0 0 0 0 
0 -5 -7 -2 4 0 -4 6 9 5 3 -3 -4 2 3 7 8 -2 -4 -1 2 2 -2 -4 -2 0 2 3 0 -4 1 5 0 -4 -3 -1 0 4 2 -4 -3 -3 -4 0 1 1 -2 -3 -3 -2 -2 -11 -5 5 -3 -7 -3 -5 -24 -56 -67 -133 -251 -163 56 134 56 -81 -148 -111 -41 -9 -7 -3 0 0 5 33 60 34 -40 -23 95 155 122 51 8 -2 -4 -1 2 3 -8 -47 -55 21 29 -80 -156 -143 -74 -21 -6 -4 -1 10 84 148 47 -102 -110 -10 10 -23 -10 -3 -1 7 12 25 60 116 165 164 118 56 11 0 4 6 5 1 1 6 5 -3 -5 -3 -5 8 1 -6 4 -33 -142 -289 -327 -201 -61 -7 0 0 0 0 0 0 0 0 0 0 
0 -9 -9 0 3 -2 1 9 7 2 2 0 -1 2 2 6 5 -2 0 1 0 -1 -3 -3 0 3 2 0 -2 -3 2 3 -1 -3 -2 0 0 2 0 -6 -4 -3 -2 4 3 1 -2 -4 -3 1 -1 -11 -3 6 -7 -11 -4 -3 -7 -18 -36 -129 -243 -124 74 46 -86 -141 -88 -37 -31 -17 -6 -4 -2 0 0 5 18 17 13 92 168 125 49 6 -2 3 -1 0 6 3 0 -10 -25 -33 -82 -150 -141 -75 -23 -4 -1 10 23 2 32 119 99 -44 -129 -68 -6 1 2 2 4 13 24 53 114 169 165 111 59 21 1 2 5 3 3 0 0 11 7 -7 -2 -4 -13 2 5 -2 -27 -143 -296 -325 -198 -61 -7 0 0 0 0 0 0 0 0 0 0 0 
0 -8 -5 3 1 0 6 6 4 3 3 3 1 -2 -2 6 3 -3 3 3 0 -3 -4 0 4 4 -2 -3 -1 -1 1 1 -2 -1 2 1 -1 -4 -4 -4 -2 -1 2 8 3 -2 -5 -4 -2 1 0 -7 -2 0 -10 -10 -2 -1 -2 -7 -19 -68 -138 -92 -31 -125 -177 -75 43 14 -87 -68 -14 -5 -1 1 -1 -1 2 8 42 152 188 85 12 -3 0 6 2 1 6 1 0 -5 -36 -101 -159 -140 -71 -23 -7 -2 8 55 84 -7 -70 15 89 7 -83 -52 -10 4 6 8 12 24 54 107 162 167 115 56 23 6 1 4 6 3 2 3 0 9 9 -6 -6 -10 -15 0 8 -26 -140 -297 -329 -197 -60 -7 0 0 0 0 0 0 0 0 0 0 0 0 
0 -4 -1 3 1 3 7 4 2 4 4 4 2 -4 -3 5 1 -3 3 4 -1 -5 -3 3 7 4 -4 -4 1 0 -1 0 -1 0 5 4 -3 -10 -7 0 2 0 3 8 1 -3 -4 -5 -3 -1 0 -1 -3 -5 -8 -7 0 0 -3 -6 -10 -21 -49 -63 -128 -251 -182 36 122 5 -151 -123 -28 -6 -1 1 -2 -2 2 6 30 117 174 115 34 4 3 5 6 4 3 -1 -5 -33 -100 -157 -141 -71 -22 -6 -2 0 14 89 137 21 -111 -90 12 16 -30 -17 -4 2 11 16 23 53 110 159 161 114 57 24 9 1 3 4 5 5 5 8 -1 -3 4 1 -7 -16 -11 2 -21 -136 -296 -329 -198 -60 -7 0 0 0 0 0 0 0 0 0 0 0 0 0 
0 -1 0 2 3 4 5 4 3 3 4 4 0 -4 -1 4 2 0 1 1 -4 -5 -1 4 7 3 -3 -3 3 0 -4 0 1 1 6 5 -4 -11 -6 4 3 -1 0 1 0 1 0 -4 -3 -4 -1 2 -4 -4 -5 -6 -2 -2 -3 -3 -4 -6 -15 -38 -129 -244 -147 56 59 -77 -159 -94 -17 -20 -16 -4 -2 -2 0 2 10 48 119 153 104 39 9 4 6 6 4 -7 -36 -101 -156 -135 -68 -20 -8 -3 11 19 3 46 125 76 -66 -121 -50 4 -1 -4 -2 5 17 27 51 107 163 162 110 56 23 10 4 0 4 4 5 10 9 5 -4 -9 -7 4 0 -15 -7 -25 -135 -293 -329 -198 -60 -7 0 0 0 0 0 0 0 0 0 0 0 0 0 0 
0 -1 0 4 5 5 4 3 3 1 4 4 -3 -5 0 5 5 2 -1 -4 -4 -2 0 4 4 1 -1 -1 3 0 -5 1 2 1 4 1 -3 -6 -2 5 1 -2 -4 -6 1 7 3 -2 -2 -6 -1 1 -5 -3 -3 -4 -5 -5 -1 1 -2 -4 -8 -22 -70 -141 -108 -34 -104 -165 -91 21 23 -68 -68 -18 -3 -3 -3 0 3 10 47 117 153 111 43 9 2 4 1 -36 -104 -156 -136 -65 -18 -4 -5 4 54 72 -17 -53 41 84 -13 -83 -45 -4 5 1 1 12 28 54 105 160 166 111 51 23 12 4 1 1 5 4 6 16 10 -4 -8 -7 -11 -4 2 -8 -30 -133 -293 -329 -198 -60 -7 0 0 0 0 0 0 0 0 0 0 0 0 0 0 0 
0 -2 1 7 7 5 2 1 0 0 5 4 -4 -7 1 8 4 -1 -3 -3 2 0 -1 4 2 0 -1 0 2 -1 -2 3 0 -1 1 -3 0 0 -1 2 0 -1 -6 -6 3 9 3 -3 -2 -3 2 -1 -7 -6 -2 -2 -6 -4 0 1 -1 -5 -10 -12 -22 -52 -69 -120 -236 -187 10 105 25 -127 -125 -33 -4 -4 -4 -1 1 1 9 48 118 157 114 42 5 -4 -31 -102 -156 -133 -66 -17 -5 -3 -2 13 95 129 0 -109 -63 23 5 -33 -15 -2 4 7 9 23 55 108 159 165 114 49 18 13 9 1 0 4 6 5 4 11 11 -2 -11 -12 -8 -6 -3 -29 -135 -288 -329 -200 -60 -7 0 0 0 0 0 0 0 0 0 0 0 0 0 0 0 0 
0 1 5 7 4 1 -1 0 -2 1 6 3 -4 -7 3 10 1 -5 -3 3 7 -1 -2 4 2 0 -2 0 2 -3 -1 4 -1 -2 -2 -3 3 1 -3 0 1 -1 -4 -1 3 5 1 -3 -1 1 2 -3 -6 -7 -3 -2 -4 -1 -1 -1 -1 -7 -10 -6 -7 -16 -37 -120 -236 -155 37 53 -59 -147 -101 -19 -16 -17 -6 -2 0 0 1 10 47 120 158 112 34 -32 -101 -153 -130 -63 -17 -3 -3 7 15 4 60 130 59 -79 -110 -37 1 -4 -3 0 6 13 23 51 106 162 165 115 52 13 9 11 6 0 2 7 6 5 -1 -3 9 9 -10 -19 -4 0 -31 -136 -290 -327 -200 -61 -7 0 0 0 0 0 0 0 0 0 0 0 0 0 0 0 0 0 
0 6 9 3 -3 -2 0 2 0 1 3 1 -3 -4 3 7 0 -4 -1 6 7 -2 0 4 2 2 -1 -1 0 -4 -2 4 3 -3 -6 -1 3 0 -4 0 3 -2 -1 2 1 0 0 0 0 1 -2 -4 -2 -6 -4 0 -1 0 -3 -3 -3 -7 -6 -5 -6 -6 -17 -64 -136 -107 -37 -105 -166 -99 12 26 -59 -69 -19 -1 1 1 -1 0 8 49 120 154 77 -69 -151 -125 -59 -17 -3 -4 5 52 63 -22 -41 56 82 -26 -82 -36 -3 3 -2 2 12 23 53 107 158 166 115 53 17 6 9 7 1 2 7 8 6 -1 -4 -8 -2 7 -4 -11 -4 -27 -137 -290 -327 -200 -61 -7 0 0 0 0 0 0 0 0 0 0 0 0 0 0 0 0 0 0 
0 7 7 -1 -4 -1 3 7 3 -2 -1 1 0 -1 0 0 0 0 -1 4 5 0 3 4 3 5 1 -2 -2 -4 -2 4 6 -4 -7 0 1 0 -4 -1 4 0 0 1 -1 -4 0 4 1 -1 -4 -4 -1 -5 -3 2 0 -1 -4 -3 -3 -5 -4 -6 -6 -5 -8 -21 -49 -61 -110 -236 -207 -9 103 34 -117 -129 -37 0 1 2 -2 -3 -1 10 49 110 77 -66 -117 -55 -13 -4 -3 -7 15 101 122 -13 -110 -51 32 -1 -33 -7 1 3 1 8 23 50 108 163 162 116 56 15 7 10 9 2 0 5 7 9 6 -10 -2 -2 -16 -6 3 0 -33 -139 -290 -325 -198 -61 -7 0 0 0 0 0 0 0 0 0 0 0 0 0 0 0 0 0 0 0 
0 4 1 -1 1 1 4 10 3 -4 0 4 3 -1 -3 -4 1 2 -4 0 4 3 3 3 4 6 4 0 -1 -4 -3 4 4 -4 -4 0 0 0 -3 -2 3 2 -1 -1 -2 -5 0 5 2 -2 -3 -4 -4 -2 0 1 0 -3 -4 -1 -1 -3 -4 -6 -6 -6 -6 -9 -14 -29 -111 -237 -176 24 63 -48 -146 -110 -24 -12 -14 -1 -1 -3 -2 1 9 36 34 -28 -44 -13 -2 0 7 5 4 76 136 47 -93 -112 -29 1 -5 4 5 7 9 21 51 104 163 167 110 58 23 2 6 10 6 2 4 3 0 9 8 -11 -4 -1 -17 -8 2 -27 -140 -293 -325 -197 -60 -7 0 0 0 0 0 0 0 0 0 0 0 0 0 0 0 0 0 0 0 0 
0 1 -2 0 5 3 3 8 1 -3 3 5 3 -2 -3 -1 4 1 -7 -2 5 3 -1 1 5 7 6 1 -1 -2 -2 2 0 -3 0 1 0 0 -1 0 1 -1 -3 -1 0 -3 -1 2 1 -2 -2 -3 -5 0 2 0 -1 -4 -3 0 0 -2 -5 -5 -4 -6 -5 -6 -5 -14 -64 -138 -118 -37 -88 -162 -112 -2 25 -51 -65 -17 0 -1 -1 1 -1 0 4 -4 -6 -3 -3 9 52 51 -28 -25 73 80 -40 -93 -36 -2 1 4 8 14 22 51 107 160 168 113 49 24 11 1 5 5 4 6 4 -2 -3 4 8 0 -10 -10 -4 -2 -31 -138 -292 -327 -197 -60 -7 0 0 0 0 0 0 0 0 0 0 0 0 0 0 0 0 0 0 0 0 0 
0 0 0 0 5 3 0 5 1 0 4 2 1 -1 -1 3 7 0 -7 -1 5 1 -4 0 7 8 3 -3 -1 3 0 -2 -2 -1 3 3 0 0 0 2 -1 -4 -2 1 1 -4 -2 1 -1 -3 -2 -1 -1 0 0 0 -2 -4 -2 0 -1 -4 -6 -2 -2 -5 -2 -4 -5 -8 -24 -51 -66 -100 -222 -218 -31 90 40 -101 -122 -39 -2 -1 0 2 -1 -6 -3 0 0 -1 -3 20 103 112 -27 -107 -35 39 -5 -41 -11 0 1 7 14 24 48 105 164 168 115 51 19 11 6 3 2 0 4 7 1 -3 -2 -2 5 11 -10 -16 2 -27 -140 -292 -328 -199 -60 -7 0 0 0 0 0 0 0 0 0 0 0 0 0 0 0 0 0 0 0 0 0 0 
0 19 10 3 4 0 -3 3 2 2 5 2 0 0 1 4 6 0 -4 0 3 0 -3 0 7 7 -1 -5 1 4 -2 -2 0 0 4 4 0 0 0 0 -3 -2 1 1 -2 -7 -1 3 -2 -3 -1 0 3 0 -3 0 -1 -3 -3 -2 -3 -5 -4 -2 -4 -2 -1 -5 -4 -5 -10 -16 -31 -98 -233 -196 5 59 -37 -132 -108 -28 -12 -13 -2 0 0 -4 -4 0 1 9 8 9 84 136 31 -104 -105 -21 5 -6 1 3 5 14 26 48 97 160 172 117 51 19 14 7 4 4 -1 -2 3 4 0 -1 -3 -3 5 9 -6 -11 -28 -138 -293 -328 -200 -61 -7 0 0 0 0 0 0 0 0 0 0 0 0 0 0 0 0 0 0 0 0 0 0 0 
0 123 68 16 4 -3 -4 2 2 1 6 5 1 1 2 3 2 0 -1 1 3 0 -3 0 5 4 -1 -2 1 1 -2 1 1 0 4 4 1 -1 -1 -2 -3 0 1 0 -4 -8 1 4 -3 -2 1 1 4 0 -4 0 0 -1 -5 -6 -2 -2 -4 -6 -4 0 -3 -4 -1 -4 -7 -7 -14 -55 -140 -130 -44 -84 -156 -116 -14 23 -38 -55 -16 -4 -1 -1 -4 0 11 49 44 -29 -12 88 73 -53 -92 -34 2 4 3 7 12 24 54 100 149 168 123 53 14 10 11 5 5 4 -1 -1 0 0 1 1 -3 0 4 -1 -3 -28 -139 -296 -330 -200 -61 -7 0 0 0 0 0 0 0 0 0 0 0 0 0 0 0 0 0 0 0 0 0 0 0 0 
0 276 218 76 12 -4 -3 3 2 0 4 5 4 3 1 0 -1 0 1 3 4 0 -4 0 4 2 0 0 1 2 0 0 -1 0 4 3 2 -2 -2 0 -1 -1 -1 1 -2 -6 2 1 -6 -2 3 3 3 0 -3 -1 -1 -1 -6 -5 2 -3 -8 -4 2 -1 -6 -2 -1 -4 -4 -6 -10 -20 -51 -68 -98 -215 -225 -53 76 47 -79 -109 -39 -7 -3 0 -3 0 26 100 97 -39 -99 -14 46 -10 -43 -13 2 4 6 13 24 50 106 156 158 120 61 16 2 6 7 4 6 3 -1 0 -2 -2 1 2 0 2 0 -7 -27 -134 -296 -332 -201 -61 -7 0 0 0 0 0 0 0 0 0 0 0 0 0 0 0 0 0 0 0 0 0 0 0 0 0 
0 286 357 226 70 3 -1 3 1 1 2 4 6 2 0 -2 -2 2 3 3 3 0 -3 1 4 1 -1 0 3 4 -2 -2 0 0 3 1 1 -1 -1 3 1 -3 -4 2 3 -2 0 -4 -6 0 3 3 1 0 -2 -4 -3 -3 -3 2 1 -8 -5 3 4 -3 -9 -4 -3 -2 -1 -6 -9 -9 -16 -33 -94 -224 -210 -21 58 -16 -116 -110 -31 -12 -14 -1 8 7 15 90 126 13 -106 -90 -9 7 -9 -1 4 6 12 24 53 103 157 164 115 61 21 2 1 4 6 4 4 1 -3 0 0 -2 -2 2 3 2 -4 -33 -135 -293 -332 -201 -61 -7 0 0 0 0 0 0 0 0 0 0 0 0 0 0 0 0 0 0 0 0 0 0 0 0 0 0 
0 143 316 363 217 61 9 2 1 3 3 3 2 -1 1 -1 0 5 3 1 2 1 -1 2 3 -1 -2 0 3 3 -2 0 2 0 1 0 0 -1 -1 4 3 -4 -5 2 5 -1 -3 -4 -1 2 0 2 1 0 -3 -8 -5 -2 3 5 -5 -6 5 3 -3 -4 -8 -8 -4 2 -1 -6 -7 -8 -9 -15 -52 -133 -138 -60 -78 -135 -114 -29 24 -31 -56 -7 48 38 -28 0 89 60 -58 -85 -28 5 3 1 6 12 24 54 106 155 162 117 60 24 4 -2 1 3 6 3 1 0 -5 0 3 -2 -3 2 3 1 -31 -141 -292 -330 -201 -61 -7 0 0 0 0 0 0 0 0 0 0 0 0 0 0 0 0 0 0 0 0 0 0 0 0 0 0 0 
0 31 148 317 352 213 69 11 4 4 2 0 -3 0 3 0 3 4 0 1 4 4 0 0 0 -2 0 1 1 1 1 2 1 0 0 0 0 -2 -2 3 4 -2 -1 2 0 -4 -3 1 3 -1 -4 4 3 -1 -4 -9 -5 1 5 2 -5 2 8 -4 -10 -4 -4 -9 -3 4 -4 -6 -5 -8 -8 -6 -17 -48 -67 -99 -210 -223 -63 68 57 -69 -112 -18 97 89 -44 -92 -7 42 -13 -38 -10 3 3 5 12 24 52 109 157 157 115 60 24 8 2 -1 -2 2 6 1 -1 -2 -5 1 3 0 0 1 -2 -28 -138 -296 -328 -199 -61 -7 0 0 0 0 0 0 0 0 0 0 0 0 0 0 0 0 0 0 0 0 0 0 0 0 0 0 0 0 
0 2 32 146 311 353 219 69 12 5 -1 -2 0 2 2 1 5 1 -2 4 6 5 0 -3 -3 -1 3 2 0 0 -1 0 1 0 1 1 0 -1 0 1 2 1 4 2 -6 -6 0 5 2 -6 -6 6 4 -2 -4 -6 -2 1 2 1 1 4 2 -8 -11 -3 -1 -5 0 2 -8 -7 -4 -8 -7 -3 -4 -14 -30 -88 -221 -221 -28 66 -7 -113 -122 -22 96 121 5 -107 -83 -6 5 -4 4 5 6 12 24 52 102 158 161 107 57 26 7 3 6 0 -3 3 4 0 -3 -5 -1 3 1 3 3 -4 -34 -139 -293 -329 -198 -60 -7 0 0 0 0 0 0 0 0 0 0 0 0 0 0 0 0 0 0 0 0 0 0 0 0 0 0 0 0 0 
0 0 2 31 145 312 356 216 67 14 0 -2 3 2 0 2 6 1 0 7 5 1 -1 -3 -3 2 4 1 0 0 -5 -3 3 0 1 3 1 0 2 1 0 1 6 2 -8 -5 3 5 -2 -8 -4 5 3 -1 -3 -3 0 0 0 1 2 -1 -2 -4 -7 -2 -1 -1 1 -3 -10 -7 -4 -8 -5 -2 -4 -7 -14 -47 -129 -147 -54 -58 -138 -135 -79 -15 50 104 57 -58 -78 -25 1 7 8 8 13 22 52 103 150 157 112 52 21 11 1 2 7 0 0 5 1 -1 -3 -4 1 2 0 3 1 -34 -142 -294 -329 -198 -60 -7 0 0 0 0 0 0 0 0 0 0 0 0 0 0 0 0 0 0 0 0 0 0 0 0 0 0 0 0 0 0 
0 0 0 2 31 145 313 353 217 72 9 -3 1 2 0 1 5 4 3 7 4 -2 -2 -1 0 4 2 -1 1 1 -6 -4 5 -1 -1 6 2 -1 1 3 2 0 4 1 -7 -4 3 3 -3 -7 -1 3 0 1 0 -1 0 0 0 -2 -3 -4 0 2 -3 -4 -3 -1 -2 -5 -7 -5 -5 -7 -4 -5 -8 -5 -5 -13 -42 -73 -87 -186 -244 -132 -36 -9 14 59 64 -2 -31 -13 -3 7 10 12 21 46 102 151 153 108 54 20 6 4 2 3 3 -1 4 7 -1 -3 -2 -2 -2 -1 1 -2 -29 -138 -293 -329 -200 -60 -7 0 0 0 0 0 0 0 0 0 0 0 0 0 0 0 0 0 0 0 0 0 0 0 0 0 0 0 0 0 0 0 
0 0 0 0 2 31 145 312 356 221 66 4 2 2 -2 0 5 7 2 1 4 1 -2 0 4 4 0 -1 2 2 -6 -4 6 -2 -2 7 2 -1 -1 3 4 1 1 -1 -4 -3 0 1 0 -5 -1 1 -1 3 2 -1 -1 1 1 -4 -8 -4 3 3 -3 -6 -3 -3 -3 -2 -3 -4 -6 -4 -4 -9 -10 -4 -1 0 -10 -36 -77 -205 -281 -163 -42 -9 7 38 57 26 -4 -2 0 5 10 19 44 94 148 152 106 52 19 7 2 2 5 3 -2 -1 7 6 -3 -3 -3 -3 -3 -1 -1 -33 -137 -288 -327 -200 -61 -7 0 0 0 0 0 0 0 0 0 0 0 0 0 0 0 0 0 0 0 0 0 0 0 0 0 0 0 0 0 0 0 0 
0 0 0 0 0 2 31 145 313 357 216 64 12 3 -3 0 5 5 -3 -5 4 4 -2 0 7 6 2 2 2 1 -5 -4 6 0 -4 2 3 2 -3 1 4 2 -2 -4 0 0 -2 0 3 -3 -3 1 2 3 0 -3 -2 2 1 -5 -8 -2 3 0 -5 -4 0 -3 -2 -1 -2 -4 -5 -1 -4 -8 -7 -4 -1 1 -6 -19 -42 -130 -239 -226 -107 -22 15 42 44 18 -4 -1 3 6 15 41 92 141 147 103 52 18 4 4 2 1 4 1 -2 2 6 3 -2 -2 -3 -3 -3 -3 -32 -141 -290 -324 -198 -61 -7 0 0 0 0 0 0 0 0 0 0 0 0 0 0 0 0 0 0 0 0 0 0 0 0 0 0 0 0 0 0 0 0 0 
0 0 0 0 0 0 2 31 145 313 354 216 71 12 -2 -1 1 -1 -5 -1 4 1 -1 0 8 10 4 3 2 0 -4 -3 7 1 -7 0 5 2 -4 1 4 0 -6 -5 4 2 -2 1 4 -2 -3 3 3 1 -3 -5 -2 0 -3 -5 -1 2 0 -4 -5 0 2 -1 -2 -3 -3 -4 -3 0 -4 -7 -4 -3 -1 1 -5 -10 -18 -52 -138 -213 -154 -49 0 9 -2 -8 -10 -4 4 15 38 87 140 143 96 46 22 7 0 2 1 1 1 0 2 4 2 3 1 -4 -1 -1 -7 -33 -141 -294 -326 -197 -60 -7 0 0 0 0 0 0 0 0 0 0 0 0 0 0 0 0 0 0 0 0 0 0 0 0 0 0 0 0 0 0 0 0 0 0 
0 0 0 0 0 0 0 2 31 145 312 355 222 69 4 -3 -3 -3 -1 6 4 -2 -1 0 8 10 3 2 1 -2 -4 0 8 -1 -6 5 5 -2 -3 2 3 -2 -6 -1 5 0 -1 3 3 -2 -1 2 0 -1 -4 -6 -3 -2 -4 0 5 2 -4 -6 -2 2 1 -1 -2 -3 -4 -4 -2 -1 -6 -10 -4 1 2 1 -5 -8 -9 -15 -52 -117 -117 -66 -46 -60 -66 -41 -18 -7 8 39 86 133 142 97 41 15 13 6 -2 -2 0 2 0 -1 3 4 1 4 0 -7 -1 -2 -33 -140 -295 -329 -199 -60 -7 0 0 0 0 0 0 0 0 0 0 0 0 0 0 0 0 0 0 0 0 0 0 0 0 0 0 0 0 0 0 0 0 0 0 0 
0 0 0 0 0 0 0 0 2 31 145 314 359 216 61 5 -3 -2 2 7 5 0 -3 0 7 6 2 2 0 -5 -3 3 7 0 -2 5 1 -4 -2 1 2 1 -2 1 2 -1 3 4 1 -1 -2 -3 -2 -2 -2 -4 -5 -1 1 4 3 -2 -5 -4 0 2 0 -4 -3 0 -2 -5 -3 -4 -10 -10 -1 5 3 -2 -6 -6 -5 -5 -18 -41 -55 -61 -74 -93 -100 -78 -40 -11 23 82 135 137 96 47 15 8 11 3 -6 -4 0 1 0 -3 0 5 4 2 -3 -7 -5 -29 -136 -293 -331 -200 -61 -7 0 0 0 0 0 0 0 0 0 0 0 0 0 0 0 0 0 0 0 0 0 0 0 0 0 0 0 0 0 0 0 0 0 0 0 0 
0 0 0 0 0 0 0 0 0 2 31 146 314 352 212 66 7 -2 1 5 7 2 -5 0 6 5 3 0 -1 -4 -1 4 6 2 -2 -1 -2 -4 -3 1 3 4 0 -1 1 3 6 3 0 -1 -6 -6 -1 0 2 -1 -6 0 3 1 -1 -3 -2 -1 1 2 -2 -6 -2 2 -2 -6 -4 -8 -10 -4 2 4 1 -3 -5 -3 -4 -6 -11 -14 -23 -43 -66 -83 -96 -98 -66 -17 48 125 144 95 47 21 7 7 8 -2 -8 -3 2 1 -1 -4 -2 6 5 -3 -3 -5 -34 -136 -290 -330 -201 -61 -7 0 0 0 0 0 0 0 0 0 0 0 0 0 0 0 0 0 0 0 0 0 0 0 0 0 0 0 0 0 0 0 0 0 0 0 0 0 
0 0 0 0 0 0 0 0 0 0 2 31 145 310 350 216 66 7 1 4 6 0 -5 0 5 7 6 -1 -3 -4 -1 6 7 0 -6 -5 -2 -2 0 4 1 0 1 1 4 6 4 1 -1 -4 -7 -4 0 3 3 -1 -4 0 1 -2 -1 -1 0 0 2 0 -5 -4 1 0 -5 -4 -4 -9 -5 1 0 -1 -1 -1 -3 -2 -4 -7 -8 -7 -10 -22 -46 -67 -79 -88 -65 -9 68 127 104 43 18 10 2 5 5 -4 -7 0 6 2 -4 -3 1 4 1 -7 -5 -28 -140 -293 -328 -201 -61 -7 0 0 0 0 0 0 0 0 0 0 0 0 0 0 0 0 0 0 0 0 0 0 0 0 0 0 0 0 0 0 0 0 0 0 0 0 0 0 
0 0 0 0 0 0 0 0 0 0 0 2 31 144 309 350 212 67 12 4 2 -2 -2 0 1 7 11 2 -6 -9 -2 10 8 -2 -7 -7 -2 3 6 5 -4 -4 4 5 5 4 0 -1 -1 -5 -5 -1 1 4 0 -3 -1 0 1 0 -1 -1 0 0 1 -3 -5 -1 1 -3 -5 -2 -4 -5 -1 0 -3 -4 -3 -1 0 0 -5 -6 -5 -6 -4 -8 -28 -49 -59 -61 -36 14 64 81 48 10 4 4 1 4 3 -3 -3 2 5 0 -5 1 4 0 -1 -8 -36 -136 -293 -331 -200 -61 -7 0 0 0 0 0 0 0 0 0 0 0 0 0 0 0 0 0 0 0 0 0 0 0 0 0 0 0 0 0 0 0 0 0 0 0 0 0 0 0 
0 0 0 0 0 0 0 0 0 0 0 0 2 31 144 306 345 218 73 10 0 -1 0 -1 -2 7 12 1 -9 -10 0 11 7 0 -3 -5 0 4 3 1 -3 0 6 3 2 1 -4 -3 3 -1 -4 0 2 3 -2 -3 0 0 2 1 -3 -1 1 -1 -1 -3 -3 1 0 -6 -5 -2 -3 -2 -1 -2 -3 -1 -3 -3 2 2 -7 -7 -4 -4 -1 -5 -15 -27 -36 -33 -9 22 38 32 11 -2 0 1 2 3 2 1 2 -1 -2 -1 0 4 1 -2 -1 -33 -145 -295 -330 -201 -61 -7 0 0 0 0 0 0 0 0 0 0 0 0 0 0 0 0 0 0 0 0 0 0 0 0 0 0 0 0 0 0 0 0 0 0 0 0 0 0 0 0 
0 0 0 0 0 0 0 0 0 0 0 0 0 2 31 141 305 355 220 66 8 0 -1 -2 1 8 5 -4 -8 -6 3 9 6 4 1 -1 2 -1 -4 -1 2 4 3 -1 0 -1 -5 -2 6 1 -3 1 1 0 -1 0 1 0 -1 -2 -3 1 1 -3 0 0 -2 2 -1 -9 -6 -1 -2 -3 -1 -1 -2 3 -1 -4 1 -1 -8 -6 -5 -2 1 -5 -8 -11 -16 -13 0 10 14 8 -2 -3 0 0 1 2 4 5 3 -6 -6 3 4 1 -2 -3 -30 -141 -298 -332 -201 -61 -7 0 0 0 0 0 0 0 0 0 0 0 0 0 0 0 0 0 0 0 0 0 0 0 0 0 0 0 0 0 0 0 0 0 0 0 0 0 0 0 0 0 
0 0 0 0 0 0 0 0 0 0 0 0 0 0 2 30 143 311 352 215 66 6 -2 2 5 4 -2 -5 -4 -2 4 6 7 6 0 -1 1 -4 -4 2 2 1 0 0 -1 -2 -1 0 3 -1 0 3 0 -1 0 1 4 0 -7 -3 1 1 -3 -3 5 2 -4 -1 -3 -6 -3 0 -3 -4 1 0 -2 2 -2 -4 -1 -5 -6 -3 -7 -2 3 -2 -5 -5 -5 -5 -3 0 6 1 -5 -2 1 0 -1 3 6 4 1 -6 -3 6 1 -3 -5 -31 -139 -297 -332 -201 -61 -7 0 0 0 0 0 0 0 0 0 0 0 0 0 0 0 0 0 0 0 0 0 0 0 0 0 0 0 0 0 0 0 0 0 0 0 0 0 0 0 0 0 0 
0 0 0 0 0 0 0 0 0 0 0 0 0 0 0 2 31 144 309 351 213 61 7 8 5 -2 -4 -2 -1 1 4 2 7 5 -2 -1 -1 -4 0 4 -1 -2 1 2 -3 -2 2 -2 -1 0 1 3 3 2 -2 -2 6 0 -9 0 6 -1 -7 0 7 0 -7 -6 -3 2 2 -2 -5 -2 2 0 -2 -3 -6 -4 -2 -4 -2 -3 -7 0 3 -1 -3 -4 -1 -4 -7 0 5 -1 -6 -2 3 0 -2 3 2 -1 1 0 2 4 -3 -7 -35 -139 -292 -332 -201 -61 -7 0 0 0 0 0 0 0 0 0 0 0 0 0 0 0 0 0 0 0 0 0 0 0 0 0 0 0 0 0 0 0 0 0 0 0 0 0 0 0 0 0 0 0 
0 0 0 0 0 0 0 0 0 0 0 0 0 0 0 0 2 31 144 309 347 210 67 14 3 -3 -3 1 0 1 4 1 5 4 -2 -1 -2 -2 3 2 -2 0 1 1 -2 -3 -1 -4 0 2 -2 3 9 2 -7 -3 6 0 -6 3 6 -3 -6 1 2 -2 -4 -6 -1 7 2 -8 -5 3 2 0 -5 -8 -6 -3 -1 -1 1 -3 -5 2 0 -3 -2 -3 1 -4 -9 1 2 -2 -3 -1 3 -1 -1 2 -4 -5 3 5 3 1 -7 -37 -141 -292 -328 -201 -61 -7 0 0 0 0 0 0 0 0 0 0 0 0 0 0 0 0 0 0 0 0 0 0 0 0 0 0 0 0 0 0 0 0 0 0 0 0 0 0 0 0 0 0 0 0 
0 0 0 0 0 0 0 0 0 0 0 0 0 0 0 0 0 2 31 144 306 349 215 65 9 0 -1 2 0 -1 3 3 4 3 -3 -2 0 1 3 -1 -2 2 0 0 1 -3 -5 -4 2 2 -1 5 8 -3 -9 0 6 2 -1 2 0 -4 -3 -3 -3 2 3 -4 0 7 -3 -12 -1 6 0 -1 -9 -10 -2 -1 0 0 3 -1 -4 1 -3 -5 -3 -1 3 -3 -11 -2 1 -1 1 0 1 -3 0 4 -4 -6 1 4 2 -2 -36 -144 -292 -328 -200 -61 -7 0 0 0 0 0 0 0 0 0 0 0 0 0 0 0 0 0 0 0 0 0 0 0 0 0 0 0 0 0 0 0 0 0 0 0 0 0 0 0 0 0 0 0 0 0 
0 0 0 0 0 0 0 0 0 0 0 0 0 0 0 0 0 0 2 31 143 309 348 209 66 10 0 3 1 -3 1 4 3 1 -3 0 3 0 0 -1 -1 2 1 -1 1 -1 -7 -5 2 4 4 4 2 -4 -5 2 4 5 4 -2 -5 -3 -3 -5 0 6 2 -5 0 3 -7 -8 4 4 -4 -3 -9 -8 2 0 -1 0 2 -1 -3 0 -3 -5 -3 -1 3 -1 -11 -4 2 0 1 0 0 -3 0 5 -2 -6 -4 1 1 -31 -142 -295 -328 -200 -61 -7 0 0 0 0 0 0 0 0 0 0 0 0 0 0 0 0 0 0 0 0 0 0 0 0 0 0 0 0 0 0 0 0 0 0 0 0 0 0 0 0 0 0 0 0 0 0 
0 0 0 0 0 0 0 0 0 0 0 0 0 0 0 0 0 0 0 2 31 144 306 344 212 66 8 4 1 -3 1 3 1 0 -1 2 4 -1 -4 -2 1 4 3 -2 0 -1 -9 -6 3 7 3 0 5 3 -2 -1 1 5 4 -4 -5 0 -2 -2 4 2 -4 -4 -1 -3 -6 -1 5 0 -6 -4 -8 -4 6 0 -4 -1 -1 -2 -1 0 -1 -3 -2 -2 1 -1 -8 -3 0 -1 1 2 1 -1 -1 0 -3 -5 -5 -2 -26 -139 -295 -329 -200 -61 -7 0 0 0 0 0 0 0 0 0 0 0 0 0 0 0 0 0 0 0 0 0 0 0 0 0 0 0 0 0 0 0 0 0 0 0 0 0 0 0 0 0 0 0 0 0 0 0 
0 0 0 0 0 0 0 0 0 0 0 0 0 0 0 0 0 0 0 0 2 31 143 304 344 210 67 11 -3 -1 3 1 1 0 0 2 3 0 -6 -2 4 4 2 -1 0 -2 -7 -4 3 7 -1 -2 11 8 -3 -5 0 3 1 -3 -2 4 1 -1 1 -2 -4 -4 -4 -4 -1 1 1 -1 -4 -4 -7 -2 6 -2 -6 -1 -1 0 0 -1 0 -3 -3 -1 -1 -3 -3 -2 -4 -1 4 5 2 0 -3 -6 -5 -3 -4 -31 -135 -292 -331 -200 -61 -7 0 0 0 0 0 0 0 0 0 0 0 0 0 0 0 0 0 0 0 0 0 0 0 0 0 0 0 0 0 0 0 0 0 0 0 0 0 0 0 0 0 0 0 0 0 0 0 0 
0 0 0 0 0 0 0 0 0 0 0 0 0 0 0 0 0 0 0 0 0 2 31 141 303 349 217 60 -1 1 2 0 3 1 1 2 1 -2 -5 4 6 -2 -1 1 1 0 -3 -3 1 5 -1 1 10 5 -5 -6 0 0 1 1 1 5 1 -2 -2 -1 -2 -9 -6 2 3 -2 -2 2 -2 -4 -4 -3 0 -6 -3 3 0 2 -2 -5 0 -2 -4 -1 -2 -3 1 -3 -5 2 4 4 3 0 -5 -8 -6 0 -22 -139 -299 -331 -201 -61 -7 0 0 0 0 0 0 0 0 0 0 0 0 0 0 0 0 0 0 0 0 0 0 0 0 0 0 0 0 0 0 0 0 0 0 0 0 0 0 0 0 0 0 0 0 0 0 0 0 0 
0 0 0 0 0 0 0 0 0 0 0 0 0 0 0 0 0 0 0 0 0 0 4 56 226 392 316 102 4 2 0 0 4 2 2 2 0 -4 -4 8 6 -6 -2 2 2 2 -2 -4 0 4 0 4 8 2 -6 -6 0 -2 2 4 2 4 0 -2 -2 0 -2 -12 -6 6 4 -4 -2 4 -2 -4 -2 -4 -4 -8 0 6 0 2 -4 -8 0 0 -4 -2 -2 -2 2 -4 -4 4 2 2 4 0 -6 -8 -6 2 -40 -220 -380 -298 -108 -14 0 0 0 0 0 0 0 0 0 0 0 0 0 0 0 0 0 0 0 0 0 0 0 0 0 0 0 0 0 0 0 0 0 0 0 0 0 0 0 0 0 0 0 0 0 0 0 0 0 0 
