0 0 0 0 0 0 0 0 0 0 4 68 298 498 328 66 0 -4 -2 -4 -8 -8 -6 -4 -6 -10 -12 -10 -10 -14 -14 -16 -74 -302 -442 -256 -56 -4 0 0 
0 0 0 0 0 0 0 0 0 2 33 159 366 429 232 43 0 -4 -3 -5 -7 -7 -6 -5 -7 -10 -12 -10 -9 -13 -15 -16 -53 -219 -383 -316 -134 -28 -2 0 
0 0 0 0 0 0 0 0 2 33 156 341 398 250 77 11 -1 -4 -4 -6 -5 -6 -8 -8 -7 -10 -12 -9 -9 -12 -15 -15 -23 -84 -230 -348 -291 -131 -28 0 
0 0 0 0 0 0 0 2 33 157 341 396 253 80 8 1 -2 -4 -4 -5 -7 -11 -10 -8 -6 -8 -11 -9 -10 -11 -12 -13 -13 -23 -86 -228 -342 -288 -130 0 
0 0 0 0 0 0 2 33 157 343 396 251 84 10 -2 -1 -2 -3 -3 -8 -41 -49 8 25 1 -3 -7 -9 -9 -9 -9 -11 -12 -14 -27 -85 -223 -339 -285 0 
0 0 0 0 0 2 33 156 343 399 251 81 13 1 -1 -3 -2 0 -5 -38 -134 -130 50 114 42 10 0 -5 -7 -7 -7 -9 -12 -15 -16 -24 -82 -223 -332 0 
0 0 0 0 2 33 156 341 398 254 82 10 2 2 0 -3 -1 -1 -33 -121 -236 -181 73 196 128 53 13 0 -3 -3 -5 -9 -12 -14 -13 -14 -24 -84 -211 0 
0 0 0 2 33 156 340 397 254 82 11 2 1 0 1 0 -3 -29 -115 -223 -257 -147 55 189 200 135 55 13 4 2 -4 -10 -11 -10 -12 -15 -15 -24 -75 0 
0 0 2 33 155 340 395 253 86 10 1 4 -1 -2 2 -1 -29 -112 -220 -251 -183 -78 22 112 187 202 140 60 17 5 -2 -8 -8 -8 -12 -15 -14 -13 -24 0 
0 2 32 155 339 395 251 83 15 1 2 3 0 0 -2 -28 -108 -219 -250 -163 -84 -47 -7 38 107 186 208 146 61 15 3 -3 -4 -7 -12 -13 -14 -13 -17 0 
0 32 152 337 396 252 81 12 5 3 1 1 3 1 -27 -108 -215 -255 -159 -16 -32 -80 -31 3 34 103 186 210 147 61 17 3 -1 -4 -10 -11 -13 -15 -16 0 
0 148 334 392 253 84 11 3 5 4 0 0 2 -20 -102 -215 -253 -174 -22 76 -44 -126 -39 3 -2 19 99 186 210 151 67 16 2 0 -6 -8 -11 -16 -17 0 
0 301 389 252 84 14 3 3 2 4 1 -2 -20 -94 -208 -257 -167 -22 63 40 -92 -119 -12 19 -28 -36 28 101 176 212 157 66 17 4 -3 -4 -8 -16 -19 0 
0 300 247 86 14 4 3 1 0 4 1 -22 -93 -202 -255 -193 -42 84 75 -26 -107 -70 22 8 -59 -37 35 33 50 156 211 157 73 21 1 -1 -5 -15 -18 0 
0 143 82 15 4 3 2 0 0 4 -16 -98 -201 -247 -199 -93 12 77 62 -8 -59 -26 15 -35 -56 35 102 7 -91 3 154 207 175 85 13 1 -4 -11 -12 0 
0 29 15 4 3 1 3 1 0 3 -47 -198 -273 -210 -119 -34 14 45 54 26 -14 -16 -11 -33 11 114 120 -22 -171 -118 51 163 250 187 45 5 -3 -6 -14 0 
0 6 7 4 2 1 3 2 0 1 -50 -201 -271 -204 -116 -35 19 50 39 18 -4 -29 -12 38 95 115 41 -91 -178 -110 7 85 246 264 95 12 0 -15 -72 0 
0 7 7 4 3 2 1 1 0 0 -23 -107 -204 -236 -184 -90 2 49 27 10 4 -17 20 93 102 43 -64 -146 -119 -36 3 62 234 276 116 15 -9 -82 -215 0 
0 8 5 4 4 2 0 -1 0 0 -6 -34 -107 -200 -231 -172 -58 9 9 22 33 36 65 67 17 -49 -118 -110 -36 -3 25 134 248 210 78 0 -77 -228 -328 0 
0 7 5 5 5 2 0 -2 -1 0 -4 -13 -37 -104 -193 -220 -138 -73 -41 33 84 106 81 -12 -87 -113 -92 -29 -1 20 117 222 208 103 16 -72 -224 -336 -271 0 
0 6 7 7 6 1 0 -1 -2 0 -3 -8 -12 -34 -102 -186 -202 -174 -109 8 120 161 62 -92 -148 -99 -27 4 21 110 216 208 108 18 -74 -222 -333 -273 -119 0 
0 7 7 7 5 1 1 0 -1 0 -1 -4 -7 -11 -34 -101 -189 -231 -184 -71 75 150 36 -118 -115 -31 3 25 110 208 207 112 20 -74 -224 -333 -272 -119 -25 0 
0 25 12 6 4 2 3 1 1 0 -1 -1 -5 -7 -10 -37 -106 -194 -232 -177 -48 58 17 -57 -29 4 25 112 209 200 111 25 -74 -225 -333 -272 -119 -25 -2 0 
0 123 67 14 5 2 4 3 2 0 -2 0 -3 -5 -6 -14 -37 -102 -197 -239 -175 -59 2 11 10 27 112 207 201 106 22 -68 -224 -335 -272 -119 -25 -2 0 0 
0 273 214 70 14 4 5 4 1 0 -1 0 -1 -4 -6 -8 -12 -35 -107 -202 -241 -166 -36 19 30 109 205 198 105 19 -71 -220 -333 -273 -119 -25 -2 0 0 0 
0 288 352 215 69 13 8 5 0 0 0 0 0 -4 -5 -5 -7 -13 -41 -105 -207 -228 -107 3 92 190 192 104 18 -73 -222 -332 -272 -119 -25 -2 0 0 0 0 
0 149 315 351 212 68 17 6 0 0 1 1 0 -4 -4 -3 -5 -9 -18 -35 -108 -182 -145 -13 131 170 97 17 -72 -224 -335 -272 -119 -25 -2 0 0 0 0 0 
0 35 151 313 348 212 69 12 2 1 2 2 0 -3 -3 -1 -4 -8 -12 -13 -33 -79 -101 -20 86 80 15 -74 -223 -336 -275 -119 -25 -2 0 0 0 0 0 0 
0 3 35 150 313 351 210 61 9 2 1 1 1 0 -1 0 -4 -8 -9 -9 -10 -20 -36 -13 22 9 -68 -226 -341 -276 -120 -25 -2 0 0 0 0 0 0 0 
0 0 6 64 238 394 306 104 14 2 0 0 2 2 0 0 -4 -8 -8 -8 -8 -8 -12 -8 0 -14 -122 -320 -366 -196 -46 -4 0 0 0 0 0 0 0 0 
