0 10 16 14 16 16 8 8 8 6 6 10 10 4 0 4 4 2 4 4 2 2 4 4 4 4 2 0 2 4 2 0 -2 -2 2 0 2 6 2 0 -2 0 2 -4 -4 2 2 -2 0 0 -4 -6 -6 -2 0 0 -2 -4 0 0 -4 -4 0 0 -4 -4 -2 -4 -6 -8 -10 -4 -2 -8 -10 -12 -12 -12 -16 0 
0 10 16 14 15 15 9 10 10 7 5 7 8 4 1 5 4 3 5 4 2 1 3 4 3 4 3 0 1 3 2 1 0 -1 1 1 3 4 1 0 -2 0 2 -3 -3 1 0 -1 0 -2 -3 -4 -6 -3 0 0 -1 -3 -1 0 -2 -4 -2 -1 -5 -5 -2 -3 -6 -7 -8 -5 -4 -8 -8 -11 -13 -13 -16 0 
0 10 15 13 13 13 12 14 12 7 3 2 5 3 2 7 5 5 6 3 2 1 2 4 2 3 4 1 0 1 1 2 2 0 1 3 3 1 0 0 -1 0 1 -1 -1 -1 -3 0 0 -4 -3 -1 -4 -4 1 0 -1 -1 -2 -1 0 -4 -5 -3 -6 -7 -3 -1 -5 -6 -5 -6 -6 -7 -6 -9 -14 -15 -17 0 
0 9 13 12 12 12 15 15 9 4 3 2 4 1 2 8 7 6 4 1 2 3 2 4 3 1 3 2 0 0 1 2 2 1 2 2 0 1 1 0 0 0 0 0 0 -1 -3 -1 -1 -3 -3 -1 -2 -3 2 0 -2 -1 -4 -3 0 -3 -4 -4 -6 -7 -4 -1 -5 -6 -4 -5 -5 -6 -7 -8 -13 -16 -18 0 
0 9 13 12 11 11 15 13 4 0 5 7 4 0 3 8 8 4 0 1 1 3 4 4 3 0 1 1 0 1 3 3 4 3 0 -2 -2 2 3 0 -1 0 0 1 1 0 -1 -1 -3 -4 -2 -2 -2 0 1 -2 -2 -2 -6 -4 0 -1 -2 -4 -4 -5 -5 -3 -6 -5 -4 -4 -4 -7 -8 -8 -12 -15 -16 0 
0 12 14 11 9 8 12 12 2 -2 7 10 3 1 4 7 8 2 -2 3 1 2 6 3 1 1 0 -1 1 3 3 3 6 4 -2 -3 -1 1 4 0 -2 0 -1 2 3 0 -1 0 -3 -6 -2 0 -1 2 -1 -5 -3 -2 -4 -3 -1 -1 -2 -4 -2 -4 -6 -4 -6 -4 -4 -4 -4 -8 -8 -8 -11 -12 -14 0 
0 14 13 10 8 5 8 10 5 2 7 8 2 2 4 5 7 3 0 4 3 3 4 1 0 3 0 -3 3 4 2 2 4 3 -1 -1 0 1 3 0 0 0 -3 1 4 0 -2 -1 -2 -4 -1 2 0 0 -3 -4 -4 -3 -1 -1 -2 -3 -3 -4 -2 -4 -5 -3 -6 -5 -5 -4 -4 -8 -8 -8 -9 -10 -15 0 
0 14 12 10 9 5 4 6 9 8 5 5 3 2 4 4 5 3 3 4 3 4 2 1 1 3 0 -3 3 4 3 2 2 2 -1 -1 1 3 1 0 2 0 -3 0 3 0 -1 -2 -2 -1 -1 0 -1 -3 -3 -1 -3 -4 -1 0 -1 -4 -6 -4 -2 -4 -3 -1 -5 -7 -6 -4 -5 -8 -8 -7 -8 -11 -15 0 
0 14 11 10 11 6 2 5 9 8 3 3 3 3 5 5 4 1 3 3 1 4 4 3 2 2 1 -2 1 5 4 1 3 3 -2 -2 2 3 0 0 1 0 -1 0 0 0 1 -2 -2 0 -2 -2 -3 -4 -1 0 -1 -4 -3 -1 -1 -4 -7 -4 -3 -3 -2 -1 -4 -7 -5 -4 -6 -8 -8 -5 -7 -11 -13 0 
0 13 9 10 10 5 4 7 8 6 2 1 1 3 6 7 5 1 1 2 0 3 6 4 2 2 2 -2 1 6 3 0 4 4 0 0 1 0 -1 0 0 0 1 1 -2 0 2 -2 -2 -1 -2 -2 -4 -3 0 -1 -1 -3 -3 -2 -3 -5 -5 -3 -4 -2 -3 -4 -4 -5 -5 -4 -5 -8 -7 -4 -5 -9 -13 0 
0 12 8 8 6 4 6 9 9 6 3 2 1 1 4 7 6 2 1 3 1 2 4 4 3 1 1 0 3 5 2 0 3 3 2 3 1 -3 -3 0 0 0 3 3 -1 -1 1 0 -2 -3 -3 -3 -3 -1 0 -3 -4 -1 -1 -2 -3 -5 -4 -3 -5 -3 -3 -6 -4 -3 -7 -6 -4 -7 -6 -4 -4 -9 -14 0 
0 12 9 6 4 4 6 10 10 5 4 5 3 1 1 5 5 1 2 4 4 2 0 4 4 1 1 3 5 4 2 0 1 1 1 3 3 -2 -3 0 -1 0 4 3 0 -3 -1 2 -2 -3 -4 -4 -1 1 1 -5 -8 -1 0 -3 -2 -2 -3 -6 -7 -3 -1 -4 -4 -3 -7 -8 -5 -6 -7 -5 -5 -9 -12 0 
0 10 11 8 5 4 6 9 9 4 3 5 4 2 1 4 4 1 1 4 7 1 -3 3 4 3 2 4 7 4 1 1 0 0 1 1 3 2 0 -1 -2 1 3 1 0 -3 -2 1 -1 -2 -5 -3 0 1 2 -6 -9 -3 -1 -3 -3 -2 -2 -6 -7 -2 0 -1 -4 -5 -5 -7 -7 -7 -8 -7 -6 -6 -9 0 
0 7 11 11 7 4 7 8 7 4 2 4 3 1 3 4 3 2 1 5 7 0 -3 2 4 3 1 4 8 3 0 3 0 1 4 1 1 3 2 -2 -1 2 1 0 1 0 -1 0 -1 -3 -6 -1 0 -3 0 -4 -6 -4 -3 -2 -4 -5 -2 -3 -6 -3 0 -1 -5 -5 -3 -6 -8 -8 -8 -7 -4 -4 -9 0 
0 6 8 12 8 4 9 7 5 5 4 4 1 1 4 4 1 0 3 7 4 0 0 3 4 1 1 4 7 2 0 3 1 4 7 2 0 2 1 -2 -1 1 0 1 2 2 1 0 -2 -4 -5 -1 -1 -6 -3 -2 -4 -3 -4 -4 -4 -4 -2 -4 -6 -4 -1 -2 -6 -4 -1 -6 -9 -8 -7 -4 -2 -5 -11 0 
0 5 6 11 8 4 8 6 5 6 6 5 1 2 4 4 0 -2 4 7 1 0 3 4 4 2 3 3 5 3 0 1 3 7 7 2 1 2 0 -3 -3 0 0 2 1 1 2 0 -1 -3 -3 -3 -4 -5 -4 -4 -4 -1 -4 -6 -3 -1 -4 -7 -4 -3 -3 -3 -5 -4 -1 -5 -10 -9 -5 -2 -4 -7 -11 0 
0 5 6 8 8 5 5 6 7 6 5 6 3 2 4 3 0 0 5 5 0 0 3 4 5 5 2 -1 3 5 0 0 3 6 5 3 2 0 1 -4 -5 -1 0 0 1 0 0 0 -1 -2 -3 -4 -6 -3 -10 -11 5 9 -1 -4 -1 0 -6 -8 -2 -1 -2 -4 -5 -5 -4 -4 -8 -9 -5 -4 -7 -7 -7 0 
0 7 5 5 8 7 4 4 7 7 4 5 6 4 3 1 -1 2 7 4 1 1 1 3 6 2 -23 -44 -15 25 4 -1 -1 -1 3 0 3 -5 3 -9 -4 -5 1 -4 2 -2 -4 1 -6 0 -8 -1 -10 0 -35 -36 59 77 24 0 0 -1 -5 -6 -2 0 1 -3 -6 -6 -7 -6 -6 -7 -6 -6 -7 -4 -4 0 
0 7 4 5 8 8 4 1 5 8 5 4 8 6 2 1 -2 1 6 4 3 2 1 2 4 -13 -108 -168 -54 80 17 -2 -4 -9 4 -7 8 -13 7 -18 3 -11 4 -6 -1 -5 -6 6 -13 7 -14 7 -19 4 -66 -77 152 215 82 5 0 -2 -3 -1 -1 -1 0 -3 -5 -6 -8 -7 -7 -7 -5 -5 -4 -2 -7 0 
0 5 4 6 8 8 5 1 3 8 8 4 5 5 3 3 0 0 3 4 3 1 3 3 1 -35 -217 -296 -86 109 23 -2 -2 -10 8 -9 11 -19 10 -18 9 -13 5 -4 -6 -5 -5 11 -14 11 -13 11 -21 6 -53 -63 210 307 131 11 2 1 0 2 -1 -4 -4 -4 -3 -6 -7 -5 -8 -7 -4 -4 -2 -4 -11 0 
0 4 4 5 8 8 7 3 1 8 11 4 1 3 4 4 2 1 4 5 1 -1 3 3 -1 -45 -246 -311 -117 26 -6 -3 0 -6 7 -5 6 -14 7 -9 7 -8 2 -1 -6 -3 -3 8 -8 6 -6 6 -12 6 12 39 216 286 132 15 7 7 3 1 -2 -6 -6 -5 -2 -4 -5 -4 -7 -5 -5 -4 -3 -6 -11 0 
0 4 3 4 8 8 7 4 2 8 11 4 0 1 3 4 2 2 6 6 0 -2 1 1 -4 -44 -212 -265 -152 -89 -45 -4 0 -3 2 0 2 -1 5 -2 1 -4 -1 1 1 1 -1 1 -5 -1 -1 2 -2 6 60 120 209 247 120 17 12 11 4 0 -1 -4 -5 -6 -2 -2 -4 -4 -5 -4 -7 -4 -5 -6 -8 0 
0 4 2 5 8 8 5 4 5 7 9 4 1 1 1 3 2 1 4 5 1 -1 0 -1 -7 -48 -201 -248 -162 -124 -56 -4 0 -1 0 1 9 27 24 5 -13 -27 -14 15 31 18 -1 -19 -31 -16 -1 2 2 6 69 135 203 240 122 19 14 12 5 1 0 -2 -4 -4 -2 -3 -3 -4 -5 -5 -8 -4 -6 -7 -6 0 
0 3 3 7 9 8 4 4 5 6 7 4 3 2 0 1 2 1 1 3 3 0 -2 -3 -7 -53 -207 -245 -156 -120 -54 -4 1 1 0 0 21 76 88 35 -32 -85 -52 52 91 40 -21 -78 -89 -36 -3 0 2 7 69 135 198 237 127 22 13 11 7 3 0 -2 -4 -2 -2 -4 -2 -3 -6 -7 -8 -4 -5 -8 -8 0 
0 3 4 6 9 9 6 4 3 6 6 4 4 2 0 0 3 3 0 2 4 -1 -6 -5 -6 -55 -209 -242 -153 -119 -53 -3 3 3 0 0 20 94 154 103 -9 -111 -93 59 119 34 -76 -143 -111 -33 -3 -2 2 7 66 135 196 235 131 24 12 10 8 4 0 -2 -4 -1 -1 -5 -3 -1 -5 -8 -7 -3 -5 -9 -11 0 
0 5 4 4 7 10 9 4 1 4 6 5 5 3 0 0 3 3 0 3 4 -2 -7 -7 -8 -56 -207 -237 -153 -123 -53 -1 4 3 0 0 8 55 141 163 72 -56 -98 -5 68 -6 -123 -137 -67 -13 0 -1 0 5 65 137 195 234 132 23 13 11 8 4 0 -3 -4 1 -1 -6 -3 -1 -4 -7 -5 -2 -8 -12 -12 0 
0 5 3 6 8 9 9 3 -1 2 6 7 6 4 1 0 1 1 1 4 2 -2 -5 -8 -10 -56 -207 -236 -153 -123 -52 0 5 3 0 0 3 15 70 144 120 12 -64 -55 -3 -45 -107 -70 -20 -3 2 -1 -3 5 64 134 195 239 135 21 13 12 8 4 0 -3 -3 0 -3 -4 -1 -3 -5 -6 -5 -3 -10 -14 -11 0 
0 4 2 8 11 7 7 2 -2 2 6 8 5 4 3 0 0 0 3 4 -1 -2 -4 -8 -9 -54 -208 -239 -153 -121 -51 1 16 21 5 -3 6 5 18 64 77 29 -31 -54 -34 -44 -50 -18 -4 -1 1 -2 -3 6 62 131 196 243 139 19 10 13 8 3 0 0 0 -3 -4 -1 -1 -4 -6 -7 -7 -5 -8 -12 -10 0 
0 5 3 7 10 5 6 4 0 2 5 6 4 4 4 1 0 0 4 4 -1 -2 -5 -8 -8 -52 -208 -241 -153 -121 -50 4 44 62 18 -13 -2 9 17 17 16 15 -32 -73 -48 -19 -10 -2 -2 0 0 -1 -1 4 58 128 195 246 143 19 8 13 8 2 1 3 2 -3 -4 -1 -3 -5 -6 -7 -7 -7 -5 -8 -10 0 
0 7 5 4 5 6 8 7 3 3 4 3 4 3 3 2 0 1 4 3 0 -3 -6 -7 -8 -52 -208 -242 -153 -119 -49 5 64 86 23 -24 -19 11 39 19 -8 4 -40 -94 -57 -6 1 -1 -2 0 -1 -1 0 2 55 127 193 246 145 22 9 9 7 4 4 3 0 -1 -3 -2 -4 -6 -6 -6 -6 -8 -5 -5 -8 0 
0 8 6 2 3 9 8 6 6 5 4 4 4 1 1 1 0 2 3 1 0 -3 -5 -5 -7 -53 -208 -242 -144 -102 -48 -12 45 73 17 -20 -18 6 35 11 -15 6 -23 -62 -37 -2 3 -4 -3 -6 -15 -9 -1 3 54 124 191 247 148 26 11 6 5 6 7 2 -2 -1 -2 -2 -4 -5 -6 -7 -7 -7 -7 -5 -4 0 
0 7 6 4 6 9 3 1 8 7 5 7 4 0 0 1 1 1 1 0 0 -1 -4 -4 -5 -54 -209 -241 -113 -51 -43 -61 -2 59 21 0 2 6 11 -12 -15 13 1 -12 -5 1 4 -11 -9 -27 -55 -29 -4 3 53 123 193 250 150 26 12 8 4 5 7 2 -1 -3 -3 -3 -4 -4 -7 -7 -6 -6 -8 -6 -3 0 
0 5 6 8 9 7 1 -1 5 7 6 7 4 1 1 2 3 1 0 0 -1 -1 -3 -4 -6 -54 -208 -239 -95 -23 -40 -89 -27 56 28 17 26 16 -10 -22 0 16 7 12 12 1 1 -18 -15 -47 -91 -46 -6 1 53 125 194 252 153 23 10 11 6 5 5 1 -1 -4 -3 -4 -5 -4 -6 -5 -4 -7 -7 -5 -6 0 
0 3 5 10 10 5 3 2 2 5 5 6 4 3 2 1 4 2 0 0 -2 -2 -1 -5 -11 -55 -208 -242 -119 -61 -43 -51 -8 45 23 18 34 17 -22 -20 10 15 2 12 11 -6 -6 -15 -10 -39 -76 -38 -5 0 53 124 193 254 157 22 7 12 9 7 4 0 -2 -4 -2 -3 -6 -4 -3 -5 -5 -8 -7 -5 -8 0 
0 2 3 8 9 5 4 4 4 5 5 6 4 3 0 1 4 0 -1 1 0 -2 -2 -6 -13 -56 -206 -245 -149 -103 -47 -8 27 47 25 9 15 8 -13 -32 -23 21 13 11 -3 -35 -19 -7 -2 -15 -30 -16 -4 0 51 124 194 253 157 24 8 12 10 7 3 1 -1 -4 -2 -1 -5 -5 -4 -7 -6 -8 -9 -7 -7 0 
0 3 2 5 7 7 5 5 6 5 6 6 4 2 -1 3 4 -3 -3 2 2 -3 -6 -5 -9 -55 -206 -251 -158 -109 -47 4 57 76 41 5 -6 4 4 -62 -80 30 42 28 -17 -82 -39 -4 1 -1 -4 -5 -4 0 46 121 193 254 159 28 11 11 10 6 2 2 -1 -4 -2 0 -3 -7 -7 -7 -7 -8 -8 -8 -6 0 
0 5 3 4 5 7 7 7 5 2 5 7 4 3 2 3 4 -1 -2 1 0 -4 -8 -5 -5 -52 -206 -256 -159 -108 -48 6 63 85 45 6 -10 4 9 -68 -92 24 50 38 -18 -89 -43 -4 3 2 -1 -5 -9 -5 43 119 191 255 162 29 11 11 10 7 3 0 -4 -4 -2 0 -2 -7 -6 -5 -9 -9 -5 -7 -7 0 
0 6 4 5 4 5 8 6 3 2 4 8 5 4 4 0 3 4 1 1 -2 -4 -7 -7 -5 -50 -206 -259 -159 -107 -49 7 61 87 45 7 -4 3 5 -38 -50 10 26 20 -9 -43 -22 -3 3 1 -4 -19 -49 -38 36 116 190 258 166 27 9 13 11 8 4 -2 -6 -4 -2 -1 -2 -5 -3 -4 -10 -10 -5 -6 -7 0 
0 5 4 7 5 5 8 2 0 6 5 7 7 4 3 -1 2 4 1 2 -1 -4 -6 -7 -6 -50 -205 -259 -160 -107 -49 10 91 141 71 11 2 1 0 -11 -12 2 6 3 -3 -7 -5 -2 1 0 -7 -51 -131 -103 23 115 190 259 168 27 8 12 11 8 5 0 -5 -5 -3 -2 -1 -3 -3 -6 -9 -7 -7 -8 -7 0 
0 3 4 9 8 7 7 0 -2 7 7 5 7 5 2 1 2 1 0 1 0 -3 -6 -6 -6 -51 -205 -259 -162 -106 -47 13 128 204 102 15 4 -4 -19 -14 2 3 8 10 4 1 -2 -4 -1 0 -7 -76 -196 -154 11 110 188 263 173 30 8 9 9 7 5 2 -2 -5 -4 -1 -1 -3 -4 -8 -8 -3 -7 -10 -9 0 
0 2 4 9 11 9 5 1 0 5 7 3 5 6 2 2 2 0 0 0 -1 -2 -5 -7 -7 -50 -205 -262 -164 -103 -44 14 140 225 113 16 4 -16 -61 -38 2 0 26 45 26 4 -2 -6 -2 0 -6 -81 -214 -169 7 107 186 265 177 33 8 7 7 5 4 2 1 -3 -4 0 -3 -6 -4 -6 -7 -3 -6 -9 -9 0 
0 3 4 5 11 11 4 3 4 4 4 2 5 5 1 2 3 0 -1 0 -2 -3 -5 -8 -8 -47 -203 -267 -166 -99 -42 14 140 226 113 15 5 -24 -81 -45 -8 -19 28 72 53 10 -3 -5 -2 -1 -6 -79 -213 -171 5 106 184 266 180 34 8 6 6 5 5 2 1 -2 -3 -1 -5 -8 -4 -4 -5 -4 -7 -8 -8 0 
0 4 4 2 8 11 5 4 6 4 1 3 7 4 0 2 4 0 -2 0 -2 -4 -6 -8 -9 -46 -202 -271 -166 -95 -41 13 126 203 101 13 7 -15 -51 -23 -9 -28 3 50 51 12 -4 -4 -3 -2 -5 -71 -193 -156 5 104 183 267 182 33 9 8 7 7 5 1 0 -1 -2 -4 -6 -6 -4 -5 -4 -4 -8 -8 -8 0 
0 5 4 3 5 9 7 3 5 4 1 5 8 4 0 2 3 0 -1 0 -3 -5 -5 -6 -10 -47 -201 -271 -165 -95 -42 8 79 129 66 9 7 -1 -14 -4 -1 -15 -10 15 22 4 -3 -3 -3 -2 -4 -47 -126 -101 14 102 180 267 185 32 10 12 8 7 5 0 -1 -1 -3 -5 -4 -3 -5 -7 -5 -4 -7 -8 -9 0 
0 8 4 3 3 7 8 3 4 4 4 7 7 4 1 0 0 1 0 -1 -3 -6 -4 -2 -8 -48 -201 -271 -167 -96 -42 2 26 44 24 3 4 3 -1 -1 1 -4 -5 3 3 -2 -2 -1 -1 -2 -3 -17 -45 -35 26 98 176 270 190 32 9 13 8 6 5 -1 -2 -2 -3 -3 -2 -3 -6 -7 -7 -4 -6 -10 -11 0 
0 11 4 2 2 4 7 6 5 5 6 6 5 4 2 -1 -1 2 0 -2 -2 -5 -3 -1 -6 -48 -207 -279 -165 -77 -34 0 5 4 4 -2 3 0 2 -3 0 -1 -1 2 -1 1 -4 1 -2 1 -1 0 -8 -4 27 67 158 280 206 38 7 9 8 6 3 -1 -1 -1 -2 -3 -3 -5 -6 -4 -5 -5 -9 -13 -12 0 
0 13 6 3 2 3 7 7 6 6 5 3 3 3 1 2 2 1 1 0 -3 -4 -2 -3 -7 -51 -236 -313 -143 -4 -5 -1 5 -3 6 -7 7 -5 6 -5 1 0 1 4 -5 7 -9 5 -8 7 -2 6 -3 -1 10 -17 113 311 246 50 5 6 8 3 2 2 0 0 -3 -4 -3 -6 -7 -2 -1 -7 -12 -13 -13 0 
0 14 10 5 2 6 9 5 5 5 4 3 2 1 1 3 3 1 1 1 -3 -3 -2 -4 -8 -51 -243 -333 -136 46 16 -5 5 -3 11 -10 9 -8 7 -6 2 0 2 5 -8 10 -12 8 -13 8 -5 5 -2 -1 -1 -54 113 325 242 49 5 6 6 -1 2 4 0 -1 -5 -5 -2 -5 -7 -2 -2 -9 -11 -11 -13 0 
0 13 11 7 4 8 8 4 5 4 4 4 2 1 3 1 1 2 -2 -2 -1 -1 -1 -4 -8 -41 -190 -297 -168 -1 -3 -14 -1 -2 8 -8 4 -5 5 -3 0 -1 1 1 -6 7 -8 4 -11 3 -5 -1 -2 4 12 23 190 287 162 31 7 6 3 -1 2 4 0 -3 -6 -7 -4 -5 -6 -1 -3 -11 -11 -9 -11 0 
0 12 10 9 8 7 5 4 5 4 5 4 2 3 3 0 0 1 -3 -3 0 0 -1 -4 -6 -31 -133 -242 -193 -68 -33 -26 -12 -5 1 -5 -2 -2 3 2 -2 -3 -1 -2 -3 1 -3 -1 -5 -1 -4 -2 1 12 35 118 254 227 84 15 6 6 4 1 2 4 0 -3 -5 -8 -7 -7 -7 -1 -2 -13 -13 -8 -11 0 
0 12 11 10 10 6 5 4 2 4 7 4 3 4 1 0 -1 -1 -1 -1 0 1 -1 -4 -4 -27 -108 -205 -186 -85 -39 -32 -21 -11 -5 -4 -4 -3 0 3 0 -3 -3 -2 -1 -2 -2 -1 -1 -2 -2 4 7 16 47 153 252 178 52 9 3 5 6 2 2 3 0 -2 -4 -7 -8 -8 -7 -3 -4 -14 -14 -9 -12 0 
0 12 12 9 9 7 6 4 0 3 8 5 4 4 0 0 -1 -2 0 0 -1 1 1 -3 -5 -22 -84 -160 -149 -66 -24 -26 -21 -13 -9 -4 -4 -4 -3 1 3 -1 -4 -2 1 -1 -1 1 1 0 3 9 10 11 38 131 194 126 36 7 4 3 4 2 1 1 -1 -4 -5 -5 -7 -8 -6 -4 -6 -12 -12 -10 -13 0 
0 12 12 8 8 8 5 4 1 1 7 7 5 4 0 0 1 -1 0 0 -2 -2 0 -1 -4 -13 -45 -86 -84 -37 -8 -13 -14 -9 -8 -4 -2 -2 -4 -1 3 0 -3 -2 1 0 1 3 3 3 4 7 9 4 18 73 101 61 17 5 5 1 1 2 0 -1 -4 -6 -6 -4 -5 -8 -6 -4 -7 -10 -9 -9 -15 0 
0 11 12 9 8 8 5 4 3 0 4 8 6 4 1 0 0 -1 0 1 0 -3 -2 0 -2 -6 -14 -25 -27 -14 -1 -2 -7 -6 -6 -3 2 1 -4 -3 1 0 -1 -2 -1 0 2 3 3 3 0 2 6 2 6 22 28 15 4 3 2 1 0 0 0 -2 -6 -6 -6 -4 -4 -8 -5 -4 -10 -11 -9 -9 -15 0 
0 9 12 11 8 8 7 4 4 1 1 7 5 4 3 -1 -3 -2 0 3 3 -1 -1 0 -2 -3 -2 -4 -6 -4 1 3 -3 -7 -6 -1 3 1 -3 -3 0 0 0 0 0 -1 0 1 1 2 -1 -1 2 1 3 4 5 2 -2 0 0 2 0 -2 0 -2 -6 -7 -6 -3 -5 -8 -4 -5 -11 -12 -11 -12 -15 0 
0 9 12 12 9 8 8 5 4 2 0 5 4 3 3 -1 -2 -1 1 4 3 0 0 0 -1 -1 0 -1 -3 -2 2 3 -3 -7 -4 0 1 0 -1 -2 0 1 0 2 3 -1 -2 0 0 3 0 -3 -1 -1 2 2 3 2 -3 -1 0 -1 -1 -1 -1 -3 -5 -7 -5 -3 -6 -7 -8 -8 -8 -12 -12 -14 -19 0 
0 10 12 13 11 8 8 7 5 2 1 4 3 1 1 1 1 1 3 4 3 0 -1 0 0 1 0 -1 -2 -2 2 2 -3 -5 -2 0 0 0 0 -3 -1 3 1 1 3 3 1 -1 0 4 -1 -3 -2 -4 2 2 2 3 -2 1 0 -7 -2 1 -4 -3 -3 -7 -4 -6 -4 -4 -16 -12 -6 -11 -10 -13 -26 0 
0 9 12 15 12 8 8 8 7 3 2 4 2 0 1 2 1 2 4 5 5 -1 -3 0 1 3 0 -3 -3 -2 3 3 -1 -3 -2 0 -1 -1 -1 -4 -1 3 2 1 1 6 4 -4 0 3 -3 0 -1 -6 2 2 3 4 -3 1 -1 -10 -2 1 -6 -1 -3 -9 -4 -8 -3 -2 -18 -14 -7 -10 -8 -12 -30 0 
0 9 11 13 12 10 9 8 8 4 2 4 3 1 3 3 -1 0 4 6 4 -1 -2 0 2 2 0 -2 -3 -1 3 3 1 0 -2 -1 -2 -2 -3 -4 2 2 1 2 0 4 1 -6 0 1 -3 2 0 -4 2 3 4 1 -5 -1 -4 -9 -2 -1 -5 -2 -4 -8 -5 -8 -7 -5 -13 -12 -8 -11 -10 -12 -26 0 
0 10 10 10 12 12 10 8 8 4 2 4 4 2 4 4 -2 -2 4 6 2 0 0 0 2 0 0 0 -2 0 2 2 2 2 -2 -2 -2 -2 -4 -4 4 2 0 2 0 2 -2 -6 0 0 -2 2 0 -2 2 4 4 -2 -6 -2 -6 -8 -2 -2 -4 -4 -4 -6 -6 -8 -10 -8 -10 -10 -8 -12 -12 -12 -22 0 
