0 0 0 0 0 0 0 0 0 0 3 42 239 554 475 128 3 -4 -4 -8 -8 -8 -8 -8 -8 -8 -12 -15 -12 -13 -16 -25 -131 -429 -487 -204 -34 -2 0 -64 -64 0 0 0 0 0 0 0 0 0 0 0 0 0 0 0 0 0 0 0 0 0 0 0 
0 0 0 0 0 0 0 0 0 3 39 179 400 481 281 61 1 -4 -5 -8 -7 -7 -8 -9 -8 -8 -13 -13 -12 -14 -15 -20 -72 -261 -426 -349 -153 -31 -2 -64 -64 0 0 0 0 0 0 0 0 0 0 0 0 0 0 0 0 0 0 0 0 0 0 0 
0 0 0 0 0 0 0 0 3 39 179 391 453 284 88 11 0 -4 -6 -8 -6 -6 -9 -11 -8 -8 -14 -12 -12 -13 -13 -18 -28 -93 -259 -401 -337 -149 -31 -66 -64 0 0 0 0 0 0 0 0 0 0 0 0 0 0 0 0 0 0 0 0 0 0 0 
0 0 0 0 0 0 0 3 39 179 391 455 286 90 9 0 -1 -4 -5 -7 -9 -12 -11 -10 -7 -7 -12 -12 -12 -11 -12 -17 -16 -25 -96 -261 -394 -330 -148 -95 -66 0 0 0 0 0 0 0 0 0 0 0 0 0 0 0 0 0 0 0 0 0 0 0 
0 0 0 0 0 0 3 39 180 391 454 287 91 11 -1 0 -3 -4 -3 -9 -46 -57 8 28 3 -3 -7 -10 -11 -9 -12 -15 -13 -16 -31 -96 -254 -388 -327 -213 -95 0 0 0 0 0 0 0 0 0 0 0 0 0 0 0 0 0 0 0 0 0 0 0 
0 0 0 0 0 3 39 179 393 455 285 91 11 0 1 0 -4 -3 -5 -41 -152 -152 57 132 50 11 0 -4 -8 -7 -11 -13 -12 -16 -20 -28 -91 -253 -383 -418 -214 0 0 0 0 0 0 0 0 0 0 0 0 0 0 0 0 0 0 0 0 0 0 0 
0 0 0 0 3 39 179 390 456 288 90 11 1 0 2 1 -3 -5 -37 -136 -270 -210 84 226 148 60 14 3 -2 -4 -9 -11 -12 -15 -16 -18 -26 -93 -246 -590 -420 0 0 0 0 0 0 0 0 0 0 0 0 0 0 0 0 0 0 0 0 0 0 0 
0 0 0 3 39 179 390 453 288 93 11 0 2 0 2 3 -5 -36 -132 -255 -293 -167 61 215 231 155 62 17 6 0 -7 -9 -11 -12 -14 -18 -17 -26 -89 -659 -588 0 0 0 0 0 0 0 0 0 0 0 0 0 0 0 0 0 0 0 0 0 0 0 
0 0 3 39 178 389 453 287 94 13 0 0 1 0 3 0 -35 -129 -252 -289 -208 -86 23 126 216 232 159 68 20 5 -3 -6 -9 -10 -14 -16 -14 -16 -29 -671 -650 0 0 0 0 0 0 0 0 0 0 0 0 0 0 0 0 0 0 0 0 0 0 0 
0 3 38 178 388 450 286 94 15 3 1 0 0 1 1 -31 -127 -250 -285 -188 -96 -53 -9 42 124 213 237 166 70 19 4 -1 -7 -10 -12 -13 -13 -17 -21 -670 -658 0 0 0 0 0 0 0 0 0 0 0 0 0 0 0 0 0 0 0 0 0 0 0 
3 38 175 386 451 285 92 14 4 4 2 1 2 0 -28 -123 -249 -291 -181 -18 -37 -93 -36 1 39 119 213 241 169 71 21 5 -4 -8 -9 -11 -14 -19 -20 -666 -657 0 0 0 0 0 0 0 0 0 0 0 0 0 0 0 0 0 0 0 0 0 0 0 
35 174 382 447 286 95 14 2 3 4 2 2 3 -25 -118 -246 -290 -197 -25 87 -51 -145 -43 2 -4 23 112 213 243 172 78 20 1 -3 -7 -8 -12 -19 -21 -665 -655 0 0 0 0 0 0 0 0 0 0 0 0 0 0 0 0 0 0 0 0 0 0 0 
129 369 443 284 95 16 4 2 1 4 3 -1 -21 -109 -241 -293 -191 -23 72 44 -105 -136 -11 24 -34 -41 29 113 204 241 180 78 19 4 -4 -5 -8 -17 -23 -666 -653 0 0 0 0 0 0 0 0 0 0 0 0 0 0 0 0 0 0 0 0 0 0 0 
192 392 281 96 16 3 3 1 1 4 1 -24 -105 -232 -293 -220 -48 97 85 -30 -121 -81 27 11 -70 -41 40 36 57 176 241 182 84 25 1 -3 -5 -15 -22 -665 -653 0 0 0 0 0 0 0 0 0 0 0 0 0 0 0 0 0 0 0 0 0 0 0 
124 204 95 19 4 1 1 0 3 4 -20 -111 -229 -284 -228 -106 14 89 70 -8 -66 -31 18 -40 -67 42 120 9 -106 0 174 237 202 99 15 0 -4 -11 -16 -665 -656 0 0 0 0 0 0 0 0 0 0 0 0 0 0 0 0 0 0 0 0 0 0 0 
32 46 18 8 4 0 1 1 3 2 -54 -225 -312 -242 -137 -38 16 53 62 29 -15 -19 -12 -36 11 131 139 -25 -198 -138 56 185 288 217 53 6 -4 -7 -19 -666 -650 0 0 0 0 0 0 0 0 0 0 0 0 0 0 0 0 0 0 0 0 0 0 0 
5 7 5 7 4 1 3 2 1 -1 -56 -227 -311 -235 -133 -40 21 59 46 20 -5 -35 -13 46 108 132 47 -107 -206 -126 7 96 283 304 111 15 -3 -19 -88 -653 -580 0 0 0 0 0 0 0 0 0 0 0 0 0 0 0 0 0 0 0 0 0 0 0 
4 7 5 5 4 3 3 1 0 -1 -25 -121 -234 -270 -211 -105 0 57 33 13 4 -22 23 108 116 51 -73 -171 -136 -39 1 69 269 316 135 19 -14 -96 -255 -576 -401 0 0 0 0 0 0 0 0 0 0 0 0 0 0 0 0 0 0 0 0 0 0 0 
4 9 7 3 4 4 1 0 0 0 -6 -40 -122 -226 -266 -201 -69 11 11 27 39 40 75 77 19 -55 -136 -127 -39 -3 26 152 285 240 90 1 -91 -263 -381 -397 -199 0 0 0 0 0 0 0 0 0 0 0 0 0 0 0 0 0 0 0 0 0 0 0 
2 9 9 3 4 3 0 0 0 -1 -4 -15 -43 -117 -222 -255 -160 -83 -47 40 98 121 93 -15 -100 -130 -105 -32 0 23 133 253 239 118 18 -84 -260 -385 -309 -198 -91 0 0 0 0 0 0 0 0 0 0 0 0 0 0 0 0 0 0 0 0 0 0 0 
0 7 10 6 4 1 1 1 -1 -3 -3 -6 -15 -42 -117 -212 -232 -200 -124 11 138 185 69 -107 -169 -114 -29 5 26 129 245 235 124 22 -85 -258 -384 -310 -133 -91 -66 0 0 0 0 0 0 0 0 0 0 0 0 0 0 0 0 0 0 0 0 0 0 0 
3 8 8 7 4 1 4 3 -3 -4 -1 -1 -8 -17 -40 -113 -214 -266 -211 -81 84 173 40 -135 -130 -37 5 29 129 242 233 125 24 -84 -259 -384 -310 -133 -27 -66 -64 0 0 0 0 0 0 0 0 0 0 0 0 0 0 0 0 0 0 0 0 0 0 0 
28 39 14 6 4 4 6 3 -2 -3 -1 -1 -5 -9 -14 -41 -117 -222 -267 -202 -57 65 20 -64 -33 3 31 130 240 231 125 26 -84 -259 -384 -310 -133 -27 -2 -64 -64 0 0 0 0 0 0 0 0 0 0 0 0 0 0 0 0 0 0 0 0 0 0 0 
112 177 79 16 5 6 4 2 2 -1 -2 -2 -4 -6 -8 -14 -40 -116 -225 -271 -200 -72 2 13 9 31 131 239 229 122 26 -80 -259 -385 -310 -133 -27 -2 0 -64 -64 0 0 0 0 0 0 0 0 0 0 0 0 0 0 0 0 0 0 0 0 0 0 0 
181 358 248 82 15 6 2 2 4 1 -1 -1 -3 -6 -5 -6 -15 -42 -119 -226 -275 -196 -43 23 32 125 236 227 120 23 -80 -254 -385 -312 -133 -27 -2 0 0 -64 -64 0 0 0 0 0 0 0 0 0 0 0 0 0 0 0 0 0 0 0 0 0 0 0 
127 351 404 248 79 15 5 2 3 3 1 0 -1 -5 -5 -4 -10 -18 -43 -116 -236 -264 -124 4 104 218 218 117 22 -82 -254 -382 -312 -134 -27 -2 0 0 0 -64 -64 0 0 0 0 0 0 0 0 0 0 0 0 0 0 0 0 0 0 0 0 0 0 0 
36 172 358 402 245 79 17 3 2 4 2 1 0 -4 -6 -4 -6 -13 -18 -38 -123 -207 -165 -17 147 196 109 17 -82 -257 -383 -310 -134 -27 -2 0 0 0 0 -64 -64 0 0 0 0 0 0 0 0 0 0 0 0 0 0 0 0 0 0 0 0 0 0 0 
3 39 169 357 400 244 80 12 3 4 1 2 0 -3 -4 -3 -4 -11 -12 -13 -39 -89 -113 -24 96 92 16 -86 -257 -386 -312 -133 -27 -2 0 0 0 0 0 -64 -64 0 0 0 0 0 0 0 0 0 0 0 0 0 0 0 0 0 0 0 0 0 0 0 
0 3 38 169 355 396 237 67 8 4 0 0 1 0 -1 -1 -4 -9 -9 -10 -13 -22 -40 -14 27 9 -78 -252 -385 -313 -134 -27 -2 0 0 0 0 0 0 -63 -63 0 0 0 0 0 0 0 0 0 0 0 0 0 0 0 0 0 0 0 0 0 0 0 
0 0 3 38 167 339 325 132 15 3 0 -2 2 2 0 0 -3 -6 -7 -8 -7 -5 -10 -7 2 -24 -155 -327 -305 -133 -27 -2 0 0 0 0 0 0 0 -51 -51 0 0 0 0 0 0 0 0 0 0 0 0 0 0 0 0 0 0 0 0 0 0 0 
0 0 0 3 36 141 197 102 13 1 0 -1 1 1 0 0 -1 -2 -4 -4 -2 -1 -4 -4 0 -21 -115 -190 -119 -25 -2 0 0 0 0 0 0 0 0 -25 -25 0 0 0 0 0 0 0 0 0 0 0 0 0 0 0 0 0 0 0 0 0 0 0 
0 0 0 0 2 21 42 27 4 0 0 0 0 0 0 0 0 0 -1 -1 0 0 -1 -1 0 -6 -29 -39 -17 -1 0 0 0 0 0 0 0 0 0 -5 -5 0 0 0 0 0 0 0 0 0 0 0 0 0 0 0 0 0 0 0 0 0 0 0 
0 0 0 0 0 0 0 0 0 0 0 0 0 0 0 0 0 0 0 0 0 0 0 0 0 0 0 0 0 0 0 0 0 0 0 0 0 0 0 0 0 0 0 0 0 0 0 0 0 0 0 0 0 0 0 0 0 0 0 0 0 0 0 0 
0 0 0 0 0 0 0 0 0 0 0 0 0 0 0 0 0 0 0 0 0 0 0 0 0 0 0 0 0 0 0 0 0 0 0 0 0 0 0 0 0 0 0 0 0 0 0 0 0 0 0 0 0 0 0 0 0 0 0 0 0 0 0 0 
0 0 0 0 0 0 0 0 0 0 0 0 0 0 0 0 0 0 0 0 0 0 0 0 0 0 0 0 0 0 0 0 0 0 0 0 0 0 0 0 0 0 0 0 0 0 0 0 0 0 0 0 0 0 0 0 0 0 0 0 0 0 0 0 
0 0 0 0 0 0 0 0 0 0 0 0 0 0 0 0 0 0 0 0 0 0 0 0 0 0 0 0 0 0 0 0 0 0 0 0 0 0 0 0 0 0 0 0 0 0 0 0 0 0 0 0 0 0 0 0 0 0 0 0 0 0 0 0 
0 0 0 0 0 0 0 0 0 0 0 0 0 0 0 0 0 0 0 0 0 0 0 0 0 0 0 0 0 0 0 0 0 0 0 0 0 0 0 0 0 0 0 0 0 0 0 0 0 0 0 0 0 0 0 0 0 0 0 0 0 0 0 0 
0 0 0 0 0 0 0 0 0 0 0 0 0 0 0 0 0 0 0 0 0 0 0 0 0 0 0 0 0 0 0 0 0 0 0 0 0 0 0 0 0 0 0 0 0 0 0 0 0 0 0 0 0 0 0 0 0 0 0 0 0 0 0 0 
0 0 0 0 0 0 0 0 0 0 0 0 0 0 0 0 0 0 0 0 0 0 0 0 0 0 0 0 0 0 0 0 0 0 0 0 0 0 0 0 0 0 0 0 0 0 0 0 0 0 0 0 0 0 0 0 0 0 0 0 0 0 0 0 
0 0 0 0 0 0 0 0 0 0 0 0 0 0 0 0 0 0 0 0 0 0 0 0 0 0 0 0 0 0 0 0 0 0 0 0 0 0 0 0 0 0 0 0 0 0 0 0 0 0 0 0 0 0 0 0 0 0 0 0 0 0 0 0 
0 0 0 0 0 0 0 0 0 0 0 0 0 0 0 0 0 0 0 0 0 0 0 0 0 0 0 0 0 0 0 0 0 0 0 0 0 0 0 0 0 0 0 0 0 0 0 0 0 0 0 0 0 0 0 0 0 0 0 0 0 0 0 0 
0 0 0 0 0 0 0 0 0 0 0 0 0 0 0 0 0 0 0 0 0 0 0 0 0 0 0 0 0 0 0 0 0 0 0 0 0 0 0 0 0 0 0 0 0 0 0 0 0 0 0 0 0 0 0 0 0 0 0 0 0 0 0 0 
0 0 0 0 0 0 0 0 0 0 0 0 0 0 0 0 0 0 0 0 0 0 0 0 0 0 0 0 0 0 0 0 0 0 0 0 0 0 0 0 0 0 0 0 0 0 0 0 0 0 0 0 0 0 0 0 0 0 0 0 0 0 0 0 
0 0 0 0 0 0 0 0 0 0 0 0 0 0 0 0 0 0 0 0 0 0 0 0 0 0 0 0 0 0 0 0 0 0 0 0 0 0 0 0 0 0 0 0 0 0 0 0 0 0 0 0 0 0 0 0 0 0 0 0 0 0 0 0 
0 0 0 0 0 0 0 0 0 0 0 0 0 0 0 0 0 0 0 0 0 0 0 0 0 0 0 0 0 0 0 0 0 0 0 0 0 0 0 0 0 0 0 0 0 0 0 0 0 0 0 0 0 0 0 0 0 0 0 0 0 0 0 0 
0 0 0 0 0 0 0 0 0 0 0 0 0 0 0 0 0 0 0 0 0 0 0 0 0 0 0 0 0 0 0 0 0 0 0 0 0 0 0 0 0 0 0 0 0 0 0 0 0 0 0 0 0 0 0 0 0 0 0 0 0 0 0 0 
0 0 0 0 0 0 0 0 0 0 0 0 0 0 0 0 0 0 0 0 0 0 0 0 0 0 0 0 0 0 0 0 0 0 0 0 0 0 0 0 0 0 0 0 0 0 0 0 0 0 0 0 0 0 0 0 0 0 0 0 0 0 0 0 
0 0 0 0 0 0 0 0 0 0 0 0 0 0 0 0 0 0 0 0 0 0 0 0 0 0 0 0 0 0 0 0 0 0 0 0 0 0 0 0 0 0 0 0 0 0 0 0 0 0 0 0 0 0 0 0 0 0 0 0 0 0 0 0 
0 0 0 0 0 0 0 0 0 0 0 0 0 0 0 0 0 0 0 0 0 0 0 0 0 0 0 0 0 0 0 0 0 0 0 0 0 0 0 0 0 0 0 0 0 0 0 0 0 0 0 0 0 0 0 0 0 0 0 0 0 0 0 0 
0 0 0 0 0 0 0 0 0 0 0 0 0 0 0 0 0 0 0 0 0 0 0 0 0 0 0 0 0 0 0 0 0 0 0 0 0 0 0 0 0 0 0 0 0 0 0 0 0 0 0 0 0 0 0 0 0 0 0 0 0 0 0 0 
0 0 0 0 0 0 0 0 0 0 0 0 0 0 0 0 0 0 0 0 0 0 0 0 0 0 0 0 0 0 0 0 0 0 0 0 0 0 0 0 0 0 0 0 0 0 0 0 0 0 0 0 0 0 0 0 0 0 0 0 0 0 0 0 
0 0 0 0 0 0 0 0 0 0 0 0 0 0 0 0 0 0 0 0 0 0 0 0 0 0 0 0 0 0 0 0 0 0 0 0 0 0 0 0 0 0 0 0 0 0 0 0 0 0 0 0 0 0 0 0 0 0 0 0 0 0 0 0 
0 0 0 0 0 0 0 0 0 0 0 0 0 0 0 0 0 0 0 0 0 0 0 0 0 0 0 0 0 0 0 0 0 0 0 0 0 0 0 0 0 0 0 0 0 0 0 0 0 0 0 0 0 0 0 0 0 0 0 0 0 0 0 0 
0 0 0 0 0 0 0 0 0 0 0 0 0 0 0 0 0 0 0 0 0 0 0 0 0 0 0 0 0 0 0 0 0 0 0 0 0 0 0 0 0 0 0 0 0 0 0 0 0 0 0 0 0 0 0 0 0 0 0 0 0 0 0 0 
0 0 0 0 0 0 0 0 0 0 0 0 0 0 0 0 0 0 0 0 0 0 0 0 0 0 0 0 0 0 0 0 0 0 0 0 0 0 0 0 0 0 0 0 0 0 0 0 0 0 0 0 0 0 0 0 0 0 0 0 0 0 0 0 
0 0 0 0 0 0 0 0 0 0 0 0 0 0 0 0 0 0 0 0 0 0 0 0 0 0 0 0 0 0 0 0 0 0 0 0 0 0 0 0 0 0 0 0 0 0 0 0 0 0 0 0 0 0 0 0 0 0 0 0 0 0 0 0 
0 0 0 0 0 0 0 0 0 0 0 0 0 0 0 0 0 0 0 0 0 0 0 0 0 0 0 0 0 0 0 0 0 0 0 0 0 0 0 0 0 0 0 0 0 0 0 0 0 0 0 0 0 0 0 0 0 0 0 0 0 0 0 0 
0 0 0 0 0 0 0 0 0 0 0 0 0 0 0 0 0 0 0 0 0 0 0 0 0 0 0 0 0 0 0 0 0 0 0 0 0 0 0 0 0 0 0 0 0 0 0 0 0 0 0 0 0 0 0 0 0 0 0 0 0 0 0 0 
0 0 0 0 0 0 0 0 0 0 0 0 0 0 0 0 0 0 0 0 0 0 0 0 0 0 0 0 0 0 0 0 0 0 0 0 0 0 0 0 0 0 0 0 0 0 0 0 0 0 0 0 0 0 0 0 0 0 0 0 0 0 0 0 
0 0 0 0 0 0 0 0 0 0 0 0 0 0 0 0 0 0 0 0 0 0 0 0 0 0 0 0 0 0 0 0 0 0 0 0 0 0 0 0 0 0 0 0 0 0 0 0 0 0 0 0 0 0 0 0 0 0 0 0 0 0 0 0 
0 0 0 0 0 0 0 0 0 0 0 0 0 0 0 0 0 0 0 0 0 0 0 0 0 0 0 0 0 0 0 0 0 0 0 0 0 0 0 0 0 0 0 0 0 0 0 0 0 0 0 0 0 0 0 0 0 0 0 0 0 0 0 0 
0 0 0 0 0 0 0 0 0 0 0 0 0 0 0 0 0 0 0 0 0 0 0 0 0 0 0 0 0 0 0 0 0 0 0 0 0 0 0 0 0 0 0 0 0 0 0 0 0 0 0 0 0 0 0 0 0 0 0 0 0 0 0 0 
0 0 0 0 0 0 0 0 0 0 0 0 0 0 0 0 0 0 0 0 0 0 0 0 0 0 0 0 0 0 0 0 0 0 0 0 0 0 0 0 0 0 0 0 0 0 0 0 0 0 0 0 0 0 0 0 0 0 0 0 0 0 0 0 
0 0 0 0 0 0 0 0 0 0 0 0 0 0 0 0 0 0 0 0 0 0 0 0 0 0 0 0 0 0 0 0 0 0 0 0 0 0 0 0 0 0 0 0 0 0 0 0 0 0 0 0 0 0 0 0 0 0 0 0 0 0 0 0 
