0 0 0 0 0 0 0 0 0 0 0 0 0 0 0 0 0 0 0 0 0 0 0 0 0 0 0 0 0 0 0 0 0 0 0 0 0 0 0 0 0 0 0 0 0 0 0 0 0 0 0 0 0 0 0 0 0 0 0 0 0 0 0 0 0 0 0 0 0 0 0 0 0 0 0 0 0 0 0 0 0 0 0 0 0 0 0 0 0 0 0 0 0 0 0 0 0 0 0 0 0 0 0 0 0 0 0 0 0 0 0 0 0 0 0 0 0 0 0 0 0 0 0 0 0 0 0 0 0 0 0 0 0 0 0 0 0 0 0 0 0 0 0 0 0 0 0 0 0 0 0 0 0 0 0 0 0 0 0 0 
0 0 0 0 0 0 0 0 0 0 0 0 0 0 0 0 0 0 0 0 0 0 0 0 0 0 0 0 0 0 0 0 0 0 0 0 0 0 0 0 0 0 0 0 0 0 0 0 0 0 1 19 112 277 327 184 43 4 1 1 3 3 0 -3 -4 -5 -6 -3 2 2 -3 -4 1 4 2 -2 -5 -5 0 4 4 7 9 5 2 3 3 2 4 5 1 -2 0 1 -2 -4 -3 -1 1 3 3 1 -1 -2 0 3 3 2 4 4 1 2 3 2 2 1 -1 -4 -6 -3 2 2 -2 -4 -2 3 6 5 4 2 -2 -2 37 168 291 238 92 15 1 0 0 0 0 0 0 0 0 0 0 0 0 0 0 0 0 0 0 0 0 0 
0 0 0 0 0 0 0 0 0 0 0 0 0 0 0 0 0 0 0 0 0 0 0 0 0 0 0 0 0 0 0 0 0 0 0 0 0 0 0 0 0 0 0 0 0 0 0 0 0 1 20 116 299 403 295 113 24 8 6 6 3 -1 -2 -3 -4 -4 -5 -5 -3 -3 -3 0 3 2 -3 -7 -6 1 9 11 9 6 2 1 4 5 3 4 6 5 4 4 3 0 -4 -6 -3 2 5 7 8 8 7 6 6 4 1 1 1 -1 0 3 3 1 1 2 1 1 4 7 6 1 -3 -3 0 4 7 8 7 4 3 6 22 105 265 349 248 91 15 1 0 0 0 0 0 0 0 0 0 0 0 0 0 0 0 0 0 0 0 0 
0 0 0 0 0 0 0 0 0 0 0 0 0 0 0 0 0 0 0 0 0 0 0 0 0 0 0 0 0 0 0 0 0 0 0 0 0 0 0 0 0 0 0 0 0 0 0 0 1 20 117 302 406 300 122 31 11 6 5 5 1 -2 -1 2 5 5 3 2 2 1 1 1 -1 -2 -3 -3 0 3 4 4 2 -2 -2 2 3 0 -3 -3 0 3 5 6 4 1 0 2 5 5 3 2 3 3 2 3 2 -3 -4 1 3 1 -1 -3 -3 -1 0 0 1 4 7 6 2 1 3 4 4 4 4 5 7 9 11 10 7 21 104 264 351 252 94 16 1 0 0 0 0 0 0 0 0 0 0 0 0 0 0 0 0 0 0 0 
0 0 0 0 0 0 0 0 0 0 0 0 0 0 0 0 0 0 0 0 0 0 0 0 0 0 0 0 0 0 0 0 0 0 0 0 0 0 0 0 0 0 0 0 0 0 0 1 19 114 299 404 296 115 24 6 2 2 5 4 1 0 1 3 3 2 4 7 8 7 4 0 -2 0 3 4 3 0 -2 -1 -1 -3 -3 -3 -6 -7 -6 -6 -3 2 4 3 1 1 5 7 2 -3 -4 -4 -4 -3 -1 0 -1 -1 3 6 5 2 -2 -3 0 3 2 0 1 1 0 -1 -3 -2 2 4 4 2 0 3 7 8 6 1 -2 0 20 109 271 355 253 94 16 1 0 0 0 0 0 0 0 0 0 0 0 0 0 0 0 0 0 0 
0 0 0 0 0 0 0 0 0 0 0 0 0 0 0 0 0 0 0 0 0 0 0 0 0 0 0 0 0 0 0 0 0 0 0 0 0 0 0 0 0 0 0 0 0 0 1 20 116 299 401 292 111 18 -2 -5 -7 -6 -1 3 4 3 2 1 -2 -2 3 6 3 0 2 3 1 2 5 4 1 1 2 -1 -5 -5 -5 -7 -8 -6 -2 1 2 2 0 -4 -4 0 2 0 -3 -4 -3 -1 0 1 1 -2 -3 1 4 0 -5 -4 -1 1 4 6 5 4 3 1 -1 -2 0 2 1 -1 -5 -9 -7 -2 0 0 -1 -1 2 5 8 25 107 263 347 250 94 16 1 0 0 0 0 0 0 0 0 0 0 0 0 0 0 0 0 0 
0 0 0 0 0 0 0 0 0 0 0 0 0 0 0 0 0 0 0 0 0 0 0 0 0 0 0 0 0 0 0 0 0 0 0 0 0 0 0 0 0 0 0 0 0 1 20 117 302 404 292 110 21 3 -2 -3 -2 -2 -1 0 1 2 0 -3 -2 3 6 2 -6 -8 -2 4 6 5 3 1 0 1 1 -3 -6 -3 1 2 2 2 5 8 5 0 -3 -3 -1 -1 -3 -2 1 1 0 1 3 3 0 -3 -3 -2 -5 -9 -7 -1 3 2 -1 -1 0 0 1 2 0 0 6 8 1 -7 -11 -10 -6 -4 -3 -2 -2 0 2 2 3 4 17 99 261 348 248 91 15 1 0 0 0 0 0 0 0 0 0 0 0 0 0 0 0 0 
0 0 0 0 0 0 0 0 0 0 0 0 0 0 0 0 0 0 0 0 0 0 0 0 0 0 0 0 0 0 0 0 0 0 0 0 0 0 0 0 0 0 0 0 1 20 116 299 402 294 113 23 8 7 5 5 9 12 6 -4 -7 -4 -2 -2 1 5 4 -1 -4 -2 1 4 6 4 1 0 0 -1 -4 -4 1 4 4 5 7 7 6 5 1 -2 1 5 5 3 0 -4 -6 -5 -4 -3 -1 -1 -2 0 2 -1 -7 -7 1 6 5 2 -2 -3 -2 -3 -3 -2 -1 3 6 3 -3 -5 1 8 8 5 3 -1 -4 -2 0 -1 -3 -3 1 22 107 262 346 249 92 15 1 0 0 0 0 0 0 0 0 0 0 0 0 0 0 0 
0 0 0 0 0 0 0 0 0 0 0 0 0 0 0 0 0 0 0 0 0 0 0 0 0 0 0 0 0 0 0 0 0 0 0 0 0 0 0 0 0 0 0 1 20 116 299 402 294 114 26 10 5 1 0 2 7 8 2 -3 -4 -2 3 6 3 -3 -6 -3 3 6 5 2 -2 -4 -3 -1 -1 -5 -9 -6 1 3 2 3 4 5 4 -2 -5 -1 4 6 5 3 -1 -6 -6 -2 0 1 2 0 -2 0 2 0 -3 -2 2 3 1 1 2 1 0 -1 -3 -3 0 2 -1 -6 -5 3 10 11 9 7 2 -2 1 3 1 -1 -3 -3 1 6 22 105 265 349 248 91 15 1 0 0 0 0 0 0 0 0 0 0 0 0 0 0 
0 0 0 0 0 0 0 0 0 0 0 0 0 0 0 0 0 0 0 0 0 0 0 0 0 0 0 0 0 0 0 0 0 0 0 0 0 0 0 0 0 0 1 20 116 299 403 297 116 24 7 3 -2 -3 -1 1 1 -3 -5 -2 2 6 8 6 0 -6 -6 -1 3 3 1 -1 -3 -4 -3 -1 -1 -4 -6 -4 -1 0 0 0 1 2 -1 -4 -1 2 1 1 2 0 -2 0 4 7 8 7 3 -1 -1 0 0 0 0 -1 -3 -3 -2 -2 -2 -2 -1 0 1 4 4 -1 -5 -4 1 4 2 -2 -3 -2 -2 1 5 4 1 1 3 4 3 1 2 20 102 258 344 247 91 15 1 0 0 0 0 0 0 0 0 0 0 0 0 0 
0 0 0 0 0 0 0 0 0 0 0 0 0 0 0 0 0 0 0 0 0 0 0 0 0 0 0 0 0 0 0 0 0 0 0 0 0 0 0 0 0 1 20 116 298 401 297 118 24 4 0 -3 -2 3 7 6 0 -4 -1 4 8 8 2 -3 -3 0 3 3 0 -4 -6 -4 -2 -1 1 0 -2 0 3 3 2 3 2 -1 0 0 -3 0 5 4 0 -2 -2 -2 0 4 6 4 2 0 -4 -3 1 0 -1 2 4 2 -2 -3 -2 -2 -1 -1 -2 -2 -1 1 0 -3 -2 4 7 2 -4 -7 -7 -4 1 4 2 1 4 7 7 4 1 0 0 0 15 99 259 345 247 91 15 1 0 0 0 0 0 0 0 0 0 0 0 0 
0 0 0 0 0 0 0 0 0 0 0 0 0 0 0 0 0 0 0 0 0 0 0 0 0 0 0 0 0 0 0 0 0 0 0 0 0 0 0 0 1 19 114 298 401 292 112 21 2 -1 -2 0 3 5 6 3 -1 0 3 4 2 -3 -7 -6 0 5 3 -1 -2 -3 -3 -1 -1 -1 1 1 1 4 6 4 2 3 4 4 3 0 0 4 4 0 -4 -7 -7 -4 -3 -5 -5 -3 -1 -1 -1 0 -1 -1 1 2 2 3 3 0 -2 0 2 1 -1 -3 -4 -4 -1 4 5 3 1 -1 -4 -5 -1 3 4 3 1 1 3 4 2 -1 0 3 3 0 -2 15 101 259 342 244 90 15 1 0 0 0 0 0 0 0 0 0 0 0 
0 0 0 0 0 0 0 0 0 0 0 0 0 0 0 0 0 0 0 0 0 0 0 0 0 0 0 0 0 0 0 0 0 0 0 0 0 0 0 1 20 116 300 405 297 112 17 0 0 1 2 1 -1 -2 -1 0 1 2 0 -3 -6 -7 -2 4 7 6 2 1 3 4 3 1 2 4 3 5 9 8 5 3 0 -1 3 6 4 2 3 3 -1 -6 -9 -10 -7 -2 -2 -5 -4 0 2 1 -1 -4 -5 -2 -1 -3 -1 5 6 1 -3 -4 -3 0 1 -1 -2 -2 0 2 1 -1 -1 0 -1 2 7 5 1 0 0 1 3 3 1 2 5 3 -1 0 2 2 18 101 256 339 243 90 15 1 0 0 0 0 0 0 0 0 0 0 
0 0 0 0 0 0 0 0 0 0 0 0 0 0 0 0 0 0 0 0 0 0 0 0 0 0 0 0 0 0 0 0 0 0 0 0 0 0 1 20 116 300 405 298 115 21 4 5 6 5 3 0 -3 -5 -5 -1 2 1 0 0 0 2 7 9 3 -3 -1 3 4 4 2 0 2 3 3 7 10 7 3 4 6 5 4 2 -2 -1 2 -2 -6 -4 0 3 3 0 -1 2 4 4 3 -1 -7 -8 -3 -1 -3 -2 2 3 1 -1 -3 -3 0 1 0 2 3 1 -1 -3 -2 1 0 -3 -1 5 6 1 -3 -4 -3 0 3 3 3 4 1 -5 -8 -4 2 3 2 17 100 258 342 244 90 15 1 0 0 0 0 0 0 0 0 0 
0 0 0 0 0 0 0 0 0 0 0 0 0 0 0 0 0 0 0 0 0 0 0 0 0 0 0 0 0 0 0 0 0 0 0 0 0 1 20 117 302 405 295 112 20 5 6 5 5 6 4 2 3 3 1 -1 -2 -1 1 3 6 9 8 3 -2 -4 -3 -2 -1 1 1 1 1 -1 0 2 1 0 1 5 10 9 2 -3 -4 -3 -3 -5 -4 0 4 4 -2 -6 -1 6 6 3 -1 -6 -7 -4 0 3 4 5 5 1 -3 -4 -3 -1 -1 -2 0 4 5 2 -1 -2 -1 -1 -4 -3 5 8 3 -1 -4 -5 -1 2 1 0 1 0 -5 -7 -5 -4 -3 -2 -3 -3 16 104 262 343 244 90 15 1 0 0 0 0 0 0 0 0 
0 0 0 0 0 0 0 0 0 0 0 0 0 0 0 0 0 0 0 0 0 0 0 0 0 0 0 0 0 0 0 0 0 0 0 0 1 20 117 302 406 298 115 20 4 7 4 -2 -2 2 3 2 3 4 2 -2 -2 1 0 -1 3 5 0 -6 -5 0 1 -1 -2 -1 -1 -3 -3 -1 -1 -6 -12 -10 -2 2 1 -1 -3 -3 -1 -3 -7 -4 1 1 -2 -7 -10 -6 2 5 0 -8 -12 -9 -4 -1 0 0 1 3 3 0 -4 -4 0 -1 -5 -4 -1 0 0 0 0 1 1 -2 -1 6 9 5 0 -2 -1 1 4 6 4 2 2 1 1 3 3 1 1 2 1 1 4 22 104 256 336 240 89 15 1 0 0 0 0 0 0 0 
0 0 0 0 0 0 0 0 0 0 0 0 0 0 0 0 0 0 0 0 0 0 0 0 0 0 0 0 0 0 0 0 0 0 0 1 20 117 302 404 293 112 21 3 5 7 1 -6 -7 -5 -3 -1 0 0 -1 -2 -1 0 1 3 3 -1 -7 -8 -3 1 2 1 -1 -2 -2 -4 -5 -1 0 -6 -8 -2 2 0 -3 -5 -5 -2 0 -2 -4 -2 0 -1 -4 -5 -1 4 4 -3 -12 -16 -12 -6 -2 1 -1 -5 -5 -4 -5 -6 -5 -2 1 1 0 -1 -3 -5 -5 -1 3 3 0 -2 1 4 0 -5 -4 0 2 1 1 2 0 -3 -4 -2 2 3 1 1 3 5 7 8 7 4 15 94 249 334 240 89 15 1 0 0 0 0 0 0 
0 0 0 0 0 0 0 0 0 0 0 0 0 0 0 0 0 0 0 0 0 0 0 0 0 0 0 0 0 0 0 0 0 0 1 20 117 302 404 291 105 13 0 3 4 3 0 -2 -1 0 1 3 3 0 -2 -1 -1 -1 4 8 4 -2 -3 1 5 4 -1 -4 -1 3 3 1 1 3 2 1 7 12 8 3 1 -1 -1 0 -1 -3 -4 -4 -4 -5 -5 -1 3 2 -4 -10 -11 -7 -4 -5 -4 -2 -3 -3 -3 -7 -8 -3 0 0 0 1 2 1 0 0 1 3 3 0 -3 -3 -1 0 -1 -3 -2 1 0 -1 1 -1 -6 -8 -6 -3 -4 -6 -3 2 3 2 2 2 2 0 -2 15 100 256 339 243 90 15 1 0 0 0 0 0 
0 0 0 0 0 0 0 0 0 0 0 0 0 0 0 0 0 0 0 0 0 0 0 0 0 0 0 0 0 0 0 0 0 1 20 117 301 402 292 112 21 3 3 3 0 -2 0 4 6 4 2 1 -2 -4 -2 2 4 5 5 2 -1 -2 0 3 4 3 1 2 5 4 3 6 7 4 3 8 12 9 4 1 0 1 1 -2 -11 -31 -49 -46 -28 -14 -7 -3 -5 -11 -14 -12 -8 -5 -4 -2 0 -2 -3 -3 -6 -7 -4 -1 1 3 4 3 0 -1 2 4 4 2 -2 -3 0 2 1 1 3 3 0 -2 1 4 1 -3 -3 1 5 3 -1 0 3 2 -1 -1 -1 -2 -2 -3 -2 4 24 106 258 337 240 89 15 1 0 0 0 0 
0 0 0 0 0 0 0 0 0 0 0 0 0 0 0 0 0 0 0 0 0 0 0 0 0 0 0 0 0 0 0 0 1 20 117 302 404 292 111 25 12 10 5 1 -1 -2 1 5 3 -3 -7 -8 -7 -3 2 4 4 3 0 -2 -1 0 1 2 0 -2 1 5 3 -2 -2 1 1 1 5 9 6 -1 -3 -2 -1 1 1 -11 -65 -164 -240 -225 -134 -48 -13 -9 -13 -17 -16 -12 -9 -9 -9 -5 -2 -3 -4 -6 -8 -4 0 -1 1 6 7 4 1 1 2 2 1 -3 -6 -3 3 6 4 -1 -5 -5 -3 0 3 3 2 4 7 7 4 1 1 4 5 2 0 0 1 2 0 -2 1 6 8 21 99 251 332 237 88 15 1 0 0 0 
0 0 0 0 0 0 0 0 0 0 0 0 0 0 0 0 0 0 0 0 0 0 0 0 0 0 0 0 0 0 0 1 20 116 300 404 296 115 23 6 6 4 1 0 -1 -2 -1 -2 -7 -9 -7 -5 -2 1 2 1 0 -1 -3 -3 -1 0 1 2 0 -3 -4 -5 -6 -4 -3 -5 -4 0 3 3 -1 -5 -3 1 1 0 -8 -61 -177 -289 -337 -330 -264 -149 -56 -21 -15 -13 -12 -12 -12 -11 -8 -6 -7 -7 -6 -6 -4 -2 -2 0 3 2 -2 -3 -1 -2 -4 -2 -2 -6 -6 -1 3 3 0 -5 -9 -6 2 4 -2 -3 5 10 8 3 -1 0 3 4 3 2 3 3 2 3 6 10 11 8 5 3 18 101 253 333 239 89 15 1 0 0 
0 0 0 0 0 0 0 0 0 0 0 0 0 0 0 0 0 0 0 0 0 0 0 0 0 0 0 0 0 0 1 19 114 298 402 294 114 25 7 2 0 0 1 2 1 0 -2 -7 -10 -7 -2 0 1 2 1 0 0 -1 -2 -1 0 1 2 1 0 0 0 0 1 3 4 3 2 2 0 -3 -4 -3 -1 0 0 -5 -48 -155 -245 -228 -171 -185 -249 -243 -142 -49 -15 -8 -6 -8 -10 -7 -3 -4 -7 -8 -8 -6 -2 -1 -1 1 -1 -7 -9 -6 -5 -7 -7 -6 -7 -6 -2 0 -1 -3 -5 -5 0 7 9 4 -1 0 2 0 -3 -3 -2 -1 3 6 5 3 1 1 4 8 11 11 8 5 4 3 3 20 101 252 332 237 88 15 1 0 
0 0 0 0 0 0 0 0 0 0 0 0 0 0 0 0 0 0 0 0 0 0 0 0 0 0 0 0 0 1 19 113 295 400 295 114 22 6 5 1 -2 -1 1 2 1 -1 -4 -6 -3 2 3 1 1 2 1 0 -1 -3 -2 1 2 3 3 1 0 1 3 4 5 6 6 6 5 2 -1 -1 1 3 2 0 0 -11 -58 -126 -138 -81 -33 -41 -101 -158 -143 -78 -30 -11 -6 -6 -4 -3 -7 -10 -9 -9 -9 -5 -1 -1 -2 -3 -7 -9 -5 -2 -4 -5 -3 -4 -5 -1 3 3 0 -2 -2 0 6 9 5 3 8 11 4 -4 -4 -2 -3 -2 2 4 4 3 1 2 7 10 6 -1 -3 -1 -1 -2 -2 -1 16 97 248 329 236 88 15 2 
0 0 0 0 0 0 0 0 0 0 0 0 0 0 0 0 0 0 0 0 0 0 0 0 0 0 0 0 1 19 113 296 400 292 111 20 4 4 4 3 1 1 2 1 -1 -3 -3 0 4 7 8 6 1 -2 -1 -1 -3 -2 1 1 1 3 3 0 -2 -2 -3 -2 2 4 4 5 6 4 3 5 5 3 1 -7 -38 -79 -70 6 67 53 16 18 54 50 -34 -113 -110 -59 -24 -11 -3 -2 -6 -7 -7 -9 -8 -4 -3 -7 -11 -11 -8 -4 -1 -1 -3 -3 -2 -2 1 5 5 2 -1 -1 1 3 3 0 -3 -1 6 8 2 -1 2 3 2 3 2 0 1 1 2 4 1 -4 -7 -7 -4 -2 -3 -3 -2 0 6 23 100 250 330 235 86 26 
0 0 0 0 0 0 0 0 0 0 0 0 0 0 0 0 0 0 0 0 0 0 0 0 0 0 0 1 19 114 299 405 298 115 21 4 3 0 -2 -1 1 3 2 -2 -3 0 3 5 7 7 5 2 -1 -1 -1 -3 -2 2 2 -1 -1 -2 -5 -5 -4 -3 0 3 2 0 2 5 6 6 5 2 0 0 -5 -49 -161 -263 -217 -27 128 128 58 58 120 107 -41 -209 -248 -159 -60 -14 -3 -3 -5 -8 -11 -11 -8 -5 -6 -8 -8 -8 -4 1 0 -4 -4 0 1 2 5 5 3 1 1 3 5 6 3 -4 -8 -5 -2 -3 -2 2 3 2 2 0 -3 -3 -1 1 2 -1 -6 -8 -7 -4 -1 0 1 3 4 5 7 8 22 99 244 321 231 146 
0 0 0 0 0 0 0 0 0 0 0 0 0 0 0 0 0 0 0 0 0 0 0 0 0 0 1 20 116 299 403 297 117 26 9 6 1 -3 -4 -3 -1 -1 -3 -5 -6 -4 -2 -1 2 2 -3 -5 0 5 4 3 6 6 2 0 -1 -6 -10 -6 -2 0 6 9 6 4 4 4 2 -1 -2 -3 -4 -5 -16 -66 -165 -256 -265 -170 -40 22 15 5 -6 -63 -151 -201 -191 -140 -73 -28 -14 -12 -12 -12 -10 -5 -1 -2 -6 -6 -3 -1 2 2 -3 -6 -3 0 1 5 6 2 0 0 0 1 3 3 0 -3 -2 1 0 -2 -1 -1 -2 -1 -1 -3 -2 0 0 2 2 -1 -1 1 2 1 0 0 1 3 3 0 -2 0 2 14 90 241 328 328 
0 0 0 0 0 0 0 0 0 0 0 0 0 0 0 0 0 0 0 0 0 0 0 0 0 1 19 114 298 402 294 112 20 4 4 2 -1 -1 -1 -2 -2 -4 -5 -2 0 -1 -2 -1 -1 -3 -3 2 7 6 5 7 6 2 1 2 1 1 3 4 5 6 4 2 4 6 5 2 -2 -4 -3 -3 -11 -38 -72 -62 -1 18 -70 -181 -204 -136 -58 -62 -141 -193 -147 -28 41 -14 -101 -114 -66 -25 -11 -6 -4 -4 -5 -7 -7 -6 -5 -2 -2 -6 -8 -6 -2 -1 -2 -1 0 0 -1 -4 -6 -4 -2 -3 -4 -1 4 3 -2 -5 -7 -7 -4 -1 0 1 3 4 5 6 5 4 3 2 3 3 0 -2 -1 1 1 -2 -4 -4 -5 -4 17 101 252 338 
0 0 0 0 0 0 0 0 0 0 0 0 0 0 0 0 0 0 0 0 0 0 0 0 1 19 113 295 398 293 116 24 5 3 1 0 0 -1 -3 -3 -3 -7 -9 -4 3 5 3 2 1 0 2 6 5 -2 -6 -6 -7 -6 -2 0 1 5 8 7 8 8 2 -2 -1 0 -1 -3 -3 -2 -4 -10 -46 -146 -240 -190 -1 142 101 -49 -139 -109 -42 -34 -88 -113 -33 89 111 -20 -192 -246 -165 -63 -16 -8 -7 -6 -7 -8 -7 -6 -6 -6 -9 -12 -10 -7 -5 -4 -6 -9 -8 -4 -2 -2 0 1 -3 -5 -1 3 3 0 -4 -8 -9 -4 0 -2 -3 1 5 5 4 4 3 0 -2 -2 -2 -2 -3 -2 2 4 3 1 0 0 0 2 7 23 93 150 
0 0 0 0 0 0 0 0 0 0 0 0 0 0 0 0 0 0 0 0 0 0 0 1 19 113 296 400 294 117 26 6 3 1 0 0 0 -1 -2 -2 -5 -8 -5 0 2 1 0 0 0 -1 -2 -2 -4 -8 -11 -11 -8 -4 -1 1 3 4 3 2 3 3 2 2 1 0 -1 -2 -1 -1 -5 -16 -65 -170 -265 -267 -158 -17 39 7 -25 -21 -7 -4 -13 -17 -4 -1 -47 -131 -186 -183 -142 -80 -31 -11 -3 1 3 1 -5 -7 -5 -5 -7 -8 -8 -7 -5 -5 -7 -7 -4 -1 0 2 4 0 -6 -6 -2 -1 -3 -3 -3 -5 -3 2 2 -1 0 2 1 -1 -4 -7 -8 -7 -4 -2 -3 -3 0 4 6 3 -1 0 4 7 8 7 4 1 10 20 
0 0 0 0 0 0 0 0 0 0 0 0 0 0 0 0 0 0 0 0 0 0 1 20 116 300 405 298 117 25 6 3 -1 -5 -4 0 2 1 0 -1 -1 4 9 8 3 -1 -1 0 -1 -3 -5 -6 -5 -3 -2 -2 0 2 2 3 3 1 0 0 0 1 3 3 0 -2 -1 0 0 -4 -23 -52 -55 -19 -16 -103 -198 -202 -126 -45 -9 -3 -2 -4 -6 -10 -48 -130 -189 -153 -34 50 8 -85 -110 -64 -18 -1 1 -2 -5 -7 -8 -9 -9 -6 -2 2 2 -1 0 3 3 -1 -4 -2 -2 -6 -6 -2 0 -1 -4 -6 -4 1 6 5 -1 -2 1 0 -3 -5 -7 -8 -7 -4 -2 -2 0 4 7 6 0 -7 -7 1 6 5 4 3 0 -1 2 4 
0 0 0 0 0 0 0 0 0 0 0 0 0 0 0 0 0 0 0 0 0 1 19 114 299 405 298 116 22 1 -3 -3 -1 0 -1 -2 -2 -2 0 3 6 8 4 -1 0 3 4 3 0 -1 0 -1 0 4 6 4 1 0 1 2 0 -3 -3 -2 -2 -1 -1 -3 -3 -2 -3 -4 -7 -41 -136 -227 -181 2 135 83 -71 -157 -118 -41 -6 -3 -4 -4 -4 -6 -28 -84 -116 -46 80 120 5 -173 -250 -180 -72 -18 -9 -9 -6 -5 -8 -11 -10 -5 1 5 4 2 3 2 -3 -7 -7 -6 -7 -6 -1 2 2 2 -1 -5 -2 5 5 -2 -5 -2 0 1 2 1 1 3 4 3 0 -2 1 5 5 1 -6 -9 -3 3 1 -2 -1 0 1 4 6 6 
0 0 0 0 0 0 0 0 0 0 0 0 0 0 0 0 0 0 0 0 1 19 113 296 401 294 112 19 1 -1 -3 -3 0 3 3 0 -3 -3 0 3 3 -1 -7 -8 -1 5 5 3 1 1 2 1 0 1 3 2 -2 -3 -1 -1 -2 -1 0 0 0 -1 -3 -3 0 1 -1 -2 -12 -70 -189 -290 -278 -144 6 50 5 -32 -28 -12 -4 -3 -4 -2 0 -1 -4 -12 -18 -9 -4 -45 -129 -190 -190 -145 -83 -40 -22 -11 -4 -1 -1 -3 -3 -1 0 -1 -1 2 2 -4 -9 -7 -3 -3 -4 -2 1 0 -3 -3 -2 -2 0 1 -4 -8 -4 2 4 4 3 3 5 5 3 0 -3 -2 2 2 -2 -4 -3 2 7 5 2 2 2 3 5 6 5 4 
0 0 0 0 0 0 0 0 0 0 0 0 0 0 0 0 0 0 0 1 19 114 299 404 295 112 19 1 -1 -2 0 2 2 3 4 3 1 0 0 -1 -3 -5 -5 -2 1 2 1 0 1 1 -1 -2 -4 -6 -5 -3 0 1 -2 -4 -4 -3 -1 1 1 -1 -1 0 -1 -3 -6 -20 -45 -53 -37 -50 -128 -202 -193 -117 -41 -9 -6 -6 -6 -5 -3 -1 0 -1 -3 -3 -6 -42 -123 -189 -167 -55 42 15 -82 -120 -79 -27 -5 -3 -3 -1 -1 -2 -2 -4 -6 -5 -6 -8 -5 -1 0 -1 -2 -1 0 -1 -3 -4 -3 0 2 0 -3 -2 2 3 1 -1 -2 0 2 1 0 1 4 6 2 -4 -6 -5 0 6 6 3 4 5 3 3 3 0 -1 0 
0 0 0 0 0 0 0 0 0 0 0 0 0 0 0 0 0 0 1 19 113 296 402 296 114 21 2 1 2 1 0 0 1 2 0 -3 -3 0 2 0 -2 -1 2 4 1 -3 -3 -1 -2 -6 -7 -4 0 2 2 4 6 3 -2 -3 -2 -3 -3 -1 0 0 0 -1 -3 -7 -41 -134 -217 -162 19 138 73 -84 -167 -123 -44 -11 -7 -5 -5 -5 -3 -2 -2 -3 -4 -3 -4 -24 -78 -120 -68 58 116 12 -167 -252 -190 -80 -20 -9 -9 -5 -2 -4 -8 -10 -9 -9 -11 -10 -5 -2 -3 -4 -2 2 3 0 -2 -2 -1 2 2 -1 0 3 4 3 1 -2 -5 -4 -1 -1 -2 1 6 5 -1 -2 1 2 4 4 0 0 1 -1 -1 0 -1 -3 -2 0 
0 0 0 0 0 0 0 0 0 0 0 0 0 0 0 0 0 1 20 116 299 402 294 112 18 -2 -2 2 5 5 2 1 2 0 -4 -5 -1 3 3 1 -1 -1 1 0 -3 -3 0 2 0 -2 -1 2 6 7 6 5 1 -1 1 1 1 3 4 3 2 2 1 0 0 -10 -72 -200 -305 -282 -127 33 67 7 -36 -30 -12 -5 -4 -3 -2 -3 -5 -5 -3 -3 -3 -2 -3 -5 -12 -21 -15 -4 -36 -120 -189 -197 -157 -94 -42 -17 -7 -4 -4 -6 -9 -8 -6 -7 -7 -5 -5 -7 -8 -7 -4 -1 0 0 0 1 3 3 1 1 4 5 2 1 1 -2 -4 -4 -4 -3 -1 -1 -3 -4 -3 -1 1 4 6 3 -1 -1 -2 -5 -4 -2 -3 -4 -5 -6 
0 0 0 0 0 0 0 0 0 0 0 0 0 0 0 0 1 19 114 298 402 294 111 16 -4 -5 -1 2 0 -3 -4 -3 -2 -3 -4 -3 0 1 -2 -3 -1 2 4 2 -1 -2 -1 0 1 3 5 6 4 1 0 -2 -5 -3 1 1 1 2 0 -3 -5 -6 -6 -8 -19 -40 -53 -55 -86 -161 -213 -184 -104 -36 -8 -5 -6 -5 -3 -1 0 -1 -3 -4 -3 -1 -1 -2 -1 0 -1 -4 -30 -104 -177 -167 -68 27 13 -77 -119 -80 -28 -9 -8 -7 -4 -2 -4 -7 -7 -5 -4 -4 -4 -5 -8 -9 -5 0 2 1 -1 -2 0 3 4 3 0 -3 -4 -3 -1 -2 -6 -6 -1 2 2 2 0 -2 -1 -1 -5 -7 -3 -2 -5 -4 -1 0 0 -1 -4 -6 
0 0 0 0 0 0 0 0 0 0 0 0 0 0 0 1 20 116 298 398 289 109 16 -2 1 6 6 1 -4 -5 -2 -1 -4 -7 -7 -5 -4 -5 -6 -4 2 9 10 6 3 1 -1 -3 -3 -1 1 1 -1 -1 0 0 0 1 4 6 3 -3 -7 -8 -8 -7 -9 -40 -124 -198 -142 27 124 45 -108 -180 -128 -45 -10 -4 -2 -2 -1 0 1 3 3 0 -2 -2 -3 -4 -3 -2 -3 -4 -17 -67 -116 -76 47 122 39 -143 -253 -210 -98 -25 -3 0 -1 -4 -7 -7 -5 -5 -6 -5 -4 -4 -4 -4 -4 -4 -4 -4 -3 -1 -1 -3 -4 -4 -4 -5 -5 -2 0 0 0 -1 -1 3 5 2 1 3 2 -4 -10 -8 -2 -2 -3 0 2 2 4 6 5 4 
0 0 0 0 0 0 0 0 0 0 0 0 0 0 1 19 114 299 403 293 111 19 2 4 8 9 4 -2 -3 0 2 0 -3 -4 -4 -3 -2 -2 -1 1 4 5 1 -2 1 5 3 -1 0 3 3 0 -2 -1 0 2 5 5 4 3 0 -1 2 3 2 1 -10 -71 -201 -308 -273 -99 63 81 6 -43 -37 -17 -7 -2 3 9 9 2 -1 2 4 4 3 1 1 1 -2 -3 -1 -1 -4 -12 -22 -18 -1 -17 -96 -179 -203 -168 -97 -35 -8 -1 -3 -6 -6 -6 -5 -6 -9 -8 -5 -2 3 4 -1 -4 -5 -5 -1 2 0 -4 -7 -7 -4 -1 1 2 2 4 6 5 4 2 -4 -8 -4 1 1 0 2 5 3 -2 -4 -4 -3 0 3 5 5 4 
0 0 0 0 0 0 0 0 0 0 0 0 0 1 19 113 295 398 291 113 24 6 4 4 3 1 0 0 0 -1 -4 -6 -4 -1 1 3 3 2 3 4 2 -3 -5 -2 0 -1 -2 -1 0 1 2 1 0 0 1 4 7 5 -2 -7 -5 2 6 6 3 -12 -35 -50 -64 -108 -178 -204 -151 -73 -23 -6 -4 -3 -1 4 28 58 48 13 -2 -2 -2 -1 0 1 2 0 -3 -3 -1 0 0 -1 -4 -25 -91 -169 -177 -89 17 26 -56 -111 -86 -35 -10 -4 -2 -4 -7 -7 -6 -6 -5 -3 -2 -3 -4 -5 -8 -9 -6 -4 -4 -4 -5 -5 -2 1 3 3 1 0 0 0 -2 -7 -9 -4 2 3 2 4 8 8 3 -1 -3 -5 -6 -3 1 1 -1 -2 
0 0 0 0 0 0 0 0 0 0 0 0 1 20 116 298 398 288 108 19 4 5 6 3 -3 -6 -4 -1 0 -2 -4 -1 3 4 4 3 1 1 3 3 0 -2 0 1 -4 -8 -5 -3 -5 -5 -4 -4 -4 -3 0 3 3 0 -2 -1 0 -1 -2 -5 -35 -113 -178 -123 34 121 34 -123 -187 -127 -44 -9 -1 3 8 36 95 126 83 24 3 0 -4 -7 -7 -5 -4 -4 -3 -2 -3 -3 -1 1 3 -7 -56 -115 -92 25 116 58 -120 -251 -225 -110 -29 -6 -4 -5 -6 -3 0 -2 -5 -8 -12 -14 -13 -12 -11 -9 -7 -6 -6 -4 -2 -2 -2 -2 -2 -3 -4 -4 -3 -2 -4 -4 2 7 6 1 -2 1 5 4 0 -3 -4 -4 -4 -4 -3 -1 2 4 
0 0 0 0 0 0 0 0 0 0 0 1 19 113 296 400 290 106 15 0 0 1 2 1 0 -1 -4 -6 -6 -6 -2 4 4 1 0 -2 -5 -4 -1 0 -1 -2 -2 -4 -6 -3 1 1 -1 -3 -4 -4 -4 -4 -5 -6 -4 0 2 2 2 1 -1 -14 -79 -208 -308 -266 -87 78 90 -2 -60 -45 -13 -1 0 4 31 93 141 118 55 13 0 -3 -4 -4 -4 -4 -3 -1 0 0 0 0 0 0 0 -2 -11 -21 -15 4 -6 -81 -175 -215 -188 -117 -48 -16 -9 -7 -4 -2 -3 -5 -8 -11 -12 -11 -9 -7 -4 -3 -5 -6 -6 -5 -2 1 0 -3 -4 -4 -4 -4 -4 -4 -2 4 9 6 -2 -7 -6 -1 1 -3 -6 -5 -4 -3 -2 -4 -5 -1 4 6 
0 0 0 0 0 0 0 0 0 0 1 19 113 293 392 284 107 18 2 2 1 -1 -3 -3 -1 -1 -3 -4 -4 -2 2 2 -2 -3 -1 -1 -2 -2 -2 -2 -4 -7 -8 -7 -2 4 5 4 3 2 3 4 4 2 -2 -3 1 4 1 -1 3 4 -9 -32 -55 -84 -137 -198 -202 -137 -64 -22 -9 -7 -5 -4 0 27 87 134 116 59 18 2 -3 -3 -1 0 0 -1 -2 -1 0 0 0 0 0 -1 -4 -7 -7 -5 -18 -75 -154 -179 -111 -6 20 -49 -104 -87 -39 -9 -2 -4 -6 -7 -9 -9 -7 -5 -3 -2 -2 -1 -2 -5 -6 -6 -3 1 1 -1 -2 -1 -1 -3 -5 -6 -3 2 3 0 -3 -4 -4 -5 -8 -10 -7 -2 1 2 1 0 0 -1 -2 -2 
0 0 0 0 0 0 0 0 0 1 19 113 295 397 287 105 17 5 4 1 0 -2 -4 -3 -4 -6 -4 -1 1 3 2 -2 -3 0 2 2 4 6 3 -3 -7 -6 -2 1 3 2 -2 -3 1 5 5 4 3 2 4 8 9 4 -1 1 3 -23 -98 -162 -107 43 113 14 -142 -201 -136 -45 -5 -1 -4 -3 22 83 135 118 59 21 9 4 1 1 2 1 0 -1 -3 -3 -1 0 0 0 0 0 0 -1 -3 -5 -14 -54 -112 -104 5 111 77 -90 -234 -230 -120 -32 -6 -4 -4 -5 -6 -5 -4 -4 -4 -4 -3 -1 -1 -2 -3 -4 -2 -1 -3 -4 -3 0 2 0 -2 1 5 3 -4 -8 -4 2 2 -4 -9 -7 -2 1 3 3 3 6 5 -1 -4 -4 
0 0 0 0 0 0 0 0 1 19 112 292 394 288 110 20 4 4 2 -1 -1 -1 -2 -1 -1 -2 -1 0 0 -1 -3 -2 2 3 1 1 3 3 0 -3 -3 0 3 5 4 -1 -4 -3 0 2 1 -1 -3 0 8 9 1 -4 -2 -1 -13 -77 -208 -308 -254 -59 105 98 -13 -76 -54 -16 -4 -4 -3 11 64 126 121 62 18 6 6 4 1 -1 -2 -1 0 0 -1 -2 -1 0 -1 -4 -6 -5 -2 1 0 -3 -6 -15 -26 -20 6 9 -61 -168 -225 -202 -125 -49 -12 -2 -2 -6 -7 -4 -2 -2 -1 1 1 -3 -5 -4 -5 -3 1 0 -3 -3 0 3 1 -5 -5 1 3 -2 -8 -8 -2 4 4 0 -3 -3 -1 1 2 1 1 3 2 -2 -4 -4 
0 0 0 0 0 0 0 1 19 111 288 389 286 110 20 5 6 4 2 3 3 1 -1 -3 -3 -1 1 3 4 1 -4 -3 2 2 -2 -4 -4 -4 -3 -1 1 1 -2 -2 -1 -5 -7 -4 -1 1 2 1 2 6 6 -1 -7 -5 -3 -12 -33 -66 -111 -167 -214 -196 -114 -43 -16 -13 -11 -7 -6 -5 -2 15 59 87 58 18 4 3 4 2 0 -1 -2 -1 0 0 0 0 0 0 -1 -4 -7 -7 -5 -3 0 2 1 -2 -7 -20 -68 -144 -179 -130 -33 7 -47 -98 -83 -39 -12 -4 -1 -2 -5 -4 -1 -1 -3 -3 -2 -4 -4 0 0 -3 -4 -3 -1 -2 -6 -6 -1 1 -3 -7 -6 -1 2 0 -2 -2 -2 0 2 0 -2 0 1 -2 -3 -1 1 2 
0 0 0 0 0 0 1 19 112 291 392 287 110 19 2 4 5 1 -1 1 1 -1 -4 -6 -3 2 4 4 3 1 0 -1 -3 -5 -7 -7 -6 -6 -5 -3 0 1 0 1 0 -3 -4 -4 -4 -3 0 4 7 5 -3 -8 -5 -4 -25 -86 -141 -91 43 96 -10 -162 -213 -141 -47 -8 -5 -6 -4 -1 1 7 18 21 10 -4 -11 -6 3 4 1 0 0 0 -1 -2 -1 0 0 0 0 1 1 -1 -2 -3 -3 -1 0 -1 -4 -14 -53 -115 -121 -21 97 87 -69 -222 -232 -129 -39 -6 0 -3 -6 -6 -8 -10 -7 -2 -2 -4 -1 0 -5 -8 -7 -5 -5 -6 -3 2 3 0 -4 -5 -1 3 0 -6 -5 -1 2 5 4 1 1 3 2 -2 -3 -1 1 2 
0 0 0 0 0 1 19 112 292 395 292 115 20 0 2 3 0 -2 -1 -2 -5 -5 -3 -1 1 2 1 0 -1 -1 1 -1 -5 -4 -1 0 -1 -3 -4 -1 5 7 6 4 1 3 5 0 -6 -7 -3 2 3 -1 -6 -6 -4 -14 -73 -201 -301 -238 -36 117 93 -29 -94 -63 -14 2 0 -3 -3 -1 -1 -4 -6 -8 -23 -63 -91 -61 -14 1 -2 -3 -1 0 -1 -2 -1 -1 -3 -3 0 3 3 1 0 -1 -3 -3 -2 -3 -3 -3 -11 -26 -28 0 20 -35 -146 -222 -215 -141 -59 -17 -6 -2 1 -1 -5 -4 -2 -5 -10 -10 -6 -5 -6 -6 -6 -4 -2 -2 0 2 0 -2 -1 1 4 5 1 0 3 4 7 10 8 5 4 3 1 -2 -5 -5 -4 -4 
0 0 0 0 1 19 112 291 392 288 113 22 3 3 4 2 0 1 0 -3 -5 -4 1 3 -1 -6 -7 -4 0 3 3 1 -1 -2 0 2 1 0 1 3 3 2 0 -5 -6 -2 0 0 1 3 2 -1 -2 -4 -5 -3 -7 -23 -61 -125 -195 -233 -190 -91 -25 -11 -11 -6 0 2 1 0 1 2 0 -6 -19 -45 -91 -135 -121 -59 -17 -6 -5 -5 -3 -3 -3 -1 0 -1 -3 0 17 36 33 15 3 0 0 0 -1 -2 -1 0 0 -1 -10 -52 -126 -172 -140 -52 -6 -46 -90 -80 -41 -10 1 1 1 2 -2 -10 -12 -6 -2 -3 -4 -4 -3 0 3 2 -2 -4 -4 -3 0 4 6 4 3 5 4 3 7 9 5 1 0 0 -1 -5 -8 -3 3 4 
0 0 0 1 19 111 289 391 286 109 20 3 3 3 1 1 2 0 -3 -3 -1 1 1 -2 -5 -5 -2 1 4 7 8 7 2 -4 -5 -3 -1 0 1 1 -2 -4 -5 -7 -8 -6 -2 1 4 5 1 -3 -4 -4 -5 -23 -77 -124 -80 36 75 -36 -178 -213 -137 -45 -7 -6 -6 0 17 48 71 73 68 53 1 -75 -120 -96 -33 -14 -30 -21 -5 -3 -4 -4 -2 1 1 1 3 16 61 113 118 75 25 0 -3 -1 0 0 0 0 1 2 -4 -39 -104 -125 -41 79 92 -45 -203 -233 -140 -44 -8 -4 -5 -7 -9 -10 -6 0 0 -3 -4 -2 3 4 -2 -7 -8 -9 -11 -10 -4 2 2 -2 -3 -2 -1 2 2 -3 -6 -4 -2 -2 -2 -1 3 7 6 4 
0 0 1 19 112 290 389 283 108 20 3 4 5 2 0 -1 -4 -7 -6 -1 3 2 -2 -4 -2 3 6 4 0 -2 -1 -1 -2 -2 -3 -3 -1 1 2 1 -1 -3 -3 -2 -2 0 2 1 -1 -4 -6 -6 -6 -4 -10 -69 -199 -297 -230 -24 127 91 -42 -108 -73 -21 -4 -6 -5 17 76 150 193 201 199 183 125 54 42 67 28 -61 -80 -33 -3 1 -1 -1 0 0 0 4 14 27 51 76 93 98 61 12 -4 -3 0 2 1 0 0 0 -1 -8 -22 -25 2 28 -17 -133 -230 -237 -160 -70 -25 -13 -11 -14 -13 -6 -3 -7 -10 -8 -5 -3 -1 -3 -9 -11 -8 -5 -4 -3 0 1 -3 -5 -2 0 0 -1 -5 -8 -4 0 -2 -3 0 4 6 3 -2 -4 
0 1 19 112 291 391 285 110 22 4 2 2 1 0 -2 -7 -10 -8 -5 -3 -1 -1 -2 -1 1 3 3 0 -4 -7 -7 -5 -3 -3 -5 -4 -1 1 3 3 1 -1 -3 -3 1 3 -1 -3 -2 -4 -7 -7 -6 -8 -19 -61 -141 -221 -246 -179 -67 -5 -5 -15 -11 -5 -3 1 20 74 140 168 166 167 172 172 159 143 137 91 -25 -105 -76 -20 0 2 1 0 -1 -2 2 25 67 75 27 -7 17 55 52 21 3 -2 -3 0 2 1 -1 -2 -1 -2 -6 -12 -44 -110 -162 -151 -78 -23 -47 -91 -86 -46 -17 -8 -4 -2 -6 -12 -12 -8 -6 -7 -8 -8 -7 -4 -1 2 5 3 -3 -7 -7 -3 2 3 0 -5 -8 -5 -2 -4 -6 -5 -2 1 -1 -5 -4 -2 
2 19 111 288 388 285 113 26 7 2 0 -1 -2 -1 -1 -2 -2 -2 -2 -3 -3 -1 0 1 3 3 0 -3 -3 -3 -5 -3 0 -1 -1 0 0 -1 -3 -3 -1 -2 -5 -3 2 2 -1 -1 -1 -3 -4 -4 -15 -58 -105 -76 21 49 -58 -188 -212 -130 -41 -8 -6 -4 1 20 74 136 139 87 47 40 45 51 54 43 -1 -69 -103 -74 -27 -4 0 0 0 0 0 1 8 42 101 122 68 -1 -34 -45 -32 -6 3 0 -2 -1 0 0 -1 -2 -1 -1 -3 -7 -36 -101 -133 -62 60 95 -22 -184 -232 -149 -50 -6 1 -3 -7 -7 -6 -7 -7 -4 -3 -5 -4 0 4 6 4 -1 -6 -7 -4 -2 -3 -4 -3 -2 -2 0 0 -4 -5 -4 -3 -1 0 0 0 0 
38 111 285 384 280 108 22 2 -2 -1 0 0 0 0 1 3 3 1 -1 -2 0 3 4 5 6 3 -2 -4 -3 -2 -4 -5 -1 3 4 3 0 -5 -11 -13 -10 -5 1 5 5 2 2 5 4 1 0 -7 -59 -182 -283 -220 -14 134 89 -56 -127 -85 -24 -2 0 3 22 74 134 138 82 29 10 8 8 7 -7 -57 -126 -139 -74 -7 11 4 0 0 0 0 3 20 47 56 55 64 55 -1 -83 -119 -79 -24 -2 0 0 0 1 2 2 5 9 8 5 3 -3 -20 -31 -6 29 1 -107 -216 -244 -179 -80 -22 -9 -5 2 6 4 0 -3 -4 -4 -3 0 3 4 2 -2 -4 -3 -1 0 -2 -6 -7 -4 1 5 4 1 1 3 3 0 -2 0 3 4 4 
216 302 386 283 110 21 0 -5 -4 -1 0 1 2 0 -3 -4 -2 1 1 0 1 3 3 1 -1 -4 -5 -2 -1 -1 1 1 1 2 1 0 -1 -4 -8 -11 -9 0 7 5 0 -3 -3 0 3 1 -5 -17 -65 -158 -243 -255 -165 -40 13 -3 -20 -16 -7 -3 -1 4 34 86 93 40 -6 -17 -13 -8 -6 -17 -63 -131 -147 -70 42 107 97 46 8 -2 -1 0 12 59 115 100 22 -18 -9 -20 -57 -66 -36 -10 -3 -1 0 0 0 1 10 43 82 76 35 8 1 0 -4 -32 -90 -143 -149 -95 -44 -59 -93 -86 -46 -9 5 5 4 3 -1 -7 -10 -8 -5 -4 -5 -5 -2 1 2 1 -1 -3 -4 -2 2 5 5 0 -4 -1 2 0 -4 -6 -4 -1 2 4 
466 429 289 113 22 1 -2 -1 0 0 0 0 -1 -4 -7 -7 -3 3 7 6 1 -2 -2 -3 -5 -6 -4 -2 -3 -3 0 2 1 0 0 -1 -2 -1 0 1 3 2 -1 -1 -1 -3 -5 -6 -6 -15 -50 -91 -72 6 25 -75 -189 -205 -129 -43 -6 -3 -4 -4 -4 -4 -12 -50 -115 -165 -178 -170 -159 -147 -134 -136 -159 -155 -89 5 80 123 137 100 35 2 1 9 24 54 86 81 22 -51 -92 -90 -52 -15 -3 -3 -3 0 2 0 -3 5 46 120 178 167 98 34 7 2 0 -24 -85 -129 -81 34 88 -8 -171 -234 -157 -54 -12 -7 -5 -4 -4 -4 -5 -5 -3 -2 -2 -1 3 6 4 0 -4 -6 -5 -2 2 3 -1 -6 -6 -2 -1 -4 -7 -7 -3 2 5 6 
384 283 109 18 -3 -6 -3 1 0 -2 -1 -1 -2 -1 0 0 0 1 2 1 -1 -3 -3 -2 -3 -3 -2 -3 -3 -1 0 -1 -2 0 1 -3 -6 -4 1 6 5 -3 -8 -4 1 1 -1 -4 -12 -55 -166 -268 -213 -11 135 88 -60 -135 -95 -33 -9 -4 -1 0 -1 -7 -40 -110 -173 -201 -213 -221 -227 -231 -232 -223 -178 -78 27 55 24 18 56 76 43 9 18 63 92 56 5 2 5 -42 -100 -95 -43 -10 -4 -3 -1 1 2 1 8 47 118 162 155 152 147 97 36 5 -2 -5 -21 -36 -14 32 26 -76 -203 -251 -195 -97 -33 -12 -8 -7 -4 0 3 4 3 2 3 3 0 -4 -6 -6 -7 -7 -4 -1 0 -2 -5 -4 -1 0 0 0 0 2 7 13 13 10 
104 67 15 -2 -4 -3 -2 -2 -1 1 2 1 0 1 4 6 3 -3 -6 -5 -4 -5 -6 -6 -5 -3 -4 -6 -4 0 1 -2 -4 -3 -2 -3 -4 -3 -1 -2 -7 -9 -6 -4 -4 -3 0 1 -10 -60 -160 -253 -261 -159 -27 23 -2 -23 -16 -6 -4 -4 -3 -1 0 -3 -14 -31 -46 -56 -66 -78 -90 -104 -118 -116 -77 4 93 105 24 -48 -55 -27 -5 4 33 85 113 79 0 -53 -63 -63 -49 -25 -9 -4 -4 -4 -4 -5 -5 6 49 122 160 119 61 68 125 144 93 31 4 -1 -4 -8 -25 -69 -120 -139 -102 -52 -58 -91 -85 -46 -15 -5 -2 2 4 2 -1 -2 -2 -3 -8 -13 -11 -5 0 3 5 6 3 -3 -5 -1 3 3 2 4 7 9 10 11 8 4 
6 4 1 0 1 2 0 -1 3 6 3 -2 -4 -3 0 3 2 -2 -3 -1 -2 -5 -5 -4 -4 -4 -3 -1 -1 -4 -7 -7 -6 -6 -4 -1 0 0 -1 -4 -5 -1 2 -1 -5 -4 -8 -38 -78 -68 -6 5 -90 -194 -202 -123 -40 -6 -1 0 0 -2 -5 -4 -1 -1 -2 -1 -1 -2 -3 -6 -8 -9 -8 3 18 24 43 81 67 -26 -111 -108 -35 34 57 47 42 47 5 -83 -127 -95 -37 -5 -1 -3 -4 -4 -4 -4 5 48 122 160 117 46 11 17 60 122 142 96 36 6 0 0 -18 -77 -130 -94 19 88 12 -148 -232 -182 -81 -19 -1 2 0 -3 -4 -5 -9 -16 -19 -12 -2 4 7 7 5 2 -3 -6 -4 -1 0 0 1 3 6 8 3 -4 -1 4 
-4 -3 -1 0 0 0 1 4 6 3 -2 -5 -6 -5 -4 -4 -3 -1 0 0 -1 -2 -1 1 1 -1 0 2 0 -4 -6 -5 -5 -6 -4 -1 0 -1 -2 0 4 5 1 -3 -3 -9 -57 -170 -268 -214 -17 126 78 -68 -139 -94 -28 -5 -3 -1 0 0 -1 -2 -1 0 0 0 0 -1 -3 -4 -4 -2 18 69 115 94 24 -14 -15 -38 -81 -72 11 95 99 29 -34 -44 -43 -70 -81 -46 -10 0 -1 -3 -2 1 2 10 48 118 155 110 39 3 -3 1 16 61 127 150 101 38 9 3 -2 -20 -39 -17 36 37 -60 -194 -282 -288 -203 -85 -19 -7 -7 -5 -6 -10 -13 -15 -13 -4 4 3 -2 -4 -4 -6 -9 -7 -2 -1 -3 -3 -2 -1 5 9 0 -12 -10 -4 
-2 -1 1 3 2 -2 -2 1 -1 -7 -10 -8 -5 -4 -4 -4 -3 0 3 2 -1 -1 1 4 6 5 4 3 1 0 -1 -3 -3 -1 0 -1 -2 -1 0 2 4 1 -3 -4 -9 -52 -162 -276 -316 -277 -157 -14 38 5 -24 -21 -10 -4 0 2 1 1 2 1 0 0 -1 -3 -4 -4 -2 2 6 15 40 78 112 111 31 -91 -144 -104 -38 14 50 61 43 3 -60 -118 -115 -54 9 34 21 3 -1 2 4 4 11 48 117 154 110 37 0 -5 -4 -3 2 19 64 128 152 105 39 5 -3 -4 -5 -18 -56 -107 -139 -135 -138 -200 -244 -173 -64 -16 -7 -4 -6 -8 -6 0 6 7 3 -4 -8 -6 -6 -8 -6 -3 -1 0 0 0 0 2 8 12 6 -8 -19 -22 
4 3 2 3 4 4 3 -2 -9 -11 -9 -7 -4 0 2 1 0 1 2 1 0 -1 -1 1 2 3 3 2 3 2 -2 -3 1 5 3 -1 0 3 3 1 -1 -2 -1 -2 -26 -115 -225 -227 -154 -150 -197 -188 -112 -37 -8 -6 -5 -2 2 2 -1 -1 1 2 0 -3 -4 -4 -4 -2 1 6 33 78 76 20 -4 19 2 -68 -95 -52 9 58 60 15 -7 4 -18 -80 -96 -30 65 119 96 43 12 4 3 9 47 118 157 114 42 5 -2 -1 -1 -2 0 5 20 63 122 132 74 18 0 -3 -4 -20 -73 -127 -120 -64 -28 -63 -134 -135 -64 -15 -6 -7 -7 -4 0 5 10 8 0 -2 2 4 2 0 1 1 0 1 3 4 7 13 11 3 4 5 -4 -10 
2 1 0 1 4 7 5 -3 -9 -7 -2 -1 -2 -1 0 0 0 -1 -4 -6 -5 -4 -4 -6 -8 -6 -4 -3 -1 -1 -1 2 4 2 -2 -2 1 1 1 1 -2 -4 -4 -5 -28 -98 -146 -100 -37 -42 -101 -137 -97 -35 -8 -2 0 0 -1 -3 -4 -3 0 1 -1 -1 1 2 1 0 1 16 54 89 67 -21 -91 -92 -66 -39 -6 37 69 58 30 7 -26 -56 -59 -41 -22 -1 42 107 146 116 49 8 7 45 117 158 116 42 4 -2 -3 -3 0 2 0 -1 3 11 23 29 19 4 -2 -2 -3 -3 1 5 4 1 -1 -6 -19 -33 -32 -19 -10 -7 -4 0 3 4 3 0 -2 1 4 2 2 4 2 0 0 0 2 4 3 5 4 -7 -5 11 12 6 
4 3 0 -2 0 1 -2 -4 -3 -2 -2 0 1 -2 -2 1 1 -2 -6 -8 -7 -3 0 -3 -6 -4 -1 0 0 1 4 6 4 0 -1 1 -1 -4 -2 -1 -3 -5 -6 -5 -8 -16 -17 -10 -2 18 56 74 45 8 -3 -2 -2 -2 -3 -3 -2 -2 -1 -1 -2 0 2 1 0 0 12 40 33 -14 -17 -12 -77 -139 -122 -38 44 69 65 47 16 -8 -56 -108 -88 -11 39 21 -14 3 58 77 44 18 45 115 157 117 44 4 -3 -3 -6 -5 1 4 3 0 -7 -32 -82 -106 -66 -18 -4 -3 -1 15 68 127 125 68 19 10 19 2 -30 -33 -16 -5 -1 0 0 0 -1 -2 -1 -1 -3 -4 -3 -3 -4 -2 0 0 4 8 -1 -13 -10 -2 -2 -3 0 2 
2 0 -3 -4 -4 -4 -4 -3 -1 -1 -2 0 2 2 3 3 1 0 0 0 0 0 -1 -2 -1 -1 -4 -6 -3 2 3 0 -3 -4 -3 -2 -3 -4 -5 -8 -10 -7 -3 -1 22 90 135 91 47 90 171 194 129 45 7 1 -1 -4 -6 -3 1 0 -3 -3 -2 -3 -4 -2 3 14 37 59 31 -46 -64 -13 -13 -63 -60 22 94 71 7 -4 7 -18 -48 -52 -21 52 113 87 -7 -88 -116 -89 -30 37 115 159 118 44 5 -2 -3 -3 0 3 3 1 0 -5 -32 -92 -143 -124 -57 -11 -1 -1 2 11 39 89 130 117 63 30 12 -33 -70 -61 -34 -15 -7 -7 -7 -5 -4 -2 0 -2 -3 -2 -4 -6 -4 -1 1 4 6 6 5 -5 -16 -8 -3 -13 -13 -8 
-6 -6 -4 -1 -1 -2 -2 -2 -2 -2 -1 0 1 3 1 -4 -5 -3 0 3 3 0 -3 -2 0 -4 -10 -10 -6 -4 -5 -6 -6 -6 -5 -5 -7 -9 -10 -8 -5 -3 -3 -3 25 123 234 234 171 160 144 76 25 15 14 7 0 -3 -4 -3 -1 -1 -3 -3 0 1 -1 2 14 42 74 82 72 30 -43 -66 -30 1 23 46 66 65 2 -80 -108 -100 -69 -25 -1 6 28 64 29 -83 -149 -116 -16 99 156 119 46 6 -1 0 -2 -1 5 5 0 -2 -7 -34 -97 -153 -135 -67 -20 -5 4 23 39 16 -43 -65 -15 38 47 31 -12 -79 -114 -95 -60 -32 -14 -6 -3 -2 -2 -2 -4 -5 -3 -4 -7 -6 -1 3 5 8 6 0 4 7 -5 -14 -12 -12 -33 -52 
-10 -7 -3 -3 -4 -4 -3 -1 1 3 4 3 1 -2 -6 -8 -8 -7 -5 -4 -3 -1 0 0 -1 -3 -3 -1 -1 -2 -1 -1 -3 -3 -1 -1 -4 -6 -5 -2 1 0 -2 -1 5 49 161 271 285 193 29 -104 -91 22 88 62 17 1 0 -1 -3 -4 -3 -1 0 0 2 20 62 92 74 35 36 52 2 -54 -23 53 96 66 16 19 16 -48 -108 -102 -53 -15 -16 -66 -111 -70 -8 -18 -36 11 102 158 121 44 3 -3 -2 -1 1 1 0 0 0 -3 -28 -92 -151 -138 -72 -22 -6 -2 19 75 126 101 -5 -108 -135 -95 -35 -2 -18 -68 -111 -114 -89 -57 -24 -2 4 4 3 -1 -5 -5 -5 -6 -4 1 6 6 -1 -5 2 6 -2 -4 2 -2 -8 -29 -126 -202 
-10 -8 -5 -5 -7 -7 -5 -2 2 4 3 0 -3 -6 -8 -7 -6 -5 -4 -4 -3 -1 0 -1 -2 0 4 6 4 2 2 0 -2 0 1 -2 -2 2 3 0 -2 -1 2 5 3 5 48 149 220 142 -31 -105 -10 127 173 118 42 7 1 0 -1 -3 -3 -1 -2 -5 0 33 79 79 33 -30 -78 -62 -20 5 46 89 77 26 -21 -44 -24 0 -4 -4 5 4 -10 -39 -79 -105 -87 -33 34 114 163 126 50 7 -3 -4 -4 -1 3 1 -3 -3 -5 -29 -90 -147 -133 -67 -20 -5 -1 1 13 51 106 136 93 -13 -91 -86 -42 -12 -10 -36 -79 -105 -93 -58 -22 0 6 4 0 -1 1 -1 -5 -3 3 7 8 4 -6 -13 -8 0 -4 -10 -5 -2 -30 -132 -282 -356 
0 -3 -8 -8 -4 -1 0 1 1 -1 -2 -4 -7 -7 -6 -6 -4 -2 -3 -3 -1 -1 -2 -1 -1 -2 -2 -2 -2 -3 -4 -2 2 3 -1 -4 -1 2 0 -4 -5 -2 1 2 1 -2 0 27 68 72 45 60 120 131 72 22 11 11 6 1 1 2 1 0 0 -1 -2 4 11 4 3 -13 -80 -105 -32 58 81 36 -7 -16 -22 -57 -76 -32 37 92 100 57 14 -3 -14 -41 -55 -1 100 158 124 49 5 -4 -4 -4 -2 2 4 4 2 -7 -36 -97 -151 -135 -68 -19 -4 2 15 25 3 -44 -49 9 53 30 -15 -24 -9 -2 -4 -14 -39 -62 -54 -26 -7 0 2 0 -2 -1 -1 -2 1 7 10 9 8 8 9 3 -13 -19 -11 -7 -9 -33 -135 -284 -321 -288 
8 3 -5 -6 -2 0 2 4 1 -3 -3 -1 -1 -2 -2 -2 -1 0 -1 -1 2 3 1 0 -1 -4 -7 -8 -7 -5 -3 0 2 -1 -4 0 4 2 0 0 0 0 -1 -4 -6 -6 -6 -3 12 70 170 225 168 26 -92 -81 21 83 58 13 -1 2 2 -2 -3 -1 -5 -32 -55 -32 -4 -8 -23 -15 39 94 70 -16 -41 3 1 -47 -64 -24 55 127 152 125 67 19 2 4 36 108 157 121 46 3 -7 -7 -5 -3 -1 -1 -1 1 -2 -28 -92 -151 -137 -69 -19 -4 0 18 69 114 79 -29 -116 -125 -82 -33 -8 -2 1 1 0 -1 -7 -12 -1 14 12 2 -3 -2 2 3 1 1 4 6 5 7 8 5 9 10 -5 -18 -13 -5 -30 -135 -283 -316 -192 -104 
4 5 7 6 1 -2 -1 -1 -2 -2 -3 -3 -1 1 4 6 4 1 0 0 0 0 -1 -2 0 2 2 1 -2 -4 -4 -4 -5 -6 -4 -1 -1 -2 -1 0 -1 -3 -5 -7 -8 -6 -2 1 7 46 138 202 130 -28 -97 -7 131 185 129 42 1 -3 -2 -3 -5 -5 -5 -29 -77 -97 -91 -77 -22 44 49 -1 -18 -5 -35 -73 -84 -60 0 38 38 41 63 90 84 40 14 42 112 159 124 49 4 -14 -29 -27 -8 2 0 -3 -3 -5 -29 -90 -147 -134 -68 -18 -3 -2 0 17 65 123 137 73 -36 -103 -90 -41 -5 7 7 6 9 16 27 46 63 56 29 7 -1 0 3 4 5 6 4 1 -1 -3 -3 2 6 3 -2 -5 -5 -26 -128 -281 -318 -193 -59 -14 
-4 0 6 7 5 3 0 -3 -2 1 -1 -6 -6 -1 3 4 3 2 3 1 -5 -8 -7 -4 -1 1 2 0 -3 -3 -1 -1 -3 -3 -1 -2 -5 -5 -4 -5 -6 -5 -4 -5 -6 -3 1 1 1 10 43 87 89 55 65 126 145 95 43 20 10 1 -4 -2 0 0 0 -9 -45 -98 -123 -78 27 94 37 -77 -105 -39 -19 -84 -109 -35 67 105 49 -24 -32 1 18 16 41 111 160 125 49 4 -7 -19 -54 -76 -49 -18 -14 -11 -6 -27 -90 -150 -137 -70 -21 -6 -1 10 18 -1 -36 -28 34 69 31 -20 -25 -6 3 5 8 13 24 52 99 135 122 70 25 7 4 3 0 -2 0 4 5 5 6 -3 -10 0 3 -7 -9 -6 -31 -134 -283 -318 -193 -59 -7 0 
-8 -7 -5 -3 0 2 1 1 3 3 1 1 3 3 0 -2 -1 0 0 -1 -4 -6 -4 -1 0 0 -1 -3 -3 -1 1 1 -1 0 3 2 -1 -2 -2 -1 0 0 -1 -3 -3 -1 1 2 1 3 15 38 90 176 226 171 29 -95 -90 14 80 58 16 1 1 2 1 -1 -8 -23 -32 -11 25 38 32 2 -60 -93 -67 -37 -18 15 50 60 33 -28 -83 -95 -67 8 109 163 127 52 6 -23 -57 -63 -44 -59 -92 -90 -61 -30 -33 -92 -152 -140 -73 -22 -7 -5 13 63 101 58 -49 -121 -109 -55 -12 0 -2 0 4 8 14 29 63 120 174 172 107 40 10 2 -1 -3 -4 -4 -2 4 9 8 6 3 -6 -14 -15 -10 -4 -27 -132 -285 -323 -197 -60 -7 0 0 
-8 -7 -5 -4 -3 -1 0 1 2 1 1 4 6 4 1 0 0 -1 -4 -6 -5 -3 -1 0 1 2 1 0 0 -1 -4 -7 -6 -2 -1 -2 -2 -3 -3 1 4 1 -2 -1 0 0 1 2 0 -1 3 14 59 149 202 124 -38 -118 -33 114 179 131 49 6 -3 -3 -2 -2 -2 -3 -5 -19 -65 -99 -42 41 27 -42 -55 6 77 79 21 -7 10 -8 -82 -117 -44 86 160 127 50 5 -5 -30 -93 -134 -102 -60 -72 -78 -38 -29 -91 -154 -142 -76 -26 -9 -4 1 23 77 133 134 56 -52 -108 -89 -39 -5 4 6 12 19 31 65 123 170 165 110 48 14 4 0 -4 -6 -4 -2 -1 4 7 1 -6 -4 -2 -12 -16 -6 -25 -130 -282 -320 -196 -60 -7 0 0 0 
-4 -4 -4 -4 -4 -3 -1 -1 -3 -3 -2 -4 -6 -4 -1 -1 -4 -6 -5 -3 0 3 4 3 0 -2 -2 -3 -4 -4 -6 -9 -7 -4 -7 -9 -5 0 3 4 3 1 1 2 1 -1 -4 -6 -3 1 0 1 16 51 90 89 49 49 114 147 102 46 18 7 2 -1 -3 -2 8 22 19 -13 -59 -97 -99 -52 -7 -2 5 57 119 120 55 -8 -36 -52 -52 -7 87 155 125 49 1 -26 -49 -45 -38 -69 -84 -39 20 49 23 -67 -149 -141 -72 -19 -2 1 7 12 -2 -23 1 67 88 32 -26 -31 -11 1 6 11 17 29 63 121 165 152 94 41 16 6 -2 -7 -7 -3 1 2 2 1 0 -2 -7 -10 -8 -6 -6 -30 -135 -287 -322 -196 -60 -7 0 0 0 0 
-2 -3 -4 -5 -5 -2 0 -1 -3 -4 -4 -5 -6 -5 -4 -5 -7 -7 -3 2 4 4 3 0 -3 -3 -2 -2 -2 -4 -6 -4 -2 -3 -4 -3 1 6 7 4 1 1 1 -2 -4 -6 -11 -13 -8 -4 -5 -2 6 17 40 94 176 225 181 49 -78 -87 4 70 55 15 -1 8 52 115 120 56 2 -25 -64 -88 -51 11 43 41 36 42 33 -20 -92 -99 -13 101 160 126 52 4 -31 -79 -120 -97 -15 37 63 98 110 66 -45 -145 -144 -76 -22 -2 4 20 62 90 42 -58 -113 -86 -32 -2 0 -2 2 5 9 16 28 60 118 163 149 89 35 10 1 -3 -4 -4 -2 3 7 9 7 -4 -9 -1 0 -8 -11 -7 -29 -135 -287 -322 -196 -60 -7 0 0 0 0 0 
0 2 4 2 1 2 1 0 -1 -3 -2 2 2 -3 -7 -7 -3 2 4 3 1 -1 -4 -6 -4 -1 0 1 2 0 -2 1 4 2 2 5 4 1 0 -1 -3 -5 -7 -8 -8 -8 -7 -4 -1 -1 -1 3 6 7 18 63 153 214 141 -26 -115 -40 102 173 132 50 16 50 122 169 145 74 16 -5 -17 -29 -4 64 101 48 -28 -40 -17 -24 -48 -13 88 155 124 50 7 -15 -59 -86 -63 -34 16 80 107 104 54 -54 -144 -140 -73 -22 -7 -6 -3 24 88 143 128 37 -70 -118 -92 -38 -4 4 4 6 12 26 61 120 166 154 95 39 10 -1 -4 -2 3 8 10 10 15 18 6 -9 -13 -7 0 2 0 -29 -137 -289 -323 -196 -60 -7 0 0 0 0 0 0 
8 9 7 3 1 -2 -5 -7 -7 -3 2 3 0 -4 -7 -6 -1 2 0 -3 -3 -1 -1 -2 -1 -1 -2 -2 -2 -1 1 3 4 3 2 2 -1 -5 -5 -5 -6 -5 -4 -3 -1 1 3 4 4 5 7 6 2 0 1 13 53 101 97 44 37 106 147 109 55 30 56 122 141 68 -11 -25 -11 -5 -4 -3 9 35 48 31 -18 -74 -95 -72 2 102 157 124 49 4 -7 -9 -17 -29 -16 24 68 101 83 10 -82 -151 -140 -69 -16 -1 0 2 3 -6 -11 26 85 86 17 -41 -38 -13 -2 1 6 14 26 58 117 167 159 100 43 15 5 1 1 3 4 5 5 3 5 8 4 2 3 -3 -3 5 -19 -129 -286 -324 -197 -60 -7 0 0 0 0 0 0 0 
4 2 -1 -2 -4 -7 -10 -13 -10 -2 2 0 -3 -4 -4 -2 2 2 -3 -7 -6 -1 2 0 -3 -5 -6 -5 -3 -1 1 2 0 -2 -2 -4 -6 -6 -7 -7 -4 0 2 2 3 5 5 3 2 2 2 -1 -4 -2 0 3 15 40 91 169 221 188 67 -63 -87 3 111 140 50 -83 -132 -81 -24 -6 -2 -2 -19 -45 -39 0 -1 -67 -106 -42 83 156 124 49 4 -7 -7 8 50 59 13 4 35 50 18 -76 -156 -144 -74 -22 -5 0 16 57 81 26 -73 -111 -69 -17 2 -4 -7 -2 1 6 15 28 59 116 166 162 106 45 12 4 5 6 6 6 5 4 1 -6 -15 -16 -4 4 3 -1 -6 -31 -134 -287 -324 -197 -60 -7 0 0 0 0 0 0 0 0 
2 0 -3 -5 -7 -9 -10 -7 -3 -3 -4 -4 -4 -2 2 5 6 4 1 0 -1 -3 -3 -3 -6 -7 -4 -1 0 0 0 -1 -3 -4 -5 -7 -7 -5 -4 -4 -4 -5 -6 -5 -4 -3 0 3 3 1 -1 -4 -5 0 6 7 6 13 54 145 212 151 -8 -108 -50 83 135 53 -80 -143 -104 -37 -6 -3 -4 -6 -25 -66 -82 -64 -58 -51 -2 89 152 122 47 3 -6 -4 -1 7 43 98 107 58 12 -23 -89 -155 -144 -74 -22 -7 -6 -1 33 103 152 120 13 -94 -126 -88 -33 -2 2 2 7 14 27 60 119 169 165 112 53 18 6 5 6 5 3 2 4 4 0 -5 -14 -18 -11 -7 -7 -5 -31 -140 -295 -331 -201 -61 -7 0 0 0 0 0 0 0 0 0 
6 3 -3 -6 -6 -8 -8 -2 1 -3 -7 -7 -4 0 3 3 0 -2 0 3 2 -2 -4 -4 -4 -2 2 3 0 -2 -1 -1 -2 -2 -3 -3 -2 -2 -2 -4 -7 -9 -10 -8 -5 -3 0 1 -1 0 2 1 1 5 7 3 -1 -1 12 52 99 95 37 23 96 140 60 -75 -138 -99 -35 -5 1 1 -2 -4 -9 -37 -86 -120 -102 -17 95 153 118 43 -2 -10 -6 -3 0 3 12 49 97 87 7 -92 -158 -145 -76 -23 -6 -4 -3 -2 -2 8 51 104 90 6 -52 -41 -12 1 5 9 16 27 56 114 167 164 110 52 19 10 10 8 5 3 1 2 5 3 3 7 3 -4 -5 -2 -2 -31 -140 -295 -331 -201 -61 -7 0 0 0 0 0 0 0 0 0 0 
-6 -7 -7 -4 -3 -4 -1 1 -1 -2 -2 0 3 2 -2 -4 -5 -6 -4 -1 0 -1 -3 -3 0 3 2 -2 -4 -3 -2 -3 -5 -5 -2 0 0 -2 -6 -8 -8 -7 -4 0 3 3 0 -2 -1 1 3 5 7 6 1 -3 -4 -3 3 18 40 79 149 210 194 80 -70 -137 -74 21 41 13 0 0 0 0 0 -5 -26 -51 -33 50 126 111 43 0 -10 -7 -3 -2 0 1 0 8 27 13 -72 -154 -143 -73 -23 -8 -3 14 51 66 6 -85 -105 -48 5 12 -4 -7 0 4 10 17 28 57 110 159 159 109 51 15 3 4 7 7 5 4 4 7 11 11 10 8 3 -4 -5 0 -27 -139 -294 -329 -200 -61 -7 0 0 0 0 0 0 0 0 0 0 0 
-14 -12 -7 -3 -3 -2 2 2 -2 -3 -1 1 3 2 -2 -4 -5 -7 -7 -5 -4 -5 -6 -4 0 2 0 -3 -3 -1 -1 -3 -4 -3 0 3 3 -2 -8 -8 -4 -1 2 6 7 4 1 0 0 -1 -2 1 4 0 -4 -2 2 5 6 7 13 52 148 224 167 5 -107 -65 69 156 131 52 6 -3 -3 -1 -1 -3 -4 -4 -2 4 8 3 -6 -9 -6 -4 -2 1 0 -3 -4 -7 -32 -97 -157 -142 -73 -21 -3 0 6 43 112 149 98 -17 -111 -127 -83 -28 0 2 2 8 16 28 58 113 162 159 107 52 19 4 1 2 2 3 4 7 10 5 1 4 2 -6 -9 -6 -4 -30 -140 -295 -327 -197 -60 -7 0 0 0 0 0 0 0 0 0 0 0 0 
-10 -8 -5 -5 -5 -3 -3 -4 -4 -4 -4 -4 -4 -4 -3 -3 -5 -5 -5 -6 -7 -9 -9 -7 -5 -4 -4 -4 -3 -2 -3 -4 -3 -2 -1 2 3 0 -3 -2 2 4 3 0 -3 -3 0 1 -1 -3 -4 -1 1 -1 0 3 4 4 3 2 6 23 63 105 94 33 14 78 134 117 69 29 6 0 -1 -3 -4 -4 -4 -6 -22 -75 -128 -107 -46 -14 -7 -7 -6 -2 -1 -3 -9 -39 -106 -161 -139 -67 -18 -4 0 4 6 9 27 71 109 78 -10 -62 -44 -11 2 4 7 14 25 53 108 161 163 112 53 18 5 1 1 2 1 1 5 10 11 3 -10 -11 -3 -2 -1 2 -27 -140 -296 -329 -198 -60 -7 0 0 0 0 0 0 0 0 0 0 0 0 0 
-4 -3 -2 -2 -1 0 -1 -2 -1 -1 -2 -2 -4 -6 -5 -4 -2 2 3 -1 -6 -7 -5 -4 -5 -7 -7 -5 -3 -2 -4 -6 -5 -3 -2 -3 -4 -3 0 4 5 3 0 -7 -12 -9 -4 0 3 2 -1 -2 -2 0 3 4 2 -2 -3 1 6 10 19 36 71 138 199 190 91 -37 -79 -18 45 48 20 2 -2 -2 -4 -8 -16 -52 -123 -161 -114 -41 -7 -2 -4 -6 -4 -7 -38 -107 -164 -143 -70 -18 -2 1 13 41 47 -10 -83 -84 -22 23 18 -4 -5 4 6 9 15 25 53 107 159 162 112 54 21 8 2 0 0 0 1 6 11 7 0 -1 -5 -12 -10 -3 1 -25 -137 -295 -329 -198 -60 -7 0 0 0 0 0 0 0 0 0 0 0 0 0 0 
0 -1 -2 0 3 5 6 5 3 1 0 0 -1 -3 -4 -3 -1 0 -1 -4 -4 0 2 2 0 -3 -3 -1 -1 -2 -1 1 2 1 -2 -7 -9 -4 2 3 1 0 -2 -6 -7 -3 1 2 2 2 3 3 1 -1 -1 2 3 1 1 3 4 4 4 10 50 145 226 184 30 -93 -71 51 143 132 60 12 1 -1 -3 -4 -5 -14 -53 -123 -157 -109 -37 -3 0 -4 -11 -40 -106 -160 -138 -69 -22 -8 -5 2 40 108 135 73 -37 -112 -113 -67 -19 0 -1 1 7 14 26 54 107 160 164 113 53 19 8 4 1 1 3 4 4 6 8 4 -2 -3 -1 -6 -14 -12 -32 -137 -291 -327 -198 -60 -7 0 0 0 0 0 0 0 0 0 0 0 0 0 0 0 
0 0 1 3 5 5 2 -1 -4 -6 -5 -4 -4 -5 -5 -2 -2 -7 -11 -9 -2 2 1 0 0 0 -1 -2 -2 -3 -2 1 0 -3 -5 -7 -6 -2 -1 -4 -6 -5 -4 -2 1 1 -1 -3 -4 -1 4 5 3 0 -2 -2 -2 0 2 1 1 1 -2 0 18 60 107 102 38 7 64 127 121 75 31 7 2 2 2 1 -1 -3 -11 -48 -118 -155 -110 -40 -7 -8 -41 -110 -162 -137 -66 -17 -3 -3 -2 3 15 45 92 115 65 -25 -67 -45 -13 0 2 5 13 25 51 104 159 165 114 51 16 7 5 3 2 4 6 7 6 -3 -9 -2 3 -4 -8 -2 -1 -29 -135 -290 -327 -198 -60 -7 0 0 0 0 0 0 0 0 0 0 0 0 0 0 0 0 
-2 1 7 9 4 -3 -7 -8 -8 -7 -6 -7 -8 -7 -5 -4 -5 -7 -7 -3 1 1 0 0 0 0 0 0 0 -1 -3 -4 -3 -2 -4 -5 -3 -3 -5 -6 -5 -5 -4 1 3 -1 -5 -5 -3 -1 -2 -5 -4 -1 -1 -2 0 3 3 1 -1 -3 -2 2 5 14 35 72 136 199 201 113 -17 -75 -27 35 42 17 2 0 0 0 -1 -10 -49 -120 -158 -114 -48 -46 -111 -163 -136 -65 -17 -3 -1 11 37 40 -16 -80 -67 -1 32 15 -7 -4 5 6 8 13 25 55 108 160 165 115 54 19 9 7 4 2 4 7 8 7 3 -7 -17 -15 -8 -7 -6 -2 -25 -132 -288 -327 -200 -61 -7 0 0 0 0 0 0 0 0 0 0 0 0 0 0 0 0 0 
-4 -2 1 -1 -7 -10 -8 -4 0 1 -3 -7 -7 -4 -3 -7 -10 -8 -5 -4 -5 -6 -4 -2 -2 0 3 3 0 -2 -2 -2 1 3 0 -1 -1 -2 -2 -2 -1 0 1 2 1 -2 -4 -2 0 -1 -4 -6 -4 -2 -2 0 3 4 3 1 -1 -1 2 3 2 4 13 52 144 229 201 57 -78 -79 34 130 125 55 5 -5 -3 -1 -1 -4 -14 -53 -124 -164 -145 -141 -163 -133 -61 -15 -3 -4 1 42 109 128 57 -54 -118 -108 -60 -14 5 5 4 6 12 23 51 107 162 166 115 53 17 10 13 11 5 4 9 12 12 7 2 4 -2 -17 -20 -7 0 -31 -141 -294 -329 -200 -61 -7 0 0 0 0 0 0 0 0 0 0 0 0 0 0 0 0 0 0 
-4 -5 -9 -13 -12 -9 -7 -3 1 0 -3 -3 0 3 2 -4 -8 -6 -5 -8 -11 -10 -7 -6 -5 -3 -1 0 0 0 0 0 0 0 1 2 1 0 0 -1 -2 0 2 1 -1 -4 -6 -4 -1 -1 -2 -2 -3 -3 -1 0 0 -1 -2 -1 1 3 4 4 4 3 4 17 55 103 104 44 7 57 125 128 83 35 7 0 -1 -2 -2 -3 -5 -14 -53 -128 -191 -192 -133 -59 -15 -2 -1 -3 -1 17 58 107 118 53 -40 -75 -49 -17 -3 1 5 12 23 50 104 159 164 114 56 21 9 10 11 8 8 11 9 7 8 4 2 8 6 -6 -9 -4 -29 -139 -294 -329 -200 -61 -7 0 0 0 0 0 0 0 0 0 0 0 0 0 0 0 0 0 0 0 
-4 -6 -11 -13 -9 -5 -4 -4 -5 -6 -4 0 3 3 1 0 1 2 0 -4 -6 -5 -5 -7 -8 -8 -6 -2 1 2 1 0 -2 -4 -2 0 0 0 1 2 1 0 -1 -3 -4 -3 -2 -3 -4 -4 -3 -2 -4 -4 0 1 0 -1 -2 -1 1 3 4 4 4 4 4 5 14 33 63 121 188 202 127 2 -64 -26 34 42 16 -1 -3 -1 0 -1 -11 -50 -104 -108 -56 -15 -6 -4 9 33 32 -22 -74 -49 17 38 9 -15 -11 -4 -3 1 9 23 53 108 163 167 114 54 21 10 8 6 2 2 6 5 -2 -7 -6 -1 -2 -9 -7 2 2 -31 -140 -291 -325 -197 -60 -7 0 0 0 0 0 0 0 0 0 0 0 0 0 0 0 0 0 0 0 0 
-2 -3 -4 -4 -3 -1 -1 -4 -7 -7 -5 -5 -7 -8 -7 -3 2 3 1 0 1 1 -3 -7 -7 -5 -4 -5 -7 -6 -2 -2 -6 -7 -4 -1 0 0 1 4 5 1 -3 -3 0 3 3 0 -3 -4 -4 -3 -1 0 0 0 -1 -2 -1 0 0 0 -1 -1 2 4 5 8 11 16 48 136 226 209 72 -68 -82 22 119 121 57 7 -6 -5 -3 -1 -1 -8 -20 -22 -12 -5 -5 1 42 109 124 45 -67 -122 -102 -51 -10 4 3 2 4 10 22 51 107 164 170 117 55 20 7 5 5 1 -2 0 0 -4 -5 -8 -14 -8 -2 -10 -8 2 -25 -136 -290 -325 -197 -60 -7 0 0 0 0 0 0 0 0 0 0 0 0 0 0 0 0 0 0 0 0 0 
-2 -2 0 2 1 -1 -4 -7 -7 -4 -2 -4 -7 -7 -5 -3 -1 0 1 3 3 1 0 0 1 2 -1 -7 -9 -5 -2 -4 -6 -5 -3 -1 0 0 0 0 -1 -2 0 3 3 0 -2 -1 -1 -3 -4 -3 1 4 2 0 0 0 0 0 -1 -4 -6 -4 -2 -1 2 4 3 4 18 57 106 112 52 2 41 110 120 83 40 11 0 -3 -4 -4 -3 -2 -3 -4 -4 -3 -1 4 25 70 117 115 37 -57 -83 -47 -11 2 5 9 16 26 50 101 156 164 113 51 21 13 8 7 6 2 0 -1 -3 -3 -2 -4 -7 -5 0 2 0 -29 -136 -288 -324 -197 -60 -7 0 0 0 0 0 0 0 0 0 0 0 0 0 0 0 0 0 0 0 0 0 0 
-58 -39 -12 -1 2 0 -3 -5 -6 -6 -5 -2 0 0 1 2 0 -2 0 2 1 0 1 2 1 -1 -3 -3 -1 -2 -6 -6 -2 0 0 0 0 0 0 -2 -5 -4 -1 -1 -4 -7 -7 -5 -4 -3 -1 0 1 2 1 0 1 3 3 0 -3 -3 0 0 -4 -4 -3 -5 -4 -1 2 12 33 64 115 176 195 131 13 -58 -32 22 34 15 2 -2 -4 -2 0 0 1 11 30 25 -26 -66 -31 32 43 7 -17 -8 3 5 9 16 28 54 103 156 164 113 49 15 8 7 6 6 5 4 3 0 -2 -1 -1 -1 1 -3 -6 1 -22 -134 -291 -328 -200 -61 -7 0 0 0 0 0 0 0 0 0 0 0 0 0 0 0 0 0 0 0 0 0 0 0 
-292 -207 -72 -12 -2 -3 -4 -4 -4 -5 -6 -5 -3 -1 0 -1 -4 -6 -5 -3 -1 0 -1 -2 -3 -6 -7 -4 -3 -5 -4 -1 -1 -2 -2 -2 -1 -1 -3 -4 -3 -2 -3 -4 -4 -4 -3 -2 -3 -4 -3 -1 0 0 0 0 0 1 1 -2 -2 2 2 -2 -2 0 -1 0 3 4 5 7 12 41 126 224 222 94 -50 -82 2 93 106 57 14 0 -3 -3 -2 -2 7 47 104 107 24 -80 -121 -91 -38 -2 6 4 5 9 16 26 52 106 161 168 119 57 20 8 3 -1 -1 0 1 3 2 -2 -3 -1 1 4 4 -3 -7 -28 -133 -290 -328 -200 -61 -7 0 0 0 0 0 0 0 0 0 0 0 0 0 0 0 0 0 0 0 0 0 0 0 0 
-456 -388 -220 -70 -12 -4 -3 -1 0 0 -2 -5 -4 -1 -1 -4 -7 -8 -7 -5 -4 -4 -4 -4 -4 -4 -4 -4 -3 0 2 0 -3 -4 -4 -5 -6 -6 -6 -4 -1 -1 -3 -3 0 4 6 3 -2 -4 -3 -1 -1 -2 -1 -1 -3 -5 -6 -3 2 1 -4 -2 6 9 6 4 3 2 4 6 6 16 55 108 118 61 5 31 100 123 93 47 13 1 -1 -2 -1 0 6 32 79 119 105 20 -68 -82 -43 -9 4 6 8 13 24 52 104 158 168 122 61 24 12 8 5 4 4 3 1 0 0 0 -1 -2 0 2 0 -3 -29 -138 -296 -332 -201 -61 -7 0 0 0 0 0 0 0 0 0 0 0 0 0 0 0 0 0 0 0 0 0 0 0 0 0 
-278 -336 -355 -216 -66 -9 -1 -1 -3 -3 -2 -2 -2 -4 -6 -6 -6 -4 -1 -1 -3 -4 -3 -1 0 -1 -3 -4 -3 -2 -4 -6 -4 -2 -3 -5 -7 -7 -5 -3 -1 -1 -4 -6 -3 2 2 -2 -2 2 3 1 -1 -2 -2 -4 -7 -9 -7 0 1 -4 -1 7 8 5 3 0 -3 -2 1 2 3 5 12 29 58 110 172 193 138 34 -36 -28 13 28 14 3 12 29 19 -28 -56 -15 44 46 3 -21 -9 3 4 6 12 24 53 107 159 164 119 63 25 8 5 6 6 6 4 1 -1 -2 0 2 0 -2 -1 0 -2 -29 -137 -295 -332 -201 -61 -7 0 0 0 0 0 0 0 0 0 0 0 0 0 0 0 0 0 0 0 0 0 0 0 0 0 0 
-62 -147 -312 -355 -221 -73 -13 -4 -3 -1 1 1 -4 -9 -9 -7 -4 -1 -1 -3 -4 -3 -1 0 -1 -3 -4 -4 -5 -7 -6 -2 0 0 -1 -2 -2 -3 -5 -6 -5 -4 -3 -2 -3 -5 -7 -6 -1 2 0 -2 -1 0 -1 -4 -7 -6 -1 1 -3 -2 7 9 1 -4 -2 -2 -4 -2 -1 -2 -1 0 1 9 40 121 222 234 114 -37 -84 -9 86 107 60 23 48 102 100 14 -85 -116 -80 -29 0 3 1 3 6 12 24 54 108 159 164 117 60 24 8 4 3 1 0 -1 -3 -4 -5 -6 -5 -4 -3 -2 -3 -5 -31 -139 -296 -332 -201 -61 -7 0 0 0 0 0 0 0 0 0 0 0 0 0 0 0 0 0 0 0 0 0 0 0 0 0 0 0 
-4 -31 -146 -317 -362 -223 -71 -11 0 2 0 -4 -7 -6 -3 -2 -1 -2 -6 -7 -4 0 2 0 -4 -6 -4 -1 -1 -3 -3 -2 -3 -4 -4 -4 -4 -4 -4 -5 -6 -4 1 4 0 -6 -7 -3 1 -1 -6 -6 -3 -3 -4 -3 -1 1 1 -2 -1 6 8 2 -4 -6 -4 -1 1 2 0 -2 -1 0 0 2 15 54 109 129 78 9 19 92 127 101 54 24 37 83 120 98 9 -74 -83 -42 -6 7 7 9 16 28 56 109 161 163 113 56 20 4 2 5 4 2 2 1 -1 -4 -5 -3 -3 -2 2 3 -2 -34 -144 -298 -332 -201 -61 -7 0 0 0 0 0 0 0 0 0 0 0 0 0 0 0 0 0 0 0 0 0 0 0 0 0 0 0 0 
0 -2 -32 -148 -315 -355 -217 -69 -14 -7 -7 -8 -4 0 -2 -3 -1 -1 -2 0 2 1 0 -1 -3 -3 -1 0 0 0 -3 -8 -9 -8 -7 -5 -4 -3 0 1 -2 -3 0 2 0 -2 0 3 2 -2 -4 -4 -4 -4 -4 -2 2 3 0 -1 3 4 -2 -6 -5 -3 -1 3 8 8 4 1 0 0 1 3 6 14 30 58 109 169 196 156 55 -27 -34 -18 -36 -51 -7 49 47 6 -15 -4 8 11 16 24 36 64 114 160 161 113 55 20 5 -1 0 2 3 5 4 2 1 -1 1 5 5 5 7 4 -28 -139 -295 -329 -198 -60 -7 0 0 0 0 0 0 0 0 0 0 0 0 0 0 0 0 0 0 0 0 0 0 0 0 0 0 0 0 0 
0 0 -2 -31 -145 -312 -354 -218 -71 -14 -4 -2 -3 -4 -4 -4 -4 -3 0 3 3 -1 -5 -5 -3 0 2 1 0 0 -1 -3 -3 -2 -3 -3 -1 0 0 1 2 1 0 0 0 1 3 3 0 -2 0 1 -1 -1 1 3 4 4 4 3 0 -5 -8 -4 3 6 5 5 5 1 -2 -1 0 0 1 2 0 -1 6 35 117 223 244 134 -20 -91 -63 -29 -50 -98 -107 -62 -6 21 19 15 18 22 27 36 62 113 162 163 112 56 23 7 1 0 -1 -2 0 3 3 1 1 4 5 2 0 -1 -5 -34 -140 -292 -327 -198 -60 -7 0 0 0 0 0 0 0 0 0 0 0 0 0 0 0 0 0 0 0 0 0 0 0 0 0 0 0 0 0 0 
0 0 0 -2 -31 -145 -313 -355 -215 -64 -7 -1 -3 -4 -4 -5 -7 -6 -3 -3 -4 -4 -4 -3 0 2 0 -3 -3 -1 0 0 1 1 -1 0 2 1 -1 -1 2 4 2 -1 -1 0 -1 -3 -3 -1 1 1 -2 -3 0 3 4 4 4 2 -3 -6 -4 0 3 2 -1 -3 -6 -7 -3 1 1 1 2 -1 -6 -7 -3 11 50 105 125 74 -6 -38 -20 -5 -14 -47 -76 -58 -11 21 31 31 30 32 39 62 110 157 159 112 56 22 8 2 2 5 3 -1 0 3 3 1 0 0 -2 -5 -5 -8 -39 -144 -293 -327 -198 -60 -7 0 0 0 0 0 0 0 0 0 0 0 0 0 0 0 0 0 0 0 0 0 0 0 0 0 0 0 0 0 0 0 
0 0 0 0 -2 -31 -145 -312 -354 -217 -68 -10 0 2 0 -2 -1 1 0 -7 -12 -9 -6 -6 -4 -2 -2 -1 0 0 0 0 0 0 0 -1 -2 -1 -1 -3 -4 -3 -3 -5 -4 -1 -2 -5 -4 -1 -1 -3 -3 -1 0 -1 -3 -3 -1 0 -2 -4 -3 -3 -5 -6 -5 -5 -5 -2 1 2 2 4 6 5 4 4 5 8 14 28 55 97 121 85 30 9 11 16 17 20 28 34 38 39 38 43 66 114 160 160 112 56 21 7 4 4 5 5 2 1 3 2 -1 -1 -1 -3 -3 -1 -3 -33 -141 -294 -329 -200 -61 -7 0 0 0 0 0 0 0 0 0 0 0 0 0 0 0 0 0 0 0 0 0 0 0 0 0 0 0 0 0 0 0 0 
0 0 0 0 0 -2 -31 -145 -313 -357 -220 -68 -8 1 3 4 3 -1 -7 -11 -12 -12 -12 -12 -11 -8 -4 0 2 1 1 2 2 4 4 -2 -5 -2 -1 -3 -4 -4 -6 -10 -10 -6 -4 -4 -3 -1 -1 -1 2 3 0 -3 -4 -4 -5 -7 -6 -2 -1 -4 -7 -6 -2 1 2 1 0 0 1 3 4 6 11 14 13 11 10 17 42 110 203 218 145 88 81 88 78 54 38 33 33 36 43 65 112 159 159 109 54 22 8 4 4 3 0 -3 -2 2 2 -1 0 2 3 5 5 1 -30 -139 -292 -328 -200 -61 -7 0 0 0 0 0 0 0 0 0 0 0 0 0 0 0 0 0 0 0 0 0 0 0 0 0 0 0 0 0 0 0 0 0 
0 0 0 0 0 0 -2 -31 -145 -313 -356 -218 -67 -8 0 -1 -5 -11 -13 -7 -2 -5 -7 -6 -6 -4 -2 -3 -4 -4 -4 -3 -1 -1 -3 -2 1 0 -2 -1 0 -2 -6 -7 -4 -2 -2 -1 0 0 1 3 3 1 -1 -3 -4 -6 -11 -13 -7 0 0 -4 -5 -2 0 1 2 1 -1 -2 -1 0 0 -1 -2 -1 1 3 5 8 16 50 136 235 274 257 222 167 98 50 34 30 28 35 60 107 154 157 108 50 18 9 8 6 3 3 3 2 4 6 4 3 5 4 3 5 3 -27 -135 -288 -324 -197 -60 -7 0 0 0 0 0 0 0 0 0 0 0 0 0 0 0 0 0 0 0 0 0 0 0 0 0 0 0 0 0 0 0 0 0 0 
0 0 0 0 0 0 0 -2 -31 -145 -312 -353 -214 -65 -10 -5 -7 -7 -3 2 4 4 3 2 2 0 -3 -4 -5 -8 -10 -8 -6 -7 -6 -1 1 -2 -3 -2 -3 -4 -2 3 5 2 1 3 3 2 3 2 -2 -5 -6 -6 -7 -8 -6 0 5 4 0 -2 0 2 1 -1 -2 -1 0 0 0 -1 -4 -8 -10 -7 -2 -1 -3 -4 -1 11 48 131 225 262 234 174 110 61 36 29 32 53 100 147 148 101 49 21 13 12 10 6 4 4 4 3 1 0 1 2 0 -3 -5 -8 -33 -136 -289 -325 -197 -60 -7 0 0 0 0 0 0 0 0 0 0 0 0 0 0 0 0 0 0 0 0 0 0 0 0 0 0 0 0 0 0 0 0 0 0 0 
0 0 0 0 0 0 0 0 -2 -31 -145 -312 -355 -220 -71 -11 -1 0 0 -1 -1 2 3 2 1 -2 -4 -4 -4 -5 -5 -3 -3 -2 2 1 -5 -8 -8 -9 -10 -7 -2 -1 -4 -5 -1 2 1 1 0 -5 -8 -8 -6 -2 -1 -1 3 6 3 -2 -3 0 2 2 2 0 -3 -2 2 3 1 -2 -6 -6 -1 3 3 0 -2 0 3 5 12 39 83 113 118 117 114 92 58 39 47 84 129 135 92 43 19 14 13 9 4 2 2 1 0 -1 -4 -5 -2 -2 -5 -5 -7 -35 -140 -293 -329 -200 -61 -7 0 0 0 0 0 0 0 0 0 0 0 0 0 0 0 0 0 0 0 0 0 0 0 0 0 0 0 0 0 0 0 0 0 0 0 0 
0 0 0 0 0 0 0 0 0 -2 -31 -146 -316 -360 -222 -70 -9 0 -1 -3 -3 -2 -3 -4 -4 -3 -1 -2 -5 -4 -1 0 0 0 -2 -7 -10 -10 -11 -11 -9 -8 -8 -9 -9 -5 -2 -3 -4 -5 -8 -10 -9 -6 -2 1 2 2 1 -3 -7 -7 -4 -1 1 2 0 -2 0 2 0 -2 -2 -4 -4 2 6 4 1 1 3 5 6 4 3 10 25 45 66 85 102 108 96 83 94 125 132 93 45 19 9 5 2 -2 -4 -3 0 3 3 2 2 2 1 -3 -5 -3 -28 -136 -292 -330 -201 -61 -7 0 0 0 0 0 0 0 0 0 0 0 0 0 0 0 0 0 0 0 0 0 0 0 0 0 0 0 0 0 0 0 0 0 0 0 0 0 
0 0 0 0 0 0 0 0 0 0 -2 -31 -145 -312 -354 -218 -70 -11 -1 0 -2 -6 -7 -6 -7 -7 -4 -1 -1 -4 -7 -6 -3 -4 -8 -11 -12 -10 -4 2 1 -6 -9 -5 0 2 0 -3 -5 -8 -9 -6 -4 -3 -3 -5 -4 -2 -3 -4 -3 -1 0 0 0 -2 -5 -4 -1 -2 -5 -4 -2 -1 3 7 6 1 -3 -3 -1 0 0 1 4 7 12 26 46 63 79 100 123 145 162 153 108 55 22 8 2 -1 -3 -4 -3 0 4 6 4 3 7 8 3 -1 -5 -32 -136 -291 -330 -201 -61 -7 0 0 0 0 0 0 0 0 0 0 0 0 0 0 0 0 0 0 0 0 0 0 0 0 0 0 0 0 0 0 0 0 0 0 0 0 0 0 
0 0 0 0 0 0 0 0 0 0 0 -2 -31 -144 -309 -352 -220 -73 -12 -2 -4 -6 -4 -2 -5 -9 -7 -2 -2 -7 -10 -8 -6 -6 -5 -5 -6 -3 2 3 0 -2 0 3 3 0 -4 -7 -7 -5 -3 -1 1 2 0 -3 -3 -2 -1 2 3 1 0 0 -1 -3 -3 -1 -1 -3 -3 -2 -2 1 5 4 1 0 -1 -3 -2 2 3 2 3 4 6 12 24 43 65 91 124 154 156 115 58 22 8 2 1 2 1 1 5 8 5 0 -1 3 6 4 3 4 -24 -136 -293 -329 -200 -61 -7 0 0 0 0 0 0 0 0 0 0 0 0 0 0 0 0 0 0 0 0 0 0 0 0 0 0 0 0 0 0 0 0 0 0 0 0 0 0 0 
0 0 0 0 0 0 0 0 0 0 0 0 -2 -31 -144 -310 -353 -216 -65 -8 -2 -1 0 -1 -2 -1 -2 -7 -11 -10 -6 -5 -7 -6 -1 5 10 10 3 -5 -5 2 6 3 -2 -5 -8 -11 -9 -3 0 0 0 -1 -2 -1 0 0 0 -1 -3 -3 -1 -1 -3 -3 -1 1 2 0 -3 -4 -3 -2 -3 -4 -3 1 5 5 4 4 3 1 0 2 5 5 9 25 48 73 95 100 80 46 17 4 2 1 0 -1 -2 1 6 5 -2 -5 0 4 1 -2 -3 -29 -135 -291 -330 -201 -61 -7 0 0 0 0 0 0 0 0 0 0 0 0 0 0 0 0 0 0 0 0 0 0 0 0 0 0 0 0 0 0 0 0 0 0 0 0 0 0 0 0 
0 0 0 0 0 0 0 0 0 0 0 0 0 -2 -31 -143 -305 -345 -212 -66 -8 0 -1 -2 1 4 -1 -8 -8 -4 -1 -1 -2 0 3 5 6 3 -2 -3 0 2 -1 -5 -6 -7 -7 -4 -2 -3 -3 -1 -1 -4 -5 -2 1 2 -1 -6 -7 -5 -5 -7 -6 -2 0 0 -1 -3 -4 -3 -2 -3 -3 -1 0 1 3 4 3 -1 -4 -2 -1 -2 -1 1 4 11 24 39 46 38 22 8 0 -1 0 0 -1 -2 0 3 3 0 -2 1 4 1 -2 -3 -32 -143 -298 -332 -201 -61 -7 0 0 0 0 0 0 0 0 0 0 0 0 0 0 0 0 0 0 0 0 0 0 0 0 0 0 0 0 0 0 0 0 0 0 0 0 0 0 0 0 0 
0 0 0 0 0 0 0 0 0 0 0 0 0 0 -2 -30 -141 -307 -352 -217 -68 -12 -6 -2 3 0 -6 -7 -4 0 2 0 -1 0 -2 -5 -7 -8 -6 -2 -2 -7 -10 -8 -7 -8 -5 -2 -5 -9 -8 -5 -4 -3 -2 -3 -2 0 -3 -5 -1 1 -3 -5 -1 2 0 -5 -9 -6 1 4 3 2 3 4 4 2 -2 -4 -5 -7 -6 -3 -3 -4 -3 0 3 5 9 13 11 6 4 3 1 0 1 2 1 1 2 0 -3 -2 3 6 3 -1 -5 -35 -143 -297 -332 -201 -61 -7 0 0 0 0 0 0 0 0 0 0 0 0 0 0 0 0 0 0 0 0 0 0 0 0 0 0 0 0 0 0 0 0 0 0 0 0 0 0 0 0 0 0 
0 0 0 0 0 0 0 0 0 0 0 0 0 0 0 -2 -31 -144 -309 -351 -217 -71 -13 -2 -1 -4 -6 -4 -1 1 2 0 -3 -5 -6 -5 -5 -6 -4 -2 -3 -4 -3 -2 -3 -4 -4 -6 -9 -8 -7 -9 -7 -2 -2 -6 -8 -8 -7 -4 0 1 -1 0 1 -2 -5 -8 -9 -4 2 2 -1 0 2 2 2 -1 -6 -8 -8 -6 -2 -1 -1 2 3 1 1 2 3 4 3 4 5 3 2 2 3 4 4 3 -2 -9 -11 -6 0 0 -3 -7 -37 -145 -298 -332 -201 -61 -7 0 0 0 0 0 0 0 0 0 0 0 0 0 0 0 0 0 0 0 0 0 0 0 0 0 0 0 0 0 0 0 0 0 0 0 0 0 0 0 0 0 0 0 
0 0 0 0 0 0 0 0 0 0 0 0 0 0 0 0 -2 -31 -144 -309 -351 -214 -63 -8 -5 -5 -3 -1 0 -1 -2 -1 -1 -2 -2 -3 -4 -2 1 0 -2 0 1 -1 0 1 -3 -6 -4 -2 -4 -5 -1 0 -5 -7 -6 -6 -4 -1 -2 -5 -4 -3 -8 -12 -8 -2 1 3 2 -4 -7 -3 0 0 -3 -8 -8 -5 -3 -1 1 3 5 6 4 1 0 1 3 4 3 1 -2 -4 -1 3 3 1 1 2 0 -3 -3 -1 -1 -3 -7 -37 -143 -294 -330 -201 -61 -7 0 0 0 0 0 0 0 0 0 0 0 0 0 0 0 0 0 0 0 0 0 0 0 0 0 0 0 0 0 0 0 0 0 0 0 0 0 0 0 0 0 0 0 0 
0 0 0 0 0 0 0 0 0 0 0 0 0 0 0 0 0 -2 -31 -144 -308 -347 -211 -67 -13 -4 -1 0 0 -1 -3 -3 -2 -3 -5 -6 -4 -1 -1 -3 -4 -4 -4 -4 -3 -1 -1 -2 -2 -2 1 5 2 -5 -7 -4 -2 0 5 6 0 -4 -3 -5 -9 -6 1 4 4 3 -1 -4 -1 2 0 -3 -5 -6 -4 -1 0 0 1 3 4 3 1 -1 -3 -3 -1 1 1 -2 -3 -1 1 2 1 -1 -2 0 4 6 3 -2 -4 -6 -34 -140 -292 -328 -200 -61 -7 0 0 0 0 0 0 0 0 0 0 0 0 0 0 0 0 0 0 0 0 0 0 0 0 0 0 0 0 0 0 0 0 0 0 0 0 0 0 0 0 0 0 0 0 0 
0 0 0 0 0 0 0 0 0 0 0 0 0 0 0 0 0 0 -2 -31 -143 -307 -350 -217 -70 -12 -4 -3 -1 -1 -3 -4 -5 -7 -7 -4 -1 -2 -6 -7 -5 -4 -3 -3 -5 -5 -5 -7 -8 -6 -2 -2 -6 -6 -1 2 0 -1 2 2 -1 -1 -1 -1 4 8 4 -1 -2 -5 -9 -6 0 0 -4 -7 -7 -4 0 2 1 0 -2 -5 -5 -4 -3 -1 1 1 -1 -1 1 2 2 2 1 0 0 1 2 1 0 0 -2 -5 -7 -35 -142 -293 -328 -200 -61 -7 0 0 0 0 0 0 0 0 0 0 0 0 0 0 0 0 0 0 0 0 0 0 0 0 0 0 0 0 0 0 0 0 0 0 0 0 0 0 0 0 0 0 0 0 0 0 
0 0 0 0 0 0 0 0 0 0 0 0 0 0 0 0 0 0 0 -2 -31 -144 -308 -348 -214 -70 -14 -6 -7 -7 -5 -5 -7 -8 -7 -6 -6 -5 -6 -10 -11 -8 -5 -4 -4 -5 -7 -8 -7 -5 -7 -12 -9 1 6 3 -1 -3 -6 -8 -7 -4 0 4 6 2 -4 -4 -3 -7 -8 -3 -1 -4 -6 -6 -6 -4 0 2 0 -3 -5 -6 -5 -4 -3 -1 0 0 -1 -3 -2 1 0 -3 -3 0 3 5 5 0 -5 -5 -3 -4 -32 -139 -293 -329 -200 -61 -7 0 0 0 0 0 0 0 0 0 0 0 0 0 0 0 0 0 0 0 0 0 0 0 0 0 0 0 0 0 0 0 0 0 0 0 0 0 0 0 0 0 0 0 0 0 0 0 
0 0 0 0 0 0 0 0 0 0 0 0 0 0 0 0 0 0 0 0 -2 -31 -143 -306 -348 -216 -69 -11 -7 -9 -7 -7 -7 -6 -6 -6 -7 -8 -8 -6 -2 -2 -6 -7 -6 -6 -3 2 3 1 -1 -2 -1 0 -1 -3 -4 -5 -7 -7 -4 0 3 3 -1 -4 -2 -2 -6 -6 -1 1 -3 -5 -2 0 1 2 0 -4 -6 -5 -3 0 2 1 0 -1 -3 -3 -3 -5 -3 0 -2 -3 0 3 4 4 3 0 -3 -3 -2 -29 -139 -294 -329 -200 -61 -7 0 0 0 0 0 0 0 0 0 0 0 0 0 0 0 0 0 0 0 0 0 0 0 0 0 0 0 0 0 0 0 0 0 0 0 0 0 0 0 0 0 0 0 0 0 0 0 0 
0 0 0 0 0 0 0 0 0 0 0 0 0 0 0 0 0 0 0 0 0 -2 -31 -143 -305 -339 -197 -56 -9 -3 -4 -6 -5 -3 -1 0 -1 -4 -5 0 4 0 -5 -5 -3 0 3 3 1 -1 -1 3 4 -1 -5 -6 -6 -8 -9 -5 -1 -1 -3 -4 -4 -3 -2 -5 -8 -4 1 0 -2 0 2 2 4 5 0 -6 -5 1 4 4 2 -3 -6 -4 -2 -3 -4 -3 -1 -1 -1 2 2 -2 -3 -2 -3 -4 -4 -2 -18 -117 -279 -327 -201 -61 -7 0 0 0 0 0 0 0 0 0 0 0 0 0 0 0 0 0 0 0 0 0 0 0 0 0 0 0 0 0 0 0 0 0 0 0 0 0 0 0 0 0 0 0 0 0 0 0 0 0 
0 0 0 0 0 0 0 0 0 0 0 0 0 0 0 0 0 0 0 0 0 0 0 0 0 0 0 0 0 0 0 0 0 0 0 0 0 0 0 0 0 0 0 0 0 0 0 0 0 0 0 0 0 0 0 0 0 0 0 0 0 0 0 0 0 0 0 0 0 0 0 0 0 0 0 0 0 0 0 0 0 0 0 0 0 0 0 0 0 0 0 0 0 0 0 0 0 0 0 0 0 0 0 0 0 0 0 0 0 0 0 0 0 0 0 0 0 0 0 0 0 0 0 0 0 0 0 0 0 0 0 0 0 0 0 0 0 0 0 0 0 0 0 0 0 0 0 0 0 0 0 0 0 0 0 0 0 0 0 0 
