0 0 0 0 0 0 0 0 0 0 0 0 0 0 0 0 0 0 0 0 0 0 0 0 0 0 0 0 0 0 0 0 0 0 0 0 0 0 0 0 
16 16 15 13 11 9 7 7 10 11 9 7 5 4 4 4 5 6 5 4 4 5 7 7 5 5 7 8 8 7 6 6 5 4 5 7 8 9 10 10 
16 16 14 9 5 4 4 4 3 1 1 2 0 -3 -3 -1 0 0 -1 -2 -2 -1 2 3 2 3 4 4 3 2 2 2 3 4 4 4 4 4 5 6 
10 9 7 4 2 2 1 -1 -3 -3 -1 0 0 0 0 0 -1 -2 -1 0 0 0 0 1 2 2 2 1 0 1 2 1 0 0 0 0 0 0 2 4 
8 7 4 1 1 2 1 0 0 -1 -3 -3 -1 1 2 1 0 1 3 2 0 1 1 1 2 0 -2 -2 -2 -2 -3 -4 -4 -3 -2 -3 -4 -3 0 2 
2 2 0 -2 -2 -2 -1 0 -1 -3 -5 -6 -5 -3 -1 0 0 0 0 0 0 0 0 0 0 -1 -2 -2 -3 -4 -4 -4 -4 -3 -2 -3 -4 -4 -3 -2 
-2 -3 -3 -1 -1 -2 -2 -3 -4 -3 -2 -3 -4 -4 -3 -2 -2 -1 0 1 2 1 0 0 1 3 3 1 -1 -2 -1 0 0 -1 -2 -1 0 0 0 0 
-2 -3 -4 -4 -4 -4 -4 -4 -4 -4 -4 -4 -4 -7 -12 -13 -12 -11 -10 -11 -13 -15 -16 -16 -16 -16 -18 -22 -19 -9 -4 -4 -4 -4 -4 -4 -4 -3 -2 -2 
0 -1 -3 -5 -7 -8 -6 -3 -4 -7 -7 -6 -18 -67 -129 -151 -148 -151 -156 -160 -164 -168 -171 -173 -175 -177 -183 -188 -151 -72 -20 -9 -7 -5 -4 -5 -7 -8 -7 -6 
-4 -5 -6 -6 -6 -5 -4 -4 -4 -4 -4 -5 -31 -128 -260 -334 -350 -353 -355 -357 -358 -358 -359 -360 -360 -359 -354 -325 -233 -107 -31 -10 -5 -5 -6 -5 -4 -4 -3 -2 
-4 -4 -4 -4 -3 -1 -2 -5 -5 -4 -5 -8 -22 -69 -158 -249 -292 -296 -286 -268 -259 -260 -252 -245 -255 -266 -254 -198 -113 -52 -26 -14 -9 -8 -8 -7 -4 -2 -3 -4 
-4 -4 -4 -4 -4 -4 -5 -7 -8 -8 -9 -13 -17 -15 -27 -63 -88 -90 -67 -8 38 39 39 27 -24 -66 -71 -49 -24 -19 -20 -16 -13 -11 -9 -8 -7 -5 -5 -6 
-6 -6 -5 -4 -6 -9 -8 -6 -7 -8 -9 -12 -16 -17 -14 -12 -11 -9 -5 23 78 105 76 26 -7 -16 -16 -17 -18 -16 -13 -11 -10 -10 -9 -8 -8 -8 -9 -10 
-4 -4 -4 -4 -5 -7 -7 -6 -6 -6 -7 -8 -8 -8 -8 -4 13 33 22 -24 -53 -58 -87 -102 -62 -22 -12 -13 -14 -12 -10 -11 -11 -9 -8 -8 -8 -9 -11 -12 
-6 -6 -7 -8 -7 -5 -5 -7 -7 -6 -7 -8 -7 -5 0 10 27 46 46 9 -48 -82 -80 -50 -13 0 -6 -12 -15 -14 -11 -11 -10 -7 -6 -6 -7 -8 -7 -6 
-8 -7 -6 -7 -8 -7 -6 -6 -6 -7 -7 -5 -5 -2 17 33 20 7 13 9 -7 1 37 64 60 31 1 -12 -14 -12 -9 -7 -5 -5 -7 -8 -8 -8 -7 -6 
-6 -6 -6 -7 -7 -6 -7 -7 -6 -7 -7 -6 -7 -9 -11 -13 -16 -15 -9 -15 -28 -18 4 8 1 -5 -11 -15 -14 -11 -10 -8 -6 -7 -8 -7 -6 -7 -9 -10 
-6 -8 -10 -9 -8 -8 -7 -6 -7 -8 -9 -11 -11 -15 -35 -48 -25 5 10 -5 -25 -34 -42 -60 -61 -34 -11 -11 -17 -16 -12 -9 -8 -8 -7 -6 -7 -8 -9 -10 
-10 -9 -8 -8 -9 -11 -11 -9 -8 -7 -6 -7 -8 -9 -14 -13 15 57 79 84 88 88 88 95 105 103 67 14 -14 -15 -10 -8 -8 -8 -9 -10 -9 -8 -8 -8 
-10 -8 -5 -5 -7 -8 -8 -8 -8 -8 -8 -8 -8 -9 -10 -1 38 97 129 131 134 143 164 195 211 189 115 29 -9 -10 -8 -9 -11 -11 -10 -10 -9 -7 -5 -4 
-4 -5 -6 -5 -4 -4 -4 -5 -7 -9 -11 -11 -9 -10 -13 -9 7 27 34 25 13 13 31 50 55 48 27 0 -14 -14 -11 -11 -12 -11 -9 -9 -10 -9 -8 -8 
-4 -5 -8 -10 -9 -8 -8 -8 -8 -8 -8 -8 -8 -9 -10 -19 -65 -138 -177 -168 -152 -156 -173 -184 -184 -164 -106 -43 -20 -17 -12 -10 -9 -8 -8 -8 -9 -11 -12 -12 
-10 -9 -9 -11 -11 -9 -9 -10 -9 -8 -8 -8 -10 -17 -14 -4 -41 -120 -166 -162 -144 -142 -160 -175 -175 -150 -84 -27 -22 -23 -12 -9 -10 -10 -10 -10 -11 -11 -10 -10 
-14 -12 -9 -7 -5 -5 -8 -11 -11 -10 -10 -9 -6 -2 9 26 24 2 -15 -21 -20 -18 -19 -21 -22 -15 4 18 15 6 -1 -6 -9 -10 -11 -13 -13 -12 -14 -16 
-16 -14 -10 -8 -9 -11 -11 -10 -11 -12 -11 -8 6 44 76 67 42 27 20 18 18 17 15 13 12 13 21 55 88 63 15 -4 -7 -8 -9 -11 -12 -14 -18 -20 
-12 -11 -9 -9 -11 -11 -9 -8 -9 -10 -9 -7 10 74 160 201 200 193 189 188 188 187 186 188 192 196 202 205 166 79 13 -5 -7 -10 -12 -12 -13 -15 -16 -16 
-10 -11 -11 -9 -8 -8 -8 -8 -9 -10 -9 -7 7 69 178 267 304 315 320 321 319 319 321 324 327 327 319 274 168 56 4 -5 -8 -12 -15 -15 -14 -15 -16 -16 
-16 -16 -15 -12 -10 -12 -14 -13 -12 -11 -9 -7 0 29 81 125 145 152 156 158 158 160 162 161 160 158 150 124 74 27 6 -1 -5 -6 -7 -8 -9 -11 -14 -16 
-18 -18 -18 -16 -13 -12 -12 -12 -11 -9 -8 -8 -6 -1 4 9 15 18 17 16 17 19 20 19 17 16 16 14 9 5 1 -4 -6 -7 -8 -9 -12 -15 -16 -16 
0 0 0 0 0 0 0 0 0 0 0 0 0 0 0 0 0 0 0 0 0 0 0 0 0 0 0 0 0 0 0 0 0 0 0 0 0 0 0 0 
