0 0 0 0 0 0 0 0 0 0 0 0 0 0 0 0 0 0 0 0 0 0 0 0 0 0 0 0 0 0 0 0 0 0 0 0 0 0 0 0 0 0 0 0 0 0 0 0 0 0 0 0 0 0 0 0 0 0 0 0 0 0 0 0 0 0 0 0 0 0 0 0 0 0 0 0 0 0 0 0 
8 8 8 8 7 5 5 8 12 15 15 11 6 4 5 7 8 9 11 12 12 11 9 8 7 6 7 8 7 5 4 5 8 11 11 11 13 12 9 8 8 8 8 9 11 11 8 7 8 6 5 8 10 9 8 8 9 11 11 10 12 14 12 9 7 5 4 5 6 7 10 11 8 6 8 11 11 9 8 8 
14 14 13 11 9 7 8 12 14 13 11 8 5 3 2 3 5 7 8 7 6 7 8 8 8 7 6 7 8 7 5 4 4 4 5 7 7 5 4 4 5 6 5 5 7 7 5 4 4 4 3 3 6 8 9 10 9 9 10 9 8 8 7 5 4 3 1 1 3 4 5 6 6 7 8 9 10 9 7 6 
14 13 11 10 10 10 11 11 7 2 1 4 6 5 4 4 5 6 4 1 0 1 2 2 3 3 1 0 0 0 1 2 2 3 4 2 -2 -3 -1 0 0 0 0 0 0 1 3 3 1 1 3 3 2 3 4 4 4 3 0 -3 -4 -3 0 2 2 3 4 3 1 0 0 1 3 4 3 2 3 4 4 4 
6 7 9 10 9 7 5 3 0 -4 -5 -1 2 2 3 4 4 2 -2 -3 -3 -5 -4 -2 -3 -4 -5 -7 -8 -7 -5 -3 0 3 2 -2 -4 -4 -3 -2 -3 -4 -4 -3 -1 0 1 3 3 0 -2 -2 -2 0 1 -2 -4 -4 -4 -4 -4 -3 -2 -2 0 3 3 1 0 1 2 2 2 1 0 0 0 1 4 6 
4 6 8 7 5 2 -2 -4 -4 -4 -3 -2 -3 -3 -2 -3 -4 -4 -4 -3 -1 0 0 -1 -3 -3 -2 -3 -3 -1 -1 -3 -4 -4 -4 -3 -1 -1 -2 -2 -2 -2 -3 -4 -3 -2 -3 -4 -3 -2 -2 0 3 4 3 1 -1 -2 0 3 3 1 0 0 0 0 0 0 0 0 0 0 0 0 0 0 1 4 6 6 
4 4 3 2 2 1 -2 -6 -5 2 5 2 0 0 0 -1 -3 -3 0 2 3 5 4 1 0 1 2 1 1 2 2 2 0 -3 -3 -1 0 1 1 0 2 4 3 1 0 0 0 -1 -2 0 3 4 4 2 -1 0 2 1 1 3 4 3 1 0 0 0 1 3 4 3 1 0 0 0 0 0 1 2 1 0 
4 4 4 4 5 7 6 2 1 4 5 3 3 4 4 4 3 1 1 2 1 0 0 1 3 3 2 3 3 2 3 4 4 4 3 1 1 3 3 2 2 2 3 4 3 2 3 4 4 5 5 2 -1 -3 -3 -1 1 2 1 0 1 2 0 -2 -2 -2 -1 1 3 3 2 2 1 0 0 1 2 1 1 2 
6 6 5 4 5 6 6 7 7 4 1 -1 -3 -3 -1 1 2 1 -1 -3 -5 -6 -4 -1 0 0 1 2 1 1 2 1 1 3 4 4 4 3 2 2 1 0 1 2 0 -2 -1 0 0 0 0 0 -1 -2 -1 0 1 2 1 -1 -3 -4 -3 -2 -3 -3 -2 -3 -4 -3 -1 0 0 0 0 1 3 5 7 8 
4 3 1 0 -2 -5 -4 -1 0 0 0 -1 -3 -5 -6 -5 -3 -1 -1 -2 -2 -3 -4 -4 -4 -4 -4 -4 -3 -2 -3 -4 -4 -4 -2 2 3 0 -3 -4 -4 -4 -3 -1 0 0 0 0 0 -1 -2 -2 -2 -1 0 -1 -3 -3 -1 0 -1 -3 -3 -1 0 0 -1 -4 -6 -5 -5 -6 -5 -4 -3 -2 -1 1 1 0 
0 0 0 -2 -6 -8 -8 -7 -5 -4 -3 0 3 3 0 -3 -4 -4 -3 -1 1 2 0 -2 -1 -1 -3 -2 1 1 0 0 -1 -3 -4 -3 -1 -1 -3 -4 -4 -4 -3 -1 1 1 -1 0 2 1 -1 -3 -3 -1 0 -1 -4 -5 -3 -2 -1 1 2 1 -1 -3 -3 -2 -2 -1 -1 -4 -6 -5 -4 -4 -4 -5 -6 -6 
-2 -2 -1 0 0 0 0 0 0 -1 -2 -1 1 3 3 1 -1 -3 -4 -4 -2 0 -2 -4 -4 -3 -1 1 3 4 4 4 3 1 -1 -3 -3 0 3 4 3 2 2 1 0 -1 -3 -4 -4 -3 -2 -2 -1 1 3 3 0 -3 -4 -5 -6 -4 -1 -2 -5 -5 -3 0 2 1 1 2 1 0 -1 -3 -5 -5 -2 0 
0 -2 -3 0 3 4 4 3 1 0 -1 -3 -4 -4 -3 -2 -2 -1 -1 -2 -1 -1 -3 -5 -6 -5 -4 -4 -3 -2 -3 -3 -2 -2 -1 -1 -3 -2 2 3 2 3 3 1 0 1 2 1 1 2 1 1 2 1 0 0 1 1 -1 -1 -1 -4 -6 -4 -1 0 0 1 2 1 1 3 3 1 0 -1 -2 0 3 4 
0 -1 -3 -3 -1 0 1 2 1 0 0 0 -1 -3 -3 -2 -3 -4 -3 -1 -1 -2 -1 0 0 -1 -3 -4 -4 -5 -6 -5 -4 -3 0 3 3 1 0 0 1 2 1 0 1 4 7 8 7 5 4 5 6 3 -2 -2 2 4 3 2 2 1 0 1 2 1 0 -1 -3 -3 -1 0 0 0 0 1 4 6 5 4 
2 2 0 -2 -2 -2 -1 -1 -3 -3 0 2 1 1 2 2 1 -2 -3 -1 -2 -4 -2 1 2 1 1 2 1 0 0 -1 -1 2 5 6 6 6 5 4 3 1 0 1 2 2 3 4 4 4 5 5 3 2 1 0 0 1 2 0 -2 0 2 0 -2 -2 -3 -4 -4 -4 -3 -2 -3 -4 -3 0 2 1 -1 -2 
2 1 0 -1 -2 -2 -4 -6 -5 -4 -4 -3 -1 0 0 0 0 0 0 -1 -3 -4 -3 -2 -2 0 3 3 1 1 2 1 1 3 3 2 3 4 4 3 1 0 0 0 -1 -3 -4 -4 -3 -1 1 1 -2 -3 -2 -4 -6 -5 -4 -4 -3 -1 -2 -5 -4 -1 -1 -3 -3 -2 -3 -3 -2 -3 -3 -2 -4 -7 -7 -6 
-4 -3 -2 -4 -6 -5 -5 -6 -5 -4 -5 -6 -5 -4 -4 -5 -6 -4 -1 -1 -2 -2 -3 -4 -3 -1 -2 -7 -11 -11 -10 -10 -11 -14 -17 -17 -16 -18 -19 -18 -19 -21 -22 -24 -25 -24 -26 -28 -29 -30 -31 -32 -32 -31 -36 -47 -43 -25 -13 -8 -5 -4 -4 -4 -4 -3 0 2 1 -1 -4 -6 -4 -1 -1 -4 -7 -7 -3 0 
-2 -1 -1 -3 -4 -3 -2 -4 -7 -7 -6 -7 -6 -2 -1 -3 -5 -6 -5 -4 -3 -1 -1 -3 -4 -8 -35 -98 -155 -153 -130 -127 -131 -139 -145 -150 -153 -155 -157 -161 -164 -165 -167 -168 -170 -172 -176 -177 -180 -182 -184 -185 -186 -188 -205 -244 -219 -115 -34 -10 -8 -9 -9 -6 -4 -4 -3 -1 0 0 -1 -4 -6 -5 -4 -4 -3 0 2 2 
0 -1 -2 -1 0 0 0 -1 -3 -4 -3 -2 -2 -2 -2 -1 0 -1 -4 -6 -5 -4 -3 -2 -4 -17 -90 -236 -342 -328 -283 -274 -274 -277 -278 -279 -278 -279 -281 -282 -281 -279 -280 -278 -281 -285 -286 -282 -281 -279 -276 -273 -273 -276 -286 -319 -292 -165 -50 -11 -8 -8 -7 -3 1 1 -2 -5 -5 -4 -4 -3 -3 -5 -5 -3 0 2 -1 -4 
-2 -3 -4 -4 -4 -4 -3 -1 -1 -2 0 2 -1 -5 -5 -3 0 2 1 0 -1 -3 -3 -1 -1 -13 -71 -162 -216 -233 -243 -246 -244 -240 -236 -233 -233 -235 -236 -232 -227 -225 -225 -224 -224 -225 -223 -221 -218 -217 -215 -213 -211 -208 -183 -123 -78 -55 -29 -13 -8 -3 2 4 3 0 -4 -6 -5 -4 -3 -1 0 1 2 2 2 0 -3 -4 
-2 -2 -2 -3 -4 -4 -3 -1 -1 -2 -1 0 -1 -3 -4 -4 -4 -3 0 3 3 1 -1 -3 -5 -5 14 61 69 -28 -130 -157 -158 -156 -157 -157 -158 -156 -153 -151 -149 -148 -146 -147 -144 -141 -139 -142 -142 -142 -142 -142 -140 -134 -94 13 76 38 -8 -19 -15 -9 -5 -5 -6 -6 -6 -7 -8 -6 -3 -2 -1 1 1 0 -1 -2 -1 0 
2 2 1 0 0 0 -1 -2 0 2 1 0 0 -1 -3 -4 -4 -4 -4 -4 -4 -4 -5 -7 -10 -12 4 37 40 -13 -65 -78 -78 -77 -78 -78 -76 -69 -61 -58 -59 -62 -63 -63 -57 -49 -45 -47 -51 -55 -57 -56 -52 -48 -40 -18 -7 -15 -20 -19 -16 -13 -12 -12 -11 -8 -5 -4 -4 -4 -4 -4 -3 -2 -3 -4 -5 -6 -4 -2 
-2 -2 -2 -1 0 0 -1 -2 -1 -1 -3 -4 -3 -1 -1 -3 -4 -5 -8 -11 -11 -9 -8 -9 -11 -16 -25 -30 -26 -18 -12 -10 -10 -9 -8 -9 -3 25 64 87 81 47 12 13 51 90 103 85 43 6 -7 -8 -8 -8 -7 -5 -7 -12 -12 -9 -8 -8 -7 -5 -4 -4 -4 -2 0 -1 -1 0 -1 -3 -4 -4 -4 -5 -6 -6 
-6 -7 -7 -5 -3 -2 -2 -2 -3 -4 -5 -6 -5 -4 -4 -5 -6 -5 -5 -7 -7 -6 -8 -11 -11 -11 -13 -11 -6 -4 -4 -4 -3 -1 0 0 5 38 112 183 200 157 96 94 153 196 185 124 49 8 -1 -4 -6 -5 -5 -7 -10 -13 -11 -6 -5 -7 -7 -5 -4 -4 -4 -4 -4 -4 -4 -3 -2 -3 -4 -4 -3 -2 -4 -6 
-4 -3 -2 -4 -7 -7 -4 -2 -3 -4 -4 -4 -4 -4 -4 -4 -3 -1 0 0 0 -1 -4 -7 -8 -9 -11 -12 -11 -9 -7 -5 -3 -1 0 0 -6 -22 -12 51 125 165 159 127 103 82 32 -27 -39 -17 -5 -4 -4 -5 -8 -9 -8 -9 -9 -8 -8 -8 -8 -8 -8 -8 -8 -7 -5 -5 -7 -7 -5 -4 -3 -1 -1 -3 -5 -6 
-2 -1 0 0 -1 -2 -1 0 -1 -4 -6 -5 -3 -1 0 0 -1 -3 -4 -3 -2 -2 -1 -1 -4 -6 -3 5 9 3 -3 -3 -2 -3 -4 -4 -10 -45 -107 -123 -56 40 96 59 -32 -102 -139 -121 -59 -17 -6 -3 -4 -7 -7 -5 -5 -6 -6 -7 -7 -5 -4 -4 -4 -5 -6 -5 -5 -6 -5 -5 -6 -5 -3 -2 -4 -8 -10 -10 
0 -1 -3 -2 2 3 1 -1 -3 -4 -4 -3 -2 -2 -1 0 -1 -3 -3 -2 -4 -6 -5 -4 -4 -4 -7 -14 -17 -11 -4 -2 -1 1 2 2 3 -7 -56 -130 -168 -148 -102 -81 -111 -151 -137 -72 -20 -5 -4 -5 -7 -7 -8 -14 -17 -11 -3 -1 -3 -4 -4 -4 -4 -3 -1 -2 -5 -4 -1 -1 -3 -4 -5 -7 -8 -8 -7 -6 
-2 -2 -2 -2 -1 -1 -3 -4 -4 -4 -4 -4 -5 -6 -5 -4 -4 -4 -3 -2 -3 -4 -4 -4 -3 0 4 7 7 3 -1 -1 10 37 59 61 60 63 50 -8 -93 -139 -135 -122 -122 -112 -68 -24 -8 -5 -5 -6 -5 -4 -4 -3 -2 -3 -3 -3 -6 -7 -6 -7 -8 -6 -2 -1 -2 -1 -1 -2 -2 -3 -5 -7 -6 -2 0 0 
-4 -3 -1 -1 -4 -7 -8 -6 -2 0 -1 -4 -6 -6 -6 -5 -4 -4 -4 -4 -3 -2 -3 -4 -4 -4 -6 -11 -13 -9 -4 0 20 62 94 95 78 71 87 97 74 45 26 -7 -40 -39 -18 -6 -4 -4 -4 -3 -1 -2 -8 -16 -21 -18 -11 -7 -6 -7 -8 -8 -7 -5 -4 -3 -2 -3 -5 -7 -8 -7 -5 -5 -5 -2 0 0 
-6 -5 -3 -4 -9 -10 -6 -3 -1 1 2 1 0 -1 -3 -4 -4 -3 -2 -3 -4 -5 -6 -5 -4 -4 -2 2 3 1 -1 -3 -2 0 -3 -10 -21 -29 -21 -7 -6 -12 -12 -8 -5 -2 1 1 0 0 -1 -3 -4 -4 -3 1 3 -2 -7 -6 -3 -5 -9 -8 -4 -3 -6 -7 -5 -4 -4 -4 -4 -4 -4 -4 -5 -5 -2 0 
-4 -4 -4 -4 -3 -1 -2 -6 -6 -3 -2 0 2 1 -1 -3 -4 -4 -5 -7 -8 -7 -5 -3 -1 -1 -4 -8 0 28 48 34 -3 -37 -53 -48 -32 -28 -45 -71 -87 -86 -67 -22 27 48 51 50 47 40 21 1 -7 -7 -8 -16 -23 -19 -10 -4 -1 0 -1 -2 -1 0 0 -1 -2 -2 -2 -1 0 -1 -3 -3 -3 -5 -4 -2 
-2 -3 -4 -2 2 3 -1 -7 -10 -9 -7 -5 -4 -4 -4 -3 -1 -1 -3 -4 -4 -3 -2 -2 -1 0 1 5 29 83 119 89 30 3 9 28 52 68 61 40 33 39 51 80 113 127 128 123 113 93 51 11 -4 -7 -7 -1 7 8 4 0 -2 0 2 1 -1 -2 -1 -1 -3 -5 -6 -6 -7 -7 -4 -2 -2 -2 -3 -4 
-4 -5 -6 -4 -1 -1 -1 1 -1 -5 -6 -7 -8 -7 -5 -4 -3 -1 0 0 -1 -3 -3 -2 -4 -6 -6 -7 -11 -19 -24 -19 -13 -14 -16 -11 6 24 20 10 22 34 31 32 40 43 39 34 31 25 11 -2 -6 -7 -9 -13 -18 -16 -7 -3 -6 -7 -4 -1 -1 -3 -5 -6 -5 -4 -5 -6 -4 -1 0 -1 -1 1 0 -2 
0 -1 -3 -4 -4 -5 -5 -2 0 -1 -3 -4 -4 -3 -2 -3 -4 -4 -4 -4 -4 -4 -3 -3 -7 -11 -12 -14 -37 -91 -127 -97 -46 -37 -51 -60 -68 -77 -84 -84 -84 -87 -90 -96 -105 -116 -126 -125 -114 -95 -58 -22 -9 -8 -7 -4 -1 -2 -5 -6 -7 -8 -7 -5 -4 -4 -4 -4 -4 -3 -2 -2 -1 -1 -3 -4 -5 -7 -8 -8 
0 0 -1 -4 -7 -7 -6 -6 -4 -1 1 2 2 1 -2 -3 -2 -4 -7 -7 -4 -2 -4 -6 -5 -4 -2 -1 -11 -29 -39 -30 -3 25 43 45 25 6 13 10 -35 -59 -39 -23 -29 -61 -93 -99 -94 -81 -48 -16 -6 -6 -9 -14 -16 -15 -13 -10 -6 -4 -4 -5 -7 -7 -5 -4 -4 -3 -1 -1 -4 -7 -8 -8 -9 -11 -11 -10 
-6 -5 -4 -5 -7 -7 -5 -3 -2 -3 -4 -4 -4 -4 -3 -1 0 -1 -3 -4 -4 -5 -8 -9 -5 -1 -2 -9 -14 -11 -7 -4 11 42 69 79 74 68 74 64 22 -2 16 46 55 26 -9 -20 -19 -15 -8 -3 -2 -2 -4 -7 -9 -10 -9 -6 -3 -3 -4 -4 -4 -4 -5 -6 -6 -6 -5 -5 -7 -7 -7 -8 -6 -4 -4 -4 
-8 -7 -5 -4 -5 -7 -7 -5 -5 -8 -11 -11 -10 -9 -6 -5 -6 -3 2 3 0 -2 -2 -3 -3 0 4 6 5 2 -2 -4 -11 -27 -41 -46 -44 -42 -43 -34 -10 -4 -20 -32 -32 -11 13 20 21 22 21 19 13 3 -3 -5 -7 -7 -4 -3 -5 -5 -4 -3 -1 -2 -6 -8 -8 -8 -8 -7 -4 -1 -1 -3 -3 -1 -1 -2 
-4 -4 -4 -3 -2 -3 -4 -6 -9 -8 -6 -6 -5 -4 -4 -6 -9 -8 -5 -3 -2 -2 -1 -1 -3 -4 -6 -11 -13 -9 -5 -3 3 19 35 41 46 49 45 62 110 132 110 80 71 105 148 163 163 161 158 143 95 32 -2 -10 -12 -10 -6 -5 -7 -7 -5 -4 -4 -4 -4 -4 -4 -5 -6 -5 -3 -2 -2 -2 -3 -4 -3 -2 
-4 -5 -6 -5 -3 -1 0 -2 -6 -6 -3 -3 -3 -2 -3 -3 -2 -4 -7 -8 -7 -6 -6 -5 -4 -4 -1 5 6 1 -3 -2 25 93 157 181 186 187 184 189 206 214 208 201 199 207 217 220 219 218 217 197 131 47 3 -3 -2 -3 -4 -3 -2 -4 -7 -8 -7 -4 -1 -1 -3 -4 -3 -1 -1 -4 -5 -1 1 -2 -5 -6 
-6 -7 -8 -7 -4 -1 -1 -2 -2 -3 -3 -3 -5 -5 -4 -3 -2 -3 -4 -5 -6 -5 -4 -4 -4 -5 -9 -15 -18 -14 -7 -3 10 42 72 83 84 80 59 32 26 33 42 58 74 81 82 80 77 76 77 72 48 16 -3 -14 -22 -19 -9 -2 0 -1 -3 -5 -7 -8 -6 -3 -2 -1 -1 -3 -4 -4 -4 -3 -1 0 -1 -2 
-2 -2 -2 -3 -3 -1 -1 -1 2 3 1 -1 -3 -4 -4 -4 -4 -4 -4 -4 -5 -6 -5 -5 -7 -6 -1 2 0 -3 -4 -4 -4 -3 -1 0 0 -8 -41 -80 -98 -108 -102 -65 -24 -6 -4 -4 -4 -4 -4 -3 -2 -3 -3 1 4 1 -3 -3 -2 -3 -5 -7 -8 -8 -7 -5 -4 -4 -5 -8 -10 -8 -5 -5 -6 -5 -3 -2 
0 1 2 -1 -5 -5 -4 -3 0 2 0 -2 -1 -1 -3 -4 -3 -2 -3 -4 -4 -5 -7 -8 -8 -7 -7 -13 -18 -13 -6 -4 -4 -4 -5 -7 -7 -6 -1 11 12 -7 -30 -38 -25 -10 -7 -7 -6 -7 -8 -7 -5 -5 -9 -16 -22 -20 -12 -8 -8 -8 -8 -7 -5 -4 -5 -6 -5 -5 -7 -8 -8 -8 -7 -6 -7 -8 -8 -8 
-2 -2 -2 -2 -4 -7 -7 -6 -6 -6 -7 -7 -5 -4 -4 -4 -4 -4 -4 -4 -4 -4 -4 -4 -5 -6 -4 -1 0 -1 -3 -5 -20 -57 -91 -103 -103 -93 -59 -19 1 10 -1 -40 -77 -92 -94 -94 -95 -96 -95 -87 -61 -26 -7 -2 1 -1 -6 -9 -9 -6 -3 -1 -1 -3 -4 -3 -2 -4 -6 -4 -2 -3 -4 -4 -4 -4 -4 -4 
-6 -5 -4 -3 -3 -5 -5 -5 -7 -8 -7 -5 -4 -4 -4 -4 -5 -6 -5 -4 -5 -7 -7 -4 -2 -3 -5 -7 -7 -5 -4 -8 -45 -129 -204 -231 -235 -231 -214 -198 -191 -179 -168 -177 -204 -226 -231 -229 -227 -226 -226 -209 -144 -57 -12 -10 -18 -19 -11 -6 -6 -4 -2 -3 -3 -2 -3 -5 -7 -7 -4 -1 -1 -3 -5 -6 -5 -4 -5 -6 
-6 -4 -2 -3 -5 -7 -8 -7 -6 -6 -4 -1 -1 -2 -1 -2 -6 -7 -6 -7 -7 -6 -6 -4 0 2 3 5 3 -2 -4 -6 -28 -82 -134 -155 -160 -163 -163 -163 -165 -164 -159 -157 -161 -164 -164 -163 -161 -160 -159 -145 -99 -39 -6 0 0 0 0 0 -1 -3 -4 -4 -5 -7 -8 -8 -7 -5 -4 -5 -6 -5 -5 -6 -6 -8 -11 -12 
-6 -5 -4 -4 -4 -6 -9 -8 -5 -3 -2 -4 -7 -8 -8 -7 -5 -4 -4 -4 -4 -3 -1 -1 -2 -2 -9 -25 -29 -3 26 34 33 26 18 14 13 12 12 13 12 13 15 16 15 17 18 17 16 17 21 26 34 42 41 5 -44 -52 -26 -4 1 -3 -6 -6 -7 -7 -5 -3 -2 -3 -5 -7 -8 -6 -1 1 -3 -7 -8 -8 
-12 -11 -8 -5 -4 -3 -1 -1 -2 -2 -3 -5 -7 -9 -11 -10 -6 -5 -5 -2 -1 -2 -2 -3 -5 -9 -34 -81 -89 -20 53 73 73 73 76 77 77 77 76 77 77 78 79 82 81 81 81 81 80 79 80 80 83 83 70 5 -75 -81 -36 -6 -1 -2 -2 -5 -8 -6 -4 -4 -5 -6 -5 -4 -5 -6 -5 -5 -6 -5 -5 -6 
-10 -10 -8 -5 -4 -2 1 1 -1 -3 -4 -3 -2 -3 -3 -3 -5 -5 -5 -7 -7 -5 -4 -4 -4 -1 17 37 32 20 18 15 11 11 13 14 13 12 11 10 10 10 10 9 8 8 8 8 7 4 1 -3 -6 -5 -3 14 57 77 42 7 1 2 0 -3 -4 -4 -4 -5 -7 -9 -10 -9 -7 -6 -8 -11 -11 -9 -7 -6 
-4 -5 -7 -7 -4 -2 -4 -6 -5 -4 -4 -4 -4 -3 -1 -1 -3 -4 -6 -10 -11 -9 -7 -6 -6 1 46 115 124 57 -7 -32 -43 -48 -52 -54 -56 -57 -55 -53 -52 -55 -57 -61 -62 -63 -62 -62 -63 -63 -65 -67 -70 -66 -50 23 134 153 70 7 -3 -2 -3 -3 -2 -2 -2 -3 -4 -5 -8 -11 -12 -11 -9 -9 -11 -11 -9 -8 
-8 -8 -8 -7 -4 -3 -5 -6 -7 -8 -7 -6 -6 -5 -5 -6 -6 -7 -7 -5 -4 -4 -5 -6 -4 1 23 66 87 62 29 12 0 -9 -15 -17 -18 -20 -21 -20 -18 -19 -21 -22 -21 -23 -25 -25 -23 -21 -22 -20 -15 -8 7 52 100 85 30 -1 -8 -10 -8 -5 -4 -4 -4 -3 -1 0 -1 -3 -5 -7 -8 -9 -11 -12 -13 -14 
-6 -6 -5 -4 -4 -4 -3 -2 -4 -6 -5 -4 -3 -2 -3 -4 -5 -7 -7 -5 -4 -3 -1 0 0 1 8 27 50 65 75 80 77 71 65 62 62 61 58 55 56 59 59 58 59 60 60 61 63 64 66 72 79 82 83 85 70 34 8 1 -1 -3 -4 -4 -4 -5 -6 -6 -6 -5 -4 -4 -3 -3 -6 -8 -8 -9 -10 -10 
0 0 0 -1 -3 -3 -2 -2 -2 -3 -4 -3 -2 -2 -2 -2 -1 0 0 0 -1 -3 -3 -1 -1 2 24 74 133 174 198 214 223 227 227 226 226 226 225 223 223 225 226 226 227 229 231 233 235 238 243 247 248 243 228 195 130 56 14 3 4 5 2 0 -1 -3 -5 -8 -11 -11 -9 -8 -8 -8 -8 -6 -2 0 -1 -2 
-4 -4 -4 -4 -4 -4 -5 -6 -5 -5 -7 -7 -5 -4 -4 -4 -3 -1 0 0 0 -2 -6 -7 -4 3 29 92 172 225 246 259 270 277 282 284 286 290 292 291 289 288 289 290 289 288 289 291 293 295 294 289 285 282 270 225 139 55 13 3 1 -1 -3 -4 -4 -5 -8 -10 -10 -10 -9 -8 -8 -8 -9 -10 -9 -7 -7 -8 
-8 -9 -10 -9 -8 -8 -7 -6 -5 -4 -6 -8 -8 -8 -7 -6 -8 -11 -12 -11 -8 -5 -4 -4 -4 -2 10 39 77 104 113 118 125 128 128 129 132 135 136 135 133 132 133 134 133 132 132 131 129 127 124 120 116 114 112 94 56 21 4 -1 -4 -5 -4 -6 -8 -8 -8 -8 -8 -8 -8 -8 -7 -6 -8 -11 -13 -15 -15 -14 
-8 -9 -10 -9 -8 -8 -7 -6 -6 -5 -5 -7 -9 -10 -9 -9 -11 -12 -12 -11 -9 -7 -5 -4 -4 -3 0 4 8 12 15 17 19 19 18 19 19 17 17 19 20 20 20 22 26 27 24 21 19 18 19 19 16 13 11 8 5 4 2 -2 -4 -4 -4 -4 -4 -4 -4 -5 -6 -5 -5 -6 -6 -7 -7 -6 -7 -10 -13 -14 
-12 -11 -10 -10 -9 -8 -8 -7 -6 -6 -6 -7 -8 -9 -11 -11 -8 -5 -3 -2 -3 -4 -4 -4 -3 -1 0 1 3 4 4 3 1 1 4 6 5 4 5 6 6 7 8 8 9 11 12 12 12 13 14 13 11 9 8 8 7 6 7 9 10 7 3 3 3 1 1 3 5 5 4 5 2 -4 -4 -2 -2 -2 -5 -8 
-12 -12 -12 -11 -9 -8 -8 -7 -5 -4 -3 -2 -3 -5 -7 -7 -5 -3 -1 0 1 2 1 0 0 1 2 1 0 0 0 0 1 3 4 4 4 4 4 3 1 1 3 3 1 3 9 11 10 10 9 9 10 8 6 6 6 7 8 9 10 7 4 5 4 3 5 5 4 2 2 6 4 -2 -4 -3 0 3 0 -4 
-8 -9 -10 -9 -8 -8 -8 -8 -7 -5 -4 -4 -4 -4 -3 -2 -3 -4 -4 -3 -1 -1 -3 -4 -3 -1 0 -1 -3 -4 -3 -1 1 3 4 4 3 1 -1 -2 -1 -1 -2 -1 -1 -2 -2 -4 -6 -7 -9 -8 -5 -4 -4 -4 -3 -2 -3 -5 -7 -8 -8 -9 -10 -9 -9 -11 -12 -12 -13 -14 -12 -10 -11 -12 -12 -12 -12 -12 
-8 -7 -7 -11 -14 -12 -9 -8 -8 -8 -8 -8 -7 -5 -3 -1 -1 -4 -6 -6 -8 -9 -6 -4 -4 -6 -8 -6 -3 -1 -1 -3 -3 0 2 1 0 0 -1 -2 0 2 1 0 0 -2 -7 -10 -10 -11 -11 -10 -10 -8 -6 -5 -4 -7 -11 -13 -16 -17 -16 -17 -17 -18 -20 -18 -17 -18 -21 -27 -27 -22 -20 -21 -24 -26 -22 -18 
0 0 0 0 0 0 0 0 0 0 0 0 0 0 0 0 0 0 0 0 0 0 0 0 0 0 0 0 0 0 0 0 0 0 0 0 0 0 0 0 0 0 0 0 0 0 0 0 0 0 0 0 0 0 0 0 0 0 0 0 0 0 0 0 0 0 0 0 0 0 0 0 0 0 0 0 0 0 0 0 
