0 0 0 0 0 0 0 0 0 0 3 36 133 198 127 30 1 0 0 0 0 0 0 0 0 0 0 1 2 1 0 3 31 115 175 116 30 2 0 0 0 0 0 0 0 0 0 0 0 0 0 0 0 0 0 0 0 0 0 0 0 0 0 0 
0 0 0 0 0 0 0 0 0 3 39 179 380 403 207 43 3 2 1 0 1 3 4 3 2 2 1 1 2 2 3 6 42 185 354 329 151 31 2 0 0 0 0 0 0 0 0 0 0 0 0 0 0 0 0 0 0 0 0 0 0 0 0 0 
0 0 0 0 0 0 0 0 3 39 179 391 455 288 94 15 4 4 4 4 4 4 3 1 0 0 0 0 0 1 3 4 14 83 249 389 331 149 31 2 0 0 0 0 0 0 0 0 0 0 0 0 0 0 0 0 0 0 0 0 0 0 0 0 
0 0 0 0 0 0 0 3 39 179 391 455 288 94 15 4 3 2 3 5 3 -6 -13 -12 -9 -7 -4 -2 -2 -1 0 1 4 15 80 243 384 328 148 31 2 0 0 0 0 0 0 0 0 0 0 0 0 0 0 0 0 0 0 0 0 0 0 0 
0 0 0 0 0 0 3 39 180 393 456 287 91 11 1 2 1 0 1 -1 -38 -111 -130 -74 -29 -17 -11 -6 -3 -1 0 1 3 4 13 80 244 382 325 145 27 0 0 0 0 0 0 0 0 0 0 0 0 0 0 0 0 0 0 0 0 0 0 0 
0 0 0 0 0 3 39 179 391 455 287 91 11 0 1 2 2 3 1 -31 -132 -260 -287 -190 -84 -35 -20 -12 -6 -3 -1 1 2 2 4 16 83 243 379 298 92 0 0 0 0 0 0 0 0 0 0 0 0 0 0 0 0 0 0 0 0 0 0 0 
0 0 0 0 3 39 179 390 452 284 90 11 1 2 2 3 5 3 -29 -124 -236 -284 -288 -264 -178 -80 -32 -19 -12 -6 -3 -1 0 1 4 6 14 79 240 286 114 0 0 0 0 0 0 0 0 0 0 0 0 0 0 0 0 0 0 0 0 0 0 0 
0 0 0 3 39 179 390 453 286 91 11 0 0 0 0 1 -1 -32 -126 -245 -275 -207 -183 -241 -255 -175 -80 -31 -16 -10 -7 -5 -3 0 2 2 3 14 77 119 54 0 0 0 0 0 0 0 0 0 0 0 0 0 0 0 0 0 0 0 0 0 0 0 
0 0 3 39 178 387 449 283 90 11 0 0 -1 -2 -1 -4 -35 -127 -246 -281 -200 -102 -83 -152 -242 -260 -181 -82 -32 -19 -13 -8 -5 -4 -4 -2 2 4 11 17 8 0 0 0 0 0 0 0 0 0 0 0 0 0 0 0 0 0 0 0 0 0 0 0 
0 3 38 176 386 448 280 86 7 -3 -1 0 0 1 -1 -31 -123 -244 -279 -176 -44 3 -15 -62 -148 -241 -261 -184 -86 -35 -20 -13 -9 -8 -6 -3 -3 -5 -5 -2 0 0 0 0 0 0 0 0 0 0 0 0 0 0 0 0 0 0 0 0 0 0 0 0 
3 38 175 382 443 279 88 8 -4 -4 -4 -3 0 0 -28 -119 -241 -283 -185 -14 83 55 6 -15 -55 -141 -239 -265 -189 -89 -35 -19 -14 -10 -7 -5 -4 -5 -6 -4 -1 0 0 0 0 0 0 0 0 0 0 0 0 0 0 0 0 0 0 0 0 0 0 0 
41 174 380 441 276 85 8 -2 -3 -4 -4 -4 -5 -29 -116 -238 -280 -185 -33 57 51 13 3 18 16 -37 -136 -239 -269 -194 -90 -34 -19 -13 -9 -6 -2 1 1 -1 -1 0 0 0 0 0 0 0 0 0 0 0 0 0 0 0 0 0 0 0 0 0 0 0 
233 389 439 276 87 8 -4 -4 -5 -6 -5 -7 -33 -117 -237 -285 -191 -13 106 70 -21 -28 23 62 56 15 -33 -113 -222 -267 -200 -96 -35 -16 -10 -7 -4 -1 -1 -2 -1 0 0 0 0 0 0 0 0 0 0 0 0 0 0 0 0 0 0 0 0 0 0 0 
534 464 275 88 10 -3 -5 -7 -7 -6 -9 -32 -113 -236 -291 -222 -100 -15 -1 -26 -25 21 63 49 6 11 70 84 -31 -198 -269 -208 -100 -33 -13 -9 -7 -5 -2 1 1 0 0 0 0 0 0 0 0 0 0 0 0 0 0 0 0 0 0 0 0 0 0 0 
454 268 83 7 -4 -5 -7 -8 -7 -6 -24 -109 -239 -292 -224 -114 -60 -91 -128 -96 -20 39 38 -8 -13 68 172 211 136 -36 -208 -281 -216 -91 -23 -10 -8 -5 2 5 2 0 0 0 0 0 0 0 0 0 0 0 0 0 0 0 0 0 0 0 0 0 0 0 
118 54 4 -8 -8 -8 -7 -5 -5 -8 -26 -89 -156 -144 -79 -30 -14 -17 -24 -27 -15 -11 -28 -8 79 165 169 115 64 6 -78 -175 -206 -127 -39 -8 -4 -3 -9 -16 -8 0 0 0 0 0 0 0 0 0 0 0 0 0 0 0 0 0 0 0 0 0 0 0 
-1 -3 -5 -7 -8 -7 -5 -4 -5 -7 6 65 131 127 73 26 13 27 24 2 -9 -19 -19 42 134 146 51 -69 -108 -46 1 -40 -103 -100 -43 -7 -1 -13 -88 -137 -62 0 0 0 0 0 0 0 0 0 0 0 0 0 0 0 0 0 0 0 0 0 0 0 
-8 -7 -5 -5 -6 -5 -5 -7 -8 -7 11 89 206 252 193 97 24 -13 -25 -23 -10 22 71 108 86 1 -105 -169 -124 -29 5 13 35 30 9 1 -12 -88 -257 -298 -117 0 0 0 0 0 0 0 0 0 0 0 0 0 0 0 0 0 0 0 0 0 0 0 
-8 -7 -5 -5 -6 -6 -7 -8 -8 -8 -6 16 92 202 250 195 103 25 -31 -41 -5 60 125 109 3 -115 -178 -133 -37 1 28 128 205 150 50 -5 -87 -255 -379 -285 -85 0 0 0 0 0 0 0 0 0 0 0 0 0 0 0 0 0 0 0 0 0 0 0 
-6 -9 -9 -7 -6 -7 -8 -8 -8 -9 -10 -5 23 101 206 251 198 91 -5 -40 -4 71 105 47 -58 -134 -115 -34 4 31 137 245 223 110 16 -86 -258 -381 -307 -130 -23 0 0 0 0 0 0 0 0 0 0 0 0 0 0 0 0 0 0 0 0 0 0 0 
-12 -13 -14 -12 -10 -11 -11 -9 -9 -11 -11 -6 3 28 103 206 230 148 50 -21 -46 -17 -11 -69 -125 -102 -29 3 28 133 245 231 120 22 -83 -258 -384 -310 -133 -27 -2 0 0 0 0 0 0 0 0 0 0 0 0 0 0 0 0 0 0 0 0 0 0 0 
-17 -12 -12 -15 -16 -15 -12 -9 -9 -10 -9 -7 -4 3 30 103 196 230 175 67 -54 -149 -196 -195 -128 -35 3 29 131 242 231 123 24 -84 -259 -384 -310 -133 -27 -2 0 0 0 0 0 0 0 0 0 0 0 0 0 0 0 0 0 0 0 0 0 0 0 0 
-110 -59 -22 -14 -14 -12 -10 -11 -10 -7 -7 -9 -9 -5 2 27 103 210 253 184 43 -111 -192 -142 -41 3 31 132 242 231 123 24 -84 -259 -384 -310 -133 -27 -2 0 0 0 0 0 0 0 0 0 0 0 0 0 0 0 0 0 0 0 0 0 0 0 0 0 
-426 -255 -89 -22 -11 -10 -12 -14 -12 -9 -8 -8 -8 -8 -6 2 30 106 211 253 182 56 -18 -9 9 35 135 243 231 122 22 -84 -257 -383 -310 -133 -27 -2 0 0 0 0 0 0 0 0 0 0 0 0 0 0 0 0 0 0 0 0 0 0 0 0 0 0 
-517 -438 -254 -86 -21 -12 -12 -12 -12 -11 -9 -7 -5 -4 -3 0 5 28 103 212 253 180 85 41 56 147 246 231 122 23 -82 -256 -383 -310 -133 -27 -2 0 0 0 0 0 0 0 0 0 0 0 0 0 0 0 0 0 0 0 0 0 0 0 0 0 0 0 
-233 -373 -408 -254 -89 -25 -13 -10 -11 -11 -9 -8 -7 -5 -5 -6 -4 2 27 104 212 256 202 146 184 258 234 121 22 -82 -256 -384 -312 -134 -27 -2 0 0 0 0 0 0 0 0 0 0 0 0 0 0 0 0 0 0 0 0 0 0 0 0 0 0 0 0 
-42 -172 -362 -408 -253 -87 -23 -13 -12 -12 -12 -11 -10 -10 -10 -10 -8 -5 0 26 109 235 305 299 283 230 123 27 -78 -253 -383 -312 -134 -27 -2 0 0 0 0 0 0 0 0 0 0 0 0 0 0 0 0 0 0 0 0 0 0 0 0 0 0 0 0 0 
-3 -39 -171 -359 -404 -250 -86 -24 -15 -14 -15 -16 -16 -15 -12 -9 -8 -7 -4 1 27 103 203 254 212 110 20 -80 -253 -382 -310 -133 -27 -2 0 0 0 0 0 0 0 0 0 0 0 0 0 0 0 0 0 0 0 0 0 0 0 0 0 0 0 0 0 0 
-4 -7 -42 -173 -361 -408 -263 -113 -62 -58 -58 -60 -61 -58 -55 -53 -52 -51 -49 -48 -45 -28 12 44 27 -23 -110 -270 -391 -317 -138 -31 -6 -4 -4 -4 -4 -4 -4 -3 -1 0 0 0 0 0 0 0 0 0 0 0 0 0 0 0 0 0 0 0 0 0 0 0 
-44 -44 -47 -82 -213 -411 -525 -522 -501 -499 -500 -500 -500 -500 -500 -500 -499 -496 -493 -490 -485 -479 -472 -467 -468 -476 -499 -491 -365 -179 -71 -46 -44 -44 -44 -44 -44 -44 -44 -33 -11 0 0 0 0 0 0 0 0 0 0 0 0 0 0 0 0 0 0 0 0 0 0 0 
-60 -60 -60 -63 -98 -229 -441 -602 -655 -661 -662 -661 -661 -663 -664 -664 -663 -660 -656 -652 -648 -645 -642 -638 -636 -627 -561 -392 -195 -87 -62 -60 -60 -60 -60 -60 -60 -60 -60 -45 -15 0 0 0 0 0 0 0 0 0 0 0 0 0 0 0 0 0 0 0 0 0 0 0 
-20 -20 -20 -20 -22 -45 -108 -177 -208 -212 -212 -212 -212 -212 -212 -212 -212 -212 -211 -209 -208 -208 -207 -205 -204 -198 -163 -95 -39 -21 -20 -20 -20 -20 -20 -20 -20 -20 -20 -15 -5 0 0 0 0 0 0 0 0 0 0 0 0 0 0 0 0 0 0 0 0 0 0 0 
0 0 0 0 0 0 0 0 0 0 0 0 0 0 0 0 0 0 0 0 0 0 0 0 0 0 0 0 0 0 0 0 0 0 0 0 0 0 0 0 0 0 0 0 0 0 0 0 0 0 0 0 0 0 0 0 0 0 0 0 0 0 0 0 
0 0 0 0 0 0 0 0 0 0 0 0 0 0 0 0 0 0 0 0 0 0 0 0 0 0 0 0 0 0 0 0 0 0 0 0 0 0 0 0 0 0 0 0 0 0 0 0 0 0 0 0 0 0 0 0 0 0 0 0 0 0 0 0 
0 0 0 0 0 0 0 0 0 0 0 0 0 0 0 0 0 0 0 0 0 0 0 0 0 0 0 0 0 0 0 0 0 0 0 0 0 0 0 0 0 0 0 0 0 0 0 0 0 0 0 0 0 0 0 0 0 0 0 0 0 0 0 0 
0 0 0 0 0 0 0 0 0 0 0 0 0 0 0 0 0 0 0 0 0 0 0 0 0 0 0 0 0 0 0 0 0 0 0 0 0 0 0 0 0 0 0 0 0 0 0 0 0 0 0 0 0 0 0 0 0 0 0 0 0 0 0 0 
0 0 0 0 0 0 0 0 0 0 0 0 0 0 0 0 0 0 0 0 0 0 0 0 0 0 0 0 0 0 0 0 0 0 0 0 0 0 0 0 0 0 0 0 0 0 0 0 0 0 0 0 0 0 0 0 0 0 0 0 0 0 0 0 
0 0 0 0 0 0 0 0 0 0 0 0 0 0 0 0 0 0 0 0 0 0 0 0 0 0 0 0 0 0 0 0 0 0 0 0 0 0 0 0 0 0 0 0 0 0 0 0 0 0 0 0 0 0 0 0 0 0 0 0 0 0 0 0 
0 0 0 0 0 0 0 0 0 0 0 0 0 0 0 0 0 0 0 0 0 0 0 0 0 0 0 0 0 0 0 0 0 0 0 0 0 0 0 0 0 0 0 0 0 0 0 0 0 0 0 0 0 0 0 0 0 0 0 0 0 0 0 0 
0 0 0 0 0 0 0 0 0 0 0 0 0 0 0 0 0 0 0 0 0 0 0 0 0 0 0 0 0 0 0 0 0 0 0 0 0 0 0 0 0 0 0 0 0 0 0 0 0 0 0 0 0 0 0 0 0 0 0 0 0 0 0 0 
0 0 0 0 0 0 0 0 0 0 0 0 0 0 0 0 0 0 0 0 0 0 0 0 0 0 0 0 0 0 0 0 0 0 0 0 0 0 0 0 0 0 0 0 0 0 0 0 0 0 0 0 0 0 0 0 0 0 0 0 0 0 0 0 
0 0 0 0 0 0 0 0 0 0 0 0 0 0 0 0 0 0 0 0 0 0 0 0 0 0 0 0 0 0 0 0 0 0 0 0 0 0 0 0 0 0 0 0 0 0 0 0 0 0 0 0 0 0 0 0 0 0 0 0 0 0 0 0 
0 0 0 0 0 0 0 0 0 0 0 0 0 0 0 0 0 0 0 0 0 0 0 0 0 0 0 0 0 0 0 0 0 0 0 0 0 0 0 0 0 0 0 0 0 0 0 0 0 0 0 0 0 0 0 0 0 0 0 0 0 0 0 0 
0 0 0 0 0 0 0 0 0 0 0 0 0 0 0 0 0 0 0 0 0 0 0 0 0 0 0 0 0 0 0 0 0 0 0 0 0 0 0 0 0 0 0 0 0 0 0 0 0 0 0 0 0 0 0 0 0 0 0 0 0 0 0 0 
0 0 0 0 0 0 0 0 0 0 0 0 0 0 0 0 0 0 0 0 0 0 0 0 0 0 0 0 0 0 0 0 0 0 0 0 0 0 0 0 0 0 0 0 0 0 0 0 0 0 0 0 0 0 0 0 0 0 0 0 0 0 0 0 
0 0 0 0 0 0 0 0 0 0 0 0 0 0 0 0 0 0 0 0 0 0 0 0 0 0 0 0 0 0 0 0 0 0 0 0 0 0 0 0 0 0 0 0 0 0 0 0 0 0 0 0 0 0 0 0 0 0 0 0 0 0 0 0 
0 0 0 0 0 0 0 0 0 0 0 0 0 0 0 0 0 0 0 0 0 0 0 0 0 0 0 0 0 0 0 0 0 0 0 0 0 0 0 0 0 0 0 0 0 0 0 0 0 0 0 0 0 0 0 0 0 0 0 0 0 0 0 0 
0 0 0 0 0 0 0 0 0 0 0 0 0 0 0 0 0 0 0 0 0 0 0 0 0 0 0 0 0 0 0 0 0 0 0 0 0 0 0 0 0 0 0 0 0 0 0 0 0 0 0 0 0 0 0 0 0 0 0 0 0 0 0 0 
0 0 0 0 0 0 0 0 0 0 0 0 0 0 0 0 0 0 0 0 0 0 0 0 0 0 0 0 0 0 0 0 0 0 0 0 0 0 0 0 0 0 0 0 0 0 0 0 0 0 0 0 0 0 0 0 0 0 0 0 0 0 0 0 
0 0 0 0 0 0 0 0 0 0 0 0 0 0 0 0 0 0 0 0 0 0 0 0 0 0 0 0 0 0 0 0 0 0 0 0 0 0 0 0 0 0 0 0 0 0 0 0 0 0 0 0 0 0 0 0 0 0 0 0 0 0 0 0 
0 0 0 0 0 0 0 0 0 0 0 0 0 0 0 0 0 0 0 0 0 0 0 0 0 0 0 0 0 0 0 0 0 0 0 0 0 0 0 0 0 0 0 0 0 0 0 0 0 0 0 0 0 0 0 0 0 0 0 0 0 0 0 0 
0 0 0 0 0 0 0 0 0 0 0 0 0 0 0 0 0 0 0 0 0 0 0 0 0 0 0 0 0 0 0 0 0 0 0 0 0 0 0 0 0 0 0 0 0 0 0 0 0 0 0 0 0 0 0 0 0 0 0 0 0 0 0 0 
0 0 0 0 0 0 0 0 0 0 0 0 0 0 0 0 0 0 0 0 0 0 0 0 0 0 0 0 0 0 0 0 0 0 0 0 0 0 0 0 0 0 0 0 0 0 0 0 0 0 0 0 0 0 0 0 0 0 0 0 0 0 0 0 
0 0 0 0 0 0 0 0 0 0 0 0 0 0 0 0 0 0 0 0 0 0 0 0 0 0 0 0 0 0 0 0 0 0 0 0 0 0 0 0 0 0 0 0 0 0 0 0 0 0 0 0 0 0 0 0 0 0 0 0 0 0 0 0 
0 0 0 0 0 0 0 0 0 0 0 0 0 0 0 0 0 0 0 0 0 0 0 0 0 0 0 0 0 0 0 0 0 0 0 0 0 0 0 0 0 0 0 0 0 0 0 0 0 0 0 0 0 0 0 0 0 0 0 0 0 0 0 0 
0 0 0 0 0 0 0 0 0 0 0 0 0 0 0 0 0 0 0 0 0 0 0 0 0 0 0 0 0 0 0 0 0 0 0 0 0 0 0 0 0 0 0 0 0 0 0 0 0 0 0 0 0 0 0 0 0 0 0 0 0 0 0 0 
0 0 0 0 0 0 0 0 0 0 0 0 0 0 0 0 0 0 0 0 0 0 0 0 0 0 0 0 0 0 0 0 0 0 0 0 0 0 0 0 0 0 0 0 0 0 0 0 0 0 0 0 0 0 0 0 0 0 0 0 0 0 0 0 
0 0 0 0 0 0 0 0 0 0 0 0 0 0 0 0 0 0 0 0 0 0 0 0 0 0 0 0 0 0 0 0 0 0 0 0 0 0 0 0 0 0 0 0 0 0 0 0 0 0 0 0 0 0 0 0 0 0 0 0 0 0 0 0 
0 0 0 0 0 0 0 0 0 0 0 0 0 0 0 0 0 0 0 0 0 0 0 0 0 0 0 0 0 0 0 0 0 0 0 0 0 0 0 0 0 0 0 0 0 0 0 0 0 0 0 0 0 0 0 0 0 0 0 0 0 0 0 0 
0 0 0 0 0 0 0 0 0 0 0 0 0 0 0 0 0 0 0 0 0 0 0 0 0 0 0 0 0 0 0 0 0 0 0 0 0 0 0 0 0 0 0 0 0 0 0 0 0 0 0 0 0 0 0 0 0 0 0 0 0 0 0 0 
0 0 0 0 0 0 0 0 0 0 0 0 0 0 0 0 0 0 0 0 0 0 0 0 0 0 0 0 0 0 0 0 0 0 0 0 0 0 0 0 0 0 0 0 0 0 0 0 0 0 0 0 0 0 0 0 0 0 0 0 0 0 0 0 
0 0 0 0 0 0 0 0 0 0 0 0 0 0 0 0 0 0 0 0 0 0 0 0 0 0 0 0 0 0 0 0 0 0 0 0 0 0 0 0 0 0 0 0 0 0 0 0 0 0 0 0 0 0 0 0 0 0 0 0 0 0 0 0 
0 0 0 0 0 0 0 0 0 0 0 0 0 0 0 0 0 0 0 0 0 0 0 0 0 0 0 0 0 0 0 0 0 0 0 0 0 0 0 0 0 0 0 0 0 0 0 0 0 0 0 0 0 0 0 0 0 0 0 0 0 0 0 0 
0 0 0 0 0 0 0 0 0 0 0 0 0 0 0 0 0 0 0 0 0 0 0 0 0 0 0 0 0 0 0 0 0 0 0 0 0 0 0 0 0 0 0 0 0 0 0 0 0 0 0 0 0 0 0 0 0 0 0 0 0 0 0 0 
