4 4 6 6 0 0 0 8 16 0 0 0 0 0 0 0 0 0 0 0 1 4 2 2 4 2 4 8 2 6 12 12 7 3 12 8 3 15 12 15 3 0 0 0 8 16 0 0 0 0 0 0 0 0 0 0 12 16 16 16 16 16 10 16 15 16 16 9 4 8 10 14 4 9 11 12 12 12 9 12 
15 14 15 12 0 0 0 8 16 0 0 0 3 12 9 7 16 7 12 14 8 13 11 8 12 8 12 11 9 15 13 12 14 8 15 11 11 13 16 13 12 0 0 0 4 16 0 0 0 0 2 4 4 4 8 8 4 11 14 16 11 12 9 16 16 16 14 6 6 12 15 15 12 10 5 2 8 15 8 12 
14 3 6 11 0 0 0 8 16 0 0 0 4 8 12 8 8 8 12 8 8 8 12 8 8 8 12 8 12 9 11 9 12 3 4 2 14 8 6 12 14 0 0 0 4 16 1 0 0 0 8 16 16 16 16 16 6 14 16 16 16 16 16 15 15 16 16 12 8 16 16 15 4 8 12 8 16 16 11 12 
16 0 3 12 0 0 0 4 16 0 0 0 4 8 12 8 8 8 12 6 12 8 12 8 8 9 12 6 16 10 13 10 12 3 0 0 14 8 4 12 12 0 0 0 4 16 4 0 0 0 4 16 16 16 16 16 0 8 16 16 16 16 14 14 10 13 13 11 10 12 14 16 6 12 12 8 14 13 12 9 
9 15 13 7 0 0 0 4 16 0 0 0 4 8 14 11 7 13 14 4 12 9 14 15 3 15 15 4 11 15 10 8 9 4 0 0 12 8 5 12 12 0 0 0 4 16 4 0 0 0 2 8 6 8 4 4 0 2 4 4 3 4 2 16 14 16 16 15 15 16 15 15 8 13 8 6 9 15 10 7 
15 16 16 8 0 0 0 4 16 2 0 0 2 14 10 15 12 12 16 11 9 15 12 16 15 12 15 16 6 10 16 16 11 3 0 0 10 12 15 12 14 0 0 0 4 16 4 0 0 0 0 0 0 0 0 0 0 0 0 0 0 0 0 13 3 8 9 16 12 3 6 15 0 1 13 12 15 13 15 12 
15 15 16 12 0 0 0 4 16 4 0 0 0 7 11 8 6 8 5 4 1 2 4 2 0 0 0 0 3 14 8 7 14 0 0 0 3 15 9 14 8 0 0 0 3 16 4 0 0 0 0 0 0 0 0 0 0 0 0 0 0 0 0 12 13 12 15 11 14 14 12 5 0 0 4 8 2 0 3 3 
16 13 14 12 0 0 0 4 16 4 0 0 0 0 0 0 0 0 0 0 0 0 0 0 0 0 0 0 0 8 8 8 6 0 0 0 0 1 4 2 0 0 0 0 0 16 4 0 0 0 0 0 0 0 0 0 0 0 0 0 0 0 0 0 0 0 0 0 0 0 0 0 0 0 0 0 0 0 0 0 
16 15 16 10 0 0 0 4 16 4 0 0 0 0 0 0 0 0 0 0 0 0 0 0 0 0 0 0 0 0 0 0 0 0 0 0 0 0 0 0 0 0 0 0 0 8 2 0 0 0 0 0 0 0 0 0 0 0 0 0 0 0 0 0 0 0 0 0 0 0 0 0 0 0 0 0 0 0 0 0 
13 15 11 1 0 0 0 1 16 4 0 0 0 0 0 0 0 0 0 0 0 0 0 0 0 0 0 0 0 0 0 0 0 0 0 0 0 0 0 0 0 0 0 0 0 0 0 0 0 0 0 0 0 0 0 0 0 0 0 0 0 0 0 0 0 0 0 0 0 0 0 0 0 0 0 0 0 0 0 0 
0 0 0 0 0 0 0 0 4 1 0 0 0 0 0 0 0 0 0 0 0 0 0 0 0 0 0 0 0 0 0 0 0 0 0 0 0 0 0 0 0 0 0 0 0 0 0 0 0 0 0 0 0 0 0 0 0 0 0 0 0 0 0 0 0 0 0 0 0 0 0 0 0 0 0 0 0 0 0 0 
0 0 0 0 0 0 0 0 0 0 0 0 0 0 0 0 0 0 0 0 0 0 0 0 0 0 0 0 0 0 0 0 0 0 0 0 0 0 0 0 0 0 0 0 0 0 0 0 0 0 0 0 0 0 0 0 0 0 0 0 0 0 0 0 0 0 0 0 0 0 0 0 0 0 0 0 0 0 0 2 
0 0 0 0 0 0 0 0 0 0 0 0 0 0 0 0 0 0 0 0 0 0 0 0 0 0 0 0 0 0 0 0 0 0 0 0 0 0 0 0 0 0 0 0 0 0 0 0 0 0 0 0 0 0 0 0 0 0 0 4 4 4 4 5 8 8 8 8 8 11 12 12 12 12 12 14 12 12 12 9 
0 0 0 0 0 0 0 0 0 0 0 0 0 0 0 0 0 0 0 0 0 0 0 0 0 0 0 7 12 0 0 0 0 0 0 0 0 0 0 0 0 0 0 0 0 0 0 0 0 0 0 0 0 0 0 0 0 0 4 13 8 8 8 8 5 4 4 4 4 3 0 0 0 0 0 0 0 0 0 0 
0 0 0 0 0 0 0 0 0 0 0 0 0 0 0 0 0 0 0 0 0 0 0 0 0 0 0 4 6 0 0 0 0 0 0 0 0 0 0 0 0 0 0 0 0 0 0 0 0 0 0 0 0 0 0 0 0 0 4 8 0 0 0 0 0 0 0 0 0 0 0 0 0 0 0 0 0 0 0 0 
0 0 0 0 0 0 0 0 0 0 0 0 0 0 0 0 0 0 0 0 0 0 0 0 0 0 0 0 0 0 0 0 0 0 0 0 0 0 0 0 0 0 0 0 0 0 0 0 0 0 0 0 0 0 0 0 0 0 2 12 0 0 0 0 0 0 0 0 0 0 0 0 0 0 0 0 0 0 0 0 
0 0 0 0 0 0 0 0 0 0 0 0 0 0 0 0 0 0 0 0 0 0 0 0 0 0 0 0 0 0 0 0 0 0 0 0 0 0 0 0 0 0 0 0 0 0 0 0 0 0 0 0 0 0 0 0 0 0 0 12 0 0 0 0 0 0 0 0 0 0 0 0 0 0 0 0 0 0 0 0 
0 0 0 0 0 0 0 0 0 0 0 0 0 0 0 0 0 0 0 0 0 0 0 0 0 0 0 0 0 0 0 0 0 0 0 0 0 0 0 0 0 0 0 0 0 0 0 0 0 0 0 0 0 0 0 0 0 0 0 12 0 0 0 0 0 0 0 0 0 0 0 0 0 0 0 0 0 0 0 0 
0 0 0 0 0 0 0 0 0 0 0 0 0 0 0 0 0 0 0 0 0 0 0 0 0 0 0 0 0 0 0 0 0 0 0 0 0 0 0 0 0 0 0 0 0 0 0 0 0 0 0 0 0 0 0 0 0 0 0 14 0 0 0 0 0 0 0 0 0 0 0 0 0 0 0 0 0 0 0 0 
0 0 0 0 0 0 0 0 0 0 0 0 0 0 0 0 0 0 0 0 0 0 0 0 0 0 0 0 0 0 0 0 0 0 0 0 0 0 0 0 0 0 0 0 6 7 0 0 0 0 0 0 0 0 0 0 0 0 0 12 0 0 0 0 0 0 0 0 0 0 0 0 0 0 0 0 0 0 0 0 
0 0 0 0 0 0 0 0 0 0 0 0 0 0 0 0 0 0 0 0 0 0 0 0 0 0 0 5 12 14 14 0 0 0 0 0 0 0 0 0 1 5 10 14 10 13 7 0 0 0 0 0 0 0 0 0 0 0 0 12 0 0 0 0 0 0 0 0 0 0 0 0 0 0 0 0 0 0 0 0 
0 0 0 0 0 0 0 0 0 0 0 0 0 0 0 0 0 0 0 0 0 0 0 0 0 0 0 8 6 0 12 0 0 0 0 0 2 5 8 12 14 9 5 0 0 3 15 5 0 0 0 0 0 0 0 0 0 0 0 10 4 0 0 0 0 0 0 0 0 0 2 1 3 4 5 6 5 8 8 6 
0 0 0 0 6 7 1 0 0 0 0 0 0 0 0 0 0 0 0 0 0 0 0 0 0 0 0 5 8 0 11 3 0 0 6 14 12 8 5 2 0 0 0 3 7 10 14 7 0 0 0 0 0 0 0 0 0 0 0 8 13 12 15 14 16 15 16 15 12 12 12 12 11 8 8 8 8 5 4 3 
0 0 0 0 14 8 13 13 0 0 0 0 0 0 0 0 0 0 0 0 0 0 0 0 0 0 0 4 8 0 8 4 0 0 8 4 0 0 3 6 9 12 14 11 7 4 0 0 0 0 0 0 0 0 0 0 0 0 0 8 6 0 8 6 0 0 0 0 0 0 0 0 0 0 0 0 0 0 0 0 
0 0 0 5 10 0 5 15 0 0 0 0 0 0 0 0 0 0 0 0 0 0 0 0 0 0 0 2 12 0 8 4 0 0 8 6 0 12 11 8 4 1 0 0 0 0 0 0 0 0 0 0 0 0 0 0 0 0 0 5 8 0 0 0 0 0 0 0 0 0 0 0 0 0 1 4 4 4 5 6 
0 0 0 10 5 0 14 4 0 0 0 0 0 0 0 1 4 4 5 8 8 8 0 0 1 4 4 5 12 0 7 14 12 15 10 8 0 12 0 0 0 0 0 0 0 0 0 0 0 0 0 0 0 0 0 0 0 0 0 4 12 8 8 12 12 12 12 12 12 14 12 12 12 12 12 9 8 8 8 4 
0 0 1 14 0 3 14 8 8 8 12 12 12 14 12 12 9 8 8 5 4 13 0 0 12 9 8 8 4 0 0 0 0 2 16 8 0 12 0 0 0 0 0 0 0 0 2 4 3 0 0 0 0 0 0 0 0 0 0 1 10 4 4 2 0 0 0 0 0 0 0 0 0 0 0 0 0 0 0 0 
0 0 8 10 0 1 8 6 4 4 2 0 0 0 0 0 0 0 0 0 0 12 0 0 12 0 0 0 0 0 0 4 4 5 14 12 0 11 9 8 8 11 12 12 14 12 12 8 13 0 0 0 0 0 0 0 0 0 0 0 2 4 4 4 5 8 8 8 8 11 12 12 12 12 14 12 12 12 12 9 
0 1 15 2 0 0 0 0 0 0 2 4 4 3 0 2 12 12 12 3 0 12 0 0 10 13 12 14 15 0 3 14 8 8 4 12 0 2 8 4 4 3 0 0 0 0 0 0 13 0 0 0 0 0 0 0 0 0 0 0 15 8 8 8 8 5 4 4 4 3 0 0 0 0 0 0 0 0 0 0 
0 9 10 0 6 12 13 15 3 0 13 9 8 12 0 8 6 0 8 4 0 12 0 0 0 3 0 0 12 2 1 12 0 0 0 12 0 0 0 0 4 2 0 0 8 8 8 12 15 0 0 0 0 0 0 0 0 0 0 0 12 0 0 0 0 0 0 0 0 4 4 4 4 6 8 8 8 8 10 9 
4 15 1 2 15 3 0 11 3 1 13 0 2 12 0 8 4 0 8 4 0 12 0 0 0 0 0 0 8 4 0 12 7 15 13 14 0 4 14 12 10 15 0 0 13 4 4 2 0 0 0 0 0 0 0 0 0 0 0 0 14 12 12 12 14 12 12 12 12 10 8 8 8 8 4 4 4 4 4 0 
15 5 0 11 8 0 1 14 0 6 9 0 4 8 0 10 4 0 8 4 0 12 0 0 0 0 0 0 8 4 0 12 11 3 13 14 0 4 8 0 0 12 2 0 12 0 0 0 0 0 0 0 0 0 0 0 0 0 0 0 12 0 0 0 0 0 0 0 0 0 0 0 0 0 0 0 0 0 0 0 
9 0 5 14 1 0 8 9 0 12 3 0 7 7 0 12 0 0 8 4 0 13 0 0 0 0 0 1 11 4 0 0 0 6 14 16 0 4 11 16 14 12 4 0 12 0 0 0 0 0 0 0 0 0 0 0 0 0 0 0 12 0 0 0 0 0 0 0 0 0 0 0 4 6 12 12 6 4 8 6 
1 2 15 4 0 1 15 2 2 14 0 0 10 4 0 14 0 0 8 4 0 13 0 0 0 3 9 14 10 1 0 3 12 13 4 12 0 4 16 6 3 8 2 0 14 0 0 0 0 0 0 0 0 0 0 0 0 0 0 0 11 12 12 12 12 13 15 13 12 12 12 12 10 15 7 10 12 8 6 3 
15 14 8 0 0 11 9 0 11 7 0 0 14 0 3 11 0 0 8 4 0 12 0 0 7 14 6 1 0 0 0 11 8 0 0 12 0 4 16 7 0 0 0 0 12 8 1 0 0 0 0 0 0 0 0 0 0 0 0 0 8 4 0 0 0 0 0 0 0 0 0 0 7 13 4 15 1 0 0 0 
2 4 0 0 10 13 1 5 14 1 0 5 10 0 7 7 0 0 12 2 0 12 0 0 2 15 1 4 11 7 0 9 4 0 0 13 0 4 11 12 14 6 0 0 2 10 15 8 1 0 0 0 0 0 0 0 0 0 0 0 8 4 0 0 0 0 0 0 0 0 0 3 15 2 14 5 0 0 0 0 
0 0 0 10 13 1 3 15 4 0 0 12 5 0 14 2 0 0 12 0 0 12 0 0 0 10 14 14 6 12 0 8 4 0 0 13 0 5 8 0 4 12 8 0 0 0 2 11 14 5 0 0 0 0 0 0 0 0 0 0 8 6 0 0 0 0 0 0 0 0 0 12 7 8 12 0 0 0 0 0 
0 1 12 13 1 3 15 6 0 0 4 14 0 6 11 0 0 0 12 0 0 12 0 0 0 1 4 1 0 12 0 8 5 0 2 12 0 8 5 0 0 3 11 0 2 4 0 0 7 12 0 0 0 0 0 0 0 0 0 0 4 8 0 0 0 0 0 0 0 0 7 13 2 15 2 0 0 0 0 0 
7 15 9 0 3 15 6 0 0 1 14 5 1 14 4 0 0 0 12 0 0 12 0 0 0 0 0 0 0 14 0 5 8 0 7 7 0 10 4 0 0 0 12 0 8 14 13 3 12 6 0 0 0 0 0 0 0 0 0 0 4 8 0 0 0 0 0 0 0 1 15 3 12 7 0 0 0 0 0 0 
11 13 4 6 15 6 0 0 0 12 10 0 8 11 0 0 0 0 12 0 0 12 0 0 0 0 0 0 0 12 0 4 8 0 13 2 0 14 0 0 0 0 12 0 7 7 7 15 14 0 0 0 0 0 0 0 0 0 0 0 4 8 0 0 0 0 0 0 0 10 9 7 13 0 0 0 0 0 0 0 
0 6 15 14 3 0 0 0 10 13 0 3 15 2 0 0 0 0 12 0 0 12 0 0 0 0 0 0 0 12 0 4 10 4 12 0 3 11 0 0 0 0 14 0 4 8 0 0 0 0 0 0 0 0 0 0 0 0 0 0 2 12 0 0 0 0 0 0 4 15 3 15 3 0 0 0 0 0 0 0 
0 0 0 0 0 0 0 10 13 1 1 15 6 0 0 0 0 0 13 0 0 12 0 0 0 0 2 8 11 15 0 1 13 14 5 0 10 6 0 0 0 0 12 0 4 9 0 0 0 0 0 0 0 0 0 0 0 0 0 0 0 12 0 0 0 0 0 1 14 5 12 8 0 0 0 0 0 0 0 0 
0 0 0 0 0 1 12 13 1 1 13 9 0 2 8 12 12 14 11 0 2 12 0 0 0 0 4 14 3 0 0 5 13 15 2 3 15 1 0 0 0 0 12 0 2 12 0 0 0 0 0 0 0 0 0 0 0 0 0 0 0 12 0 0 0 0 0 8 11 5 14 0 0 0 0 0 0 0 0 0 
0 0 0 1 6 15 9 0 1 13 10 0 0 3 15 5 0 0 0 0 8 7 0 0 0 0 0 13 5 0 4 13 7 8 15 14 7 0 0 0 0 0 9 12 12 8 0 0 0 0 0 0 0 0 0 0 0 0 0 0 0 14 0 0 0 0 3 15 2 14 4 0 0 0 0 0 0 0 0 0 
0 0 0 4 16 6 0 3 14 9 0 0 0 0 6 13 0 0 2 8 15 2 0 0 0 0 0 5 14 13 12 6 0 0 2 4 0 0 0 0 0 0 0 0 0 0 0 0 0 0 0 0 0 0 0 0 0 0 0 0 0 12 0 0 0 0 13 7 9 11 0 0 0 0 0 0 0 0 0 0 
0 0 0 0 8 15 9 15 6 0 0 0 0 0 0 13 12 14 12 7 2 0 0 0 0 0 0 0 4 1 0 0 0 0 0 0 0 0 0 0 0 0 0 0 0 0 0 0 0 0 0 0 0 0 0 0 0 0 0 0 0 12 0 0 0 7 12 4 15 1 0 0 0 0 0 0 0 0 0 0 
0 0 0 0 0 5 8 2 0 0 0 0 0 0 0 0 0 0 0 0 0 0 0 0 0 0 0 0 0 0 0 0 0 0 0 0 0 0 0 0 0 0 0 0 0 0 0 0 0 0 0 0 0 0 0 0 0 0 0 0 0 12 2 0 1 15 3 13 6 0 0 0 0 0 0 0 0 0 0 0 
0 0 0 0 0 0 0 0 0 0 0 0 0 0 0 0 0 0 0 0 0 0 0 0 0 0 0 0 0 0 0 0 0 0 0 0 0 0 0 0 0 0 0 0 0 0 0 0 0 0 0 0 0 0 0 0 0 0 0 0 0 8 4 0 11 9 8 12 0 0 0 0 0 0 0 0 0 0 0 0 
0 0 0 0 0 0 0 0 0 0 0 0 0 0 0 0 0 0 0 0 0 0 0 0 0 0 0 0 0 0 0 0 0 0 0 0 0 0 0 0 0 0 0 0 0 0 0 0 0 0 0 0 0 0 0 0 0 0 0 0 0 8 4 5 14 3 15 2 0 0 0 0 0 0 0 0 0 0 0 0 
0 0 0 0 0 0 0 0 0 0 0 0 0 0 0 0 0 0 0 0 0 0 0 0 0 0 0 0 0 0 0 0 0 0 0 0 0 0 0 0 0 0 0 0 0 0 0 0 0 0 0 0 0 0 0 0 0 0 0 0 0 8 5 15 4 13 8 0 2 4 4 4 5 8 8 8 8 10 12 9 
0 0 0 0 0 0 0 0 0 0 0 0 0 0 0 0 0 0 0 0 0 0 0 0 0 0 0 0 0 0 0 0 0 0 0 0 0 0 0 0 0 0 0 0 0 0 0 0 0 0 0 0 0 0 0 0 0 0 0 0 0 6 16 9 0 10 12 12 12 8 8 8 8 5 4 4 4 4 0 0 
0 0 0 0 0 0 0 0 0 0 0 0 0 0 0 0 0 0 0 0 0 0 0 0 0 0 0 0 0 0 0 0 0 0 0 0 0 0 0 0 0 0 0 0 0 0 0 0 0 0 0 0 0 0 0 0 0 0 0 0 0 0 0 0 0 0 0 0 0 0 0 0 0 0 0 0 0 0 0 0 
0 0 0 0 0 0 0 0 0 0 0 0 0 0 0 0 0 0 0 0 0 0 0 0 0 0 0 0 0 0 0 0 0 0 0 0 0 0 0 0 0 0 0 0 0 0 0 0 0 0 0 0 0 0 0 0 0 0 0 0 0 0 0 0 0 0 0 0 0 0 0 0 0 0 0 0 0 0 0 0 
0 0 0 0 0 0 0 0 0 0 0 0 0 0 0 0 0 0 0 0 0 0 0 0 0 0 0 0 0 0 0 0 0 0 0 0 0 0 0 0 0 0 0 0 0 0 0 0 0 0 3 4 3 8 2 0 0 0 0 0 0 0 0 0 0 0 0 0 0 0 0 0 0 0 0 0 0 0 0 0 
0 0 0 0 0 0 0 0 0 0 0 0 0 0 0 0 0 0 0 0 0 0 0 0 0 0 0 0 0 0 0 0 0 0 0 0 0 0 4 4 5 8 8 10 12 12 14 12 15 12 15 16 13 16 4 0 0 0 0 0 0 0 0 0 0 0 0 0 0 0 0 0 0 0 0 0 0 0 0 0 
0 0 0 0 0 0 0 0 0 0 0 0 0 0 0 0 0 0 0 0 0 0 0 0 0 0 0 0 0 0 0 0 3 10 12 14 12 12 10 8 8 5 4 4 0 0 0 9 15 14 16 12 16 3 0 0 0 0 0 0 0 0 0 0 0 0 0 0 0 0 0 0 0 0 0 0 0 0 0 0 
0 0 0 0 0 0 0 0 0 0 0 0 0 0 0 0 0 0 0 0 0 0 0 0 0 0 0 0 0 0 0 7 16 16 10 0 0 0 0 0 0 0 0 0 0 3 13 16 16 16 16 16 12 0 0 0 0 0 0 0 0 0 0 0 0 0 0 0 0 0 0 0 0 0 0 0 0 0 0 0 
0 0 0 0 0 0 0 0 0 0 0 0 0 0 0 0 0 0 0 0 0 0 0 0 0 0 0 0 0 0 6 15 9 16 16 11 2 0 0 0 0 0 0 3 10 16 11 16 15 15 12 8 1 0 0 0 0 0 0 0 0 0 0 0 0 0 0 0 0 0 0 0 0 0 0 0 0 0 0 0 
0 0 0 0 0 0 0 0 0 0 0 0 0 0 0 0 0 0 0 0 0 0 0 0 0 0 0 0 0 0 5 16 15 15 12 16 16 10 8 8 8 9 14 11 6 16 14 16 12 15 5 0 0 0 0 0 0 0 0 0 0 0 0 0 0 0 0 0 0 0 0 0 0 0 0 0 0 0 0 0 
0 0 0 0 0 0 0 0 0 0 0 0 0 0 0 0 0 0 0 0 0 0 0 0 0 0 0 0 0 0 0 6 12 6 11 11 12 6 4 4 4 4 1 0 5 11 12 10 12 6 0 0 0 0 0 0 0 0 0 0 0 0 0 0 0 0 0 0 0 0 0 0 0 0 0 0 0 0 0 0 
