0 0 0 0 0 11 3 0 10 4 0 0 0 0 0 1 14 3 0 0 0 0 0 0 0 0 0 0 0 0 0 0 4 16 0 0 0 7 16 13 10 16 13 3 0 0 0 0 0 0 0 8 11 15 0 0 0 0 0 0 0 0 0 0 0 0 0 0 0 0 0 9 4 7 12 3 0 12 5 15 
0 0 0 0 0 14 0 0 14 0 0 0 0 0 0 11 10 0 0 0 0 0 0 0 0 0 0 0 0 0 0 0 4 16 2 0 0 0 8 16 16 15 16 15 6 0 0 0 0 0 5 15 15 7 0 0 0 0 0 0 0 0 0 0 0 0 0 0 0 0 0 12 1 12 7 15 0 12 14 6 
0 0 0 0 2 12 0 2 12 0 0 0 0 0 5 14 1 0 0 0 0 0 0 0 0 0 0 0 0 0 0 0 4 16 7 0 0 0 0 3 15 16 15 16 16 10 1 0 0 1 15 12 12 0 0 0 0 0 0 0 0 0 0 0 0 0 0 0 0 0 0 11 12 14 0 12 0 11 11 0 
0 0 0 0 5 8 0 5 8 0 0 0 0 1 15 4 0 0 0 0 0 0 0 0 0 0 0 0 0 0 0 0 0 14 16 8 0 0 0 5 9 16 16 15 15 16 13 3 0 12 14 15 2 0 0 0 0 0 0 0 0 0 0 0 0 0 0 0 0 4 8 8 12 11 8 14 0 0 3 15 
0 0 0 0 8 5 0 8 5 0 0 0 0 12 9 0 0 0 0 0 0 0 0 0 0 0 0 0 0 0 0 0 0 2 13 16 12 1 5 16 16 16 16 16 16 15 16 16 12 15 15 4 0 0 0 0 0 0 0 0 0 0 0 0 0 0 1 8 14 10 6 4 4 4 4 4 0 2 15 6 
0 0 0 0 11 3 0 11 3 0 0 0 7 13 0 0 0 0 0 0 0 0 0 0 0 0 0 0 0 0 0 0 0 0 1 10 16 15 15 15 3 12 16 16 15 16 14 16 15 14 8 0 0 0 0 0 0 0 0 0 0 0 0 0 0 5 15 10 2 0 0 5 8 8 8 2 0 4 15 15 
0 0 0 0 12 0 0 13 0 0 0 2 15 3 0 0 0 0 0 0 0 0 0 0 0 0 0 0 0 0 0 0 0 0 0 0 6 15 16 8 0 0 11 16 5 11 16 16 14 12 0 0 0 0 0 0 0 0 0 0 0 0 0 0 5 15 4 1 11 16 0 12 5 7 16 3 0 0 0 0 
0 0 0 0 14 0 0 13 0 0 0 13 8 0 0 0 0 0 0 0 0 0 0 0 0 0 0 0 0 0 0 0 0 0 0 0 5 16 16 15 10 4 15 15 1 0 13 13 15 2 0 0 0 0 0 0 0 0 0 0 0 0 0 0 8 8 3 15 9 13 0 12 1 14 6 8 16 13 10 4 
0 0 0 0 12 0 0 12 0 0 9 12 0 0 0 0 0 0 0 0 0 0 0 0 0 0 0 0 0 0 0 0 0 0 0 2 15 15 13 13 13 16 16 4 0 1 15 15 5 0 0 0 0 0 0 0 0 0 0 0 0 0 0 0 1 14 15 6 0 14 0 12 13 10 6 15 2 0 15 7 
0 0 0 3 11 0 4 10 0 4 15 1 0 0 0 0 0 0 0 0 0 0 0 0 0 0 0 0 0 0 0 0 0 0 1 13 16 5 0 10 16 16 16 8 0 13 16 9 0 0 0 0 0 0 0 0 0 0 0 0 0 0 0 0 0 7 5 0 3 14 8 14 11 3 15 3 0 10 12 0 
0 0 0 4 8 0 4 8 1 14 5 0 0 0 0 0 0 0 0 0 0 0 0 0 0 0 0 0 0 0 0 0 1 4 11 16 8 0 1 13 16 9 13 16 10 16 13 1 0 0 0 0 0 0 0 0 0 0 0 0 0 0 0 0 0 0 0 0 0 6 11 15 3 15 6 0 7 13 1 15 
0 0 0 4 8 0 4 8 11 10 0 0 0 0 0 0 0 0 0 0 0 0 0 0 0 0 0 0 0 0 0 0 8 13 16 14 0 0 13 16 7 0 0 9 14 15 3 0 0 0 0 0 0 0 0 0 0 0 0 0 0 0 0 0 0 0 0 0 0 5 15 3 13 9 0 5 15 3 0 15 
0 0 0 5 8 0 8 12 13 1 0 0 0 0 0 0 0 0 0 0 0 0 0 0 0 0 0 0 0 0 0 0 8 9 16 16 13 10 16 10 0 0 0 12 8 15 9 0 0 0 0 0 0 0 0 0 0 0 0 0 0 4 1 0 0 0 0 0 0 8 11 10 12 0 3 15 4 7 5 0 
0 0 0 8 5 0 8 16 4 0 0 0 0 0 0 0 0 0 0 0 0 0 0 0 0 0 0 0 0 0 0 0 11 16 11 10 16 16 13 0 0 2 13 13 0 2 16 0 0 0 0 0 0 0 0 0 0 0 0 14 12 14 4 0 0 0 2 1 0 1 13 14 1 2 15 6 8 13 15 8 
0 0 0 8 4 0 4 7 0 0 0 0 0 0 0 0 0 0 0 0 0 0 0 0 0 0 0 0 0 0 0 0 14 5 15 11 16 14 15 5 0 10 8 0 0 9 11 0 0 0 0 0 0 0 0 0 0 0 2 12 0 13 2 0 5 12 15 11 0 0 0 0 0 3 15 7 15 2 10 9 
0 0 0 8 4 0 0 0 0 0 0 0 0 0 0 0 0 0 0 0 0 0 0 0 0 0 0 0 0 0 0 0 15 8 2 13 16 16 14 16 11 15 1 0 6 14 1 0 0 0 0 0 0 0 0 0 0 0 4 8 0 13 0 0 9 5 7 7 0 0 0 0 0 0 6 12 5 7 13 1 
0 0 0 8 4 0 0 0 0 0 0 0 0 0 0 0 0 0 0 0 0 0 0 0 0 0 0 0 0 0 0 0 2 13 12 15 9 16 14 14 16 4 0 3 15 3 0 0 0 0 0 0 0 0 0 0 0 0 4 8 0 12 0 0 12 1 8 4 0 5 11 16 0 0 0 0 5 15 3 11 
0 0 0 8 4 0 0 0 0 0 0 0 0 0 0 0 0 0 0 0 0 0 0 0 0 0 0 0 0 0 0 0 0 0 4 3 0 4 14 16 10 0 3 15 6 0 0 0 0 0 0 0 0 0 0 0 0 0 4 8 0 12 0 0 12 0 12 2 0 14 5 12 3 0 0 0 11 10 9 12 
0 0 0 7 7 0 0 0 0 0 0 0 0 0 0 0 0 0 0 0 0 0 0 0 0 0 0 0 0 0 0 0 0 0 0 0 0 0 7 14 1 1 13 7 0 0 0 0 0 0 0 0 0 0 0 0 0 0 4 8 0 12 0 0 12 0 12 0 0 13 0 8 4 0 0 0 2 13 15 1 
0 0 0 4 8 0 0 0 0 0 0 0 0 0 0 0 0 0 0 0 0 0 0 0 0 0 0 0 0 0 0 0 0 0 0 0 0 2 15 3 0 12 10 0 0 0 0 0 0 0 0 0 0 7 12 6 4 0 4 8 0 12 0 0 12 0 10 4 0 13 0 8 5 0 0 0 0 0 0 0 
0 0 0 4 8 0 0 0 0 0 0 0 0 0 0 0 0 0 0 0 0 0 0 0 0 0 0 0 0 0 0 0 0 0 0 0 0 12 8 0 9 13 0 0 0 0 0 0 0 0 0 0 3 15 5 9 16 0 3 11 0 14 0 0 12 2 8 5 0 10 4 5 9 0 0 0 0 0 0 0 
0 0 0 4 9 0 0 0 0 0 0 0 0 0 0 0 0 0 0 0 0 0 0 0 0 0 0 0 0 0 0 0 0 0 0 0 7 13 0 6 15 1 0 0 0 0 0 0 0 0 0 0 12 7 0 12 10 0 0 14 0 11 3 0 8 5 5 10 0 6 8 1 14 0 0 0 0 0 0 0 
0 0 0 1 12 0 0 0 0 0 0 0 0 0 0 0 0 0 0 0 0 0 0 0 0 0 0 0 0 0 0 0 0 0 0 3 15 3 3 15 3 0 0 0 0 0 0 0 0 0 0 2 14 0 7 13 0 0 0 11 3 6 9 0 5 10 0 14 1 5 8 0 11 4 0 0 0 0 0 0 
0 0 0 0 12 0 0 0 0 0 0 0 0 0 0 0 0 0 0 0 0 0 0 0 0 0 0 0 0 0 0 0 0 0 0 14 6 6 15 6 0 0 0 0 0 0 0 0 0 0 0 4 10 0 8 7 0 0 0 6 10 1 15 1 0 15 2 9 12 15 5 0 5 10 0 0 0 0 0 0 
0 0 0 0 14 0 0 0 0 0 0 0 0 0 0 0 0 0 0 0 0 0 0 0 0 0 0 0 0 0 0 0 0 0 10 12 1 13 8 0 0 0 0 0 0 0 0 0 0 0 0 0 15 4 3 15 6 0 0 1 15 1 9 10 0 8 11 1 12 6 2 3 0 15 3 0 0 0 0 0 
0 0 0 0 12 1 0 0 0 0 0 0 0 0 0 0 0 0 0 0 0 0 0 0 0 0 0 0 0 0 0 0 0 6 16 10 11 10 0 0 0 0 0 0 0 0 0 0 0 0 0 0 5 15 3 3 15 6 0 0 10 9 1 15 4 1 14 4 0 1 13 15 1 7 12 0 0 0 0 0 
0 0 0 0 9 4 0 0 0 0 0 0 0 0 0 0 0 0 0 0 0 0 0 0 0 0 0 0 0 0 0 0 2 15 4 15 13 1 0 0 0 0 0 0 0 0 0 0 0 0 0 0 0 6 15 3 3 15 6 0 1 15 4 5 15 1 11 8 0 13 10 9 6 6 16 0 0 0 0 0 
0 0 0 0 6 8 0 0 0 0 0 0 0 0 0 0 0 0 0 0 0 0 0 0 0 0 0 0 0 0 0 0 12 8 6 14 1 0 0 0 0 0 0 0 0 0 5 10 6 0 0 0 0 0 6 15 3 3 15 6 0 5 14 1 9 14 14 1 10 12 0 4 15 13 4 0 0 0 0 0 
0 0 0 0 3 11 0 0 0 0 0 0 7 2 0 0 0 0 0 0 0 0 0 0 0 0 0 0 0 0 0 7 13 3 15 3 0 0 0 0 0 0 0 0 0 0 14 7 10 16 0 0 0 0 0 6 15 3 3 15 6 0 10 12 0 4 2 6 14 1 0 1 2 0 0 0 0 0 0 0 
0 0 0 0 0 14 0 0 0 0 0 6 16 15 8 0 0 0 0 0 0 0 0 0 0 0 0 0 0 0 3 15 5 15 6 0 0 0 0 0 0 0 0 0 0 3 12 0 9 13 0 0 0 0 0 0 6 15 3 3 15 6 0 13 7 0 5 15 3 0 0 0 0 0 0 0 0 0 0 0 
0 0 0 0 0 12 2 0 0 0 0 15 16 15 15 11 3 0 0 0 0 0 0 0 0 0 0 0 0 0 13 8 13 8 0 0 0 0 0 0 0 0 0 0 0 4 9 0 12 7 0 0 0 3 0 0 0 6 15 3 3 15 7 13 6 3 15 4 0 0 0 0 0 0 0 0 0 0 0 3 
0 0 0 0 0 8 5 0 0 0 0 11 15 16 16 16 14 4 0 0 0 0 0 0 0 0 0 0 0 8 12 10 11 0 0 0 0 0 0 0 0 0 0 0 3 9 15 3 3 15 7 0 6 14 14 9 0 0 6 13 1 3 12 9 1 13 7 0 0 0 0 0 0 0 0 0 0 0 4 15 
0 0 0 0 0 5 10 0 0 0 0 0 2 10 16 11 15 16 5 0 0 0 0 0 0 0 0 0 3 15 10 13 1 0 0 0 0 0 0 0 0 0 0 12 11 11 13 15 4 3 13 10 10 4 6 11 0 0 0 10 13 1 0 0 13 10 0 0 0 0 0 0 0 0 0 0 0 3 15 5 
0 0 0 0 0 0 14 0 0 0 0 0 0 3 15 15 16 16 16 6 0 0 0 0 0 0 0 0 14 11 15 2 0 0 0 0 0 0 0 0 0 0 0 12 2 3 11 5 15 6 1 13 15 0 11 4 0 0 0 0 10 13 1 10 12 0 0 0 0 0 0 0 0 0 0 0 1 14 6 0 
0 0 0 0 0 0 11 3 0 0 0 0 0 0 3 9 16 16 16 15 12 3 0 0 0 0 0 9 14 15 4 0 0 0 0 0 0 0 0 0 0 0 0 6 10 0 14 2 3 14 10 0 0 2 14 0 0 0 0 0 0 10 15 13 1 0 0 0 0 0 0 0 0 0 0 0 12 10 0 0 
0 0 0 0 0 0 6 9 0 0 0 0 0 0 0 0 5 12 16 16 16 12 7 0 0 0 4 16 15 6 0 0 0 0 0 0 0 0 0 0 0 0 0 1 15 1 8 12 0 1 13 10 0 3 15 5 0 1 14 15 6 0 4 2 0 0 0 0 0 0 0 0 0 0 0 10 16 8 0 0 
0 0 0 0 0 0 1 14 0 0 0 0 0 0 0 0 0 0 10 16 16 16 16 13 0 1 14 16 10 0 0 0 0 0 0 0 0 0 0 0 0 0 0 0 9 10 0 13 7 0 0 15 0 0 4 15 7 11 10 4 16 0 0 0 0 0 0 0 0 0 0 0 0 0 8 13 15 16 12 2 
0 0 0 0 0 0 0 11 4 0 0 0 0 0 0 0 0 0 2 4 16 13 16 16 9 10 16 13 0 0 0 0 0 0 0 0 0 0 8 15 13 1 0 0 1 15 6 3 15 4 3 11 2 11 5 3 11 11 2 13 10 0 0 0 0 0 0 0 0 0 0 0 0 6 15 2 2 12 16 15 
0 0 0 0 0 0 0 5 10 0 7 16 9 0 0 0 0 0 0 0 10 15 16 16 15 16 15 1 0 0 0 0 0 0 0 0 0 3 15 2 10 13 1 0 0 3 15 3 5 15 11 8 7 11 15 6 0 0 8 10 0 0 0 0 0 0 0 0 0 0 0 0 3 15 3 0 0 0 7 15 
0 0 0 0 0 0 0 0 14 1 2 13 16 13 2 0 0 0 0 0 0 6 12 14 16 16 3 0 0 0 0 0 0 0 0 0 0 2 14 10 1 9 15 3 0 0 11 16 6 6 16 16 15 2 6 12 0 0 7 14 3 0 0 0 0 0 0 0 0 0 0 2 14 13 5 0 0 0 0 0 
0 0 0 0 0 0 0 0 9 8 0 1 11 16 15 5 0 0 0 0 0 0 3 13 16 6 0 0 0 0 0 0 0 0 0 0 0 0 1 11 13 2 6 15 11 14 10 15 16 6 4 15 11 3 15 6 5 8 1 6 15 6 0 0 0 0 0 0 0 0 1 15 15 16 16 3 0 0 0 0 
0 0 0 0 0 0 0 0 2 14 0 0 0 6 15 16 9 0 0 0 0 0 0 0 0 0 0 0 0 0 0 0 0 0 0 0 0 0 0 1 12 12 0 2 4 0 0 10 11 15 5 3 13 15 14 4 15 11 13 2 3 14 7 0 0 0 0 0 0 0 12 15 16 16 16 4 0 0 0 0 
0 0 0 0 0 0 0 0 0 12 6 0 0 0 3 13 16 13 2 0 0 0 0 0 0 0 0 0 0 0 0 0 0 0 0 0 0 0 11 13 9 5 0 0 0 0 15 12 4 13 7 0 1 13 16 16 6 0 8 15 6 15 5 0 0 0 0 0 0 10 16 14 16 16 15 2 0 0 0 0 
0 0 0 0 0 0 0 0 0 4 14 0 0 0 0 1 10 16 15 6 0 0 0 0 0 0 0 0 0 0 0 0 0 0 0 0 0 0 10 5 0 2 7 12 8 0 11 13 10 11 1 12 11 1 9 15 3 0 0 6 12 6 0 0 0 0 0 0 7 16 13 14 12 4 1 0 0 0 1 8 
0 0 0 0 0 0 0 0 0 0 12 6 0 0 0 0 0 5 15 16 10 0 0 0 0 0 0 0 0 0 0 0 0 0 0 0 0 0 5 14 13 13 7 4 13 11 1 7 8 2 13 9 10 13 2 6 15 3 0 0 0 0 0 0 0 0 0 4 16 16 16 16 16 3 0 0 0 0 8 13 
0 0 0 0 0 0 0 0 0 0 4 14 0 0 4 8 6 1 2 14 16 4 0 0 0 0 0 0 0 0 0 0 0 0 0 0 0 0 0 4 1 0 0 0 1 10 13 0 0 10 11 0 0 12 4 3 15 2 0 0 0 0 0 0 0 0 3 15 15 12 16 16 14 1 0 0 0 11 16 16 
0 0 0 0 0 0 0 0 0 0 0 12 7 0 9 15 16 15 7 15 5 0 0 0 0 8 15 13 3 0 0 0 0 0 0 0 0 0 0 0 0 0 0 0 0 3 16 0 8 13 1 0 4 15 2 14 6 0 0 0 0 0 0 0 0 1 14 6 13 15 15 16 3 0 0 0 5 16 16 15 
0 0 0 0 0 0 0 0 0 0 0 3 15 1 0 0 6 15 16 7 0 0 0 0 3 15 14 16 8 0 0 0 0 0 0 0 0 0 0 0 0 0 0 0 3 15 6 6 15 2 0 1 14 5 8 11 0 0 0 0 0 0 0 0 0 13 15 1 0 3 12 5 0 0 0 2 15 16 16 11 
0 0 0 0 0 0 0 0 0 0 0 0 10 9 0 0 0 3 12 3 0 0 0 0 13 14 13 0 1 4 3 0 0 0 0 0 0 0 0 0 0 0 0 0 11 7 3 15 3 0 0 9 11 2 15 2 0 0 0 0 0 0 0 0 9 12 10 14 4 0 0 0 0 0 0 11 16 15 16 15 
0 0 0 0 0 0 0 0 0 0 0 0 1 15 4 0 0 0 0 0 0 0 0 4 12 14 2 3 14 13 16 0 0 0 0 0 0 0 0 0 0 0 0 0 9 13 13 7 0 0 4 15 1 11 8 0 0 0 0 0 0 0 0 0 15 7 0 5 15 9 0 0 0 0 6 14 13 8 6 16 
0 0 0 0 0 0 0 0 0 0 0 0 0 6 13 0 0 0 0 0 0 0 0 4 13 16 9 15 12 15 8 4 4 0 0 0 0 0 0 0 0 0 0 0 0 7 7 0 0 0 13 6 4 14 0 0 0 0 0 0 0 0 0 0 3 14 11 1 1 12 13 3 0 3 15 3 9 14 11 14 
0 0 0 0 0 0 0 0 0 0 0 0 0 0 12 9 0 0 0 0 0 0 0 0 8 16 14 11 15 3 7 13 13 6 0 0 0 0 0 0 0 0 0 0 0 0 0 0 0 9 12 0 11 6 0 0 0 0 0 0 0 0 0 0 0 1 9 15 4 0 7 15 7 12 7 0 0 2 4 0 
0 0 0 0 0 0 0 0 0 0 0 0 0 0 1 15 4 0 0 0 0 0 0 0 0 5 12 7 15 4 15 12 14 16 11 1 0 0 0 0 0 0 0 0 0 0 0 0 0 9 14 12 15 0 0 0 0 0 0 0 0 0 0 0 0 0 0 8 12 0 0 3 14 12 0 0 0 0 0 0 
0 0 0 0 0 0 0 0 0 0 0 0 0 0 0 5 15 1 0 0 0 0 0 0 0 0 8 11 16 13 14 16 16 16 16 13 2 0 0 0 0 0 0 0 0 0 0 0 0 0 0 0 0 0 0 0 0 0 0 0 0 0 0 0 0 0 1 14 6 0 0 3 16 13 1 0 0 0 0 0 
0 0 0 0 0 0 0 0 0 0 0 0 0 0 0 0 9 12 0 0 0 0 0 0 0 0 0 0 0 15 7 14 16 16 16 15 8 0 0 0 0 0 0 0 0 0 0 0 0 0 0 0 0 0 0 0 0 0 0 0 0 0 0 0 0 0 11 10 0 0 0 13 13 16 15 5 0 0 0 0 
0 0 0 0 0 0 0 0 0 0 0 0 0 0 0 0 0 13 9 0 0 0 0 0 0 0 0 0 0 12 11 3 16 16 15 10 12 5 7 0 0 0 0 0 0 0 0 0 0 0 0 0 0 0 0 0 0 0 9 9 3 0 0 0 0 5 14 1 0 0 9 12 0 5 15 16 10 1 0 0 
0 0 0 0 0 0 0 0 0 0 0 0 0 0 0 0 0 1 15 6 0 0 0 0 0 0 0 0 0 1 9 15 13 16 6 16 9 15 14 4 0 0 0 0 0 0 0 0 0 0 0 0 0 0 0 0 0 7 16 16 15 7 0 0 2 15 4 0 0 4 15 1 0 0 1 12 16 14 3 0 
0 0 0 0 0 0 0 0 0 0 0 0 0 0 0 0 0 0 3 15 4 0 0 0 0 0 0 0 0 0 0 4 15 16 15 10 13 7 15 2 0 0 0 0 0 0 0 0 0 0 0 0 0 0 0 0 4 16 16 16 16 13 12 1 13 8 0 0 1 14 5 0 0 0 0 0 7 16 16 8 
0 0 0 0 0 0 0 0 0 0 0 0 0 0 0 0 0 0 0 5 15 3 0 0 0 0 0 0 0 0 0 0 1 4 0 9 16 15 8 0 6 12 3 0 0 0 0 0 0 0 0 0 0 0 0 3 15 12 16 16 15 0 9 16 12 0 0 0 11 10 0 0 0 0 0 0 0 3 13 16 
0 0 0 0 0 0 0 0 0 0 0 0 0 0 0 0 0 0 0 0 6 15 0 0 0 0 0 0 0 0 0 0 0 0 0 15 13 9 0 0 14 9 8 0 0 0 0 0 0 0 0 0 0 0 0 10 7 8 16 16 9 0 0 0 0 0 0 4 13 1 0 0 0 0 0 0 0 0 0 6 
